Image_Name,Label,JSON_Path
E_0_0_0_L_M_N_N_1981_0_2017.bmp308278,Non-Alcohol,C:\PycharmProjects\Alcohol Detection\dataset\Grupo_0\E_0_0\IriTech\E_0_0_0\via_region_data.json
E_0_0_0_R_M_N_N_1981_0_2017.bmp308278,Non-Alcohol,C:\PycharmProjects\Alcohol Detection\dataset\Grupo_0\E_0_0\IriTech\E_0_0_0\via_region_data.json
E_0_0_0_L_M_N_N_1981_0_2017.bmp308278,Non-Alcohol,C:\PycharmProjects\Alcohol Detection\dataset\Grupo_0\E_0_0\IriTech\E_0_0_0\E_0_0_0_L_5\via_region_data.json
E_0_0_0_L_M_N_N_1981_1_2017.bmp308278,Non-Alcohol,C:\PycharmProjects\Alcohol Detection\dataset\Grupo_0\E_0_0\IriTech\E_0_0_0\E_0_0_0_L_5\via_region_data.json
E_0_0_0_L_M_N_N_1981_2_2017.bmp308278,Non-Alcohol,C:\PycharmProjects\Alcohol Detection\dataset\Grupo_0\E_0_0\IriTech\E_0_0_0\E_0_0_0_L_5\via_region_data.json
E_0_0_0_L_M_N_N_1981_3_2017.bmp308278,Non-Alcohol,C:\PycharmProjects\Alcohol Detection\dataset\Grupo_0\E_0_0\IriTech\E_0_0_0\E_0_0_0_L_5\via_region_data.json
E_0_0_0_L_M_N_N_1981_4_2017.bmp308278,Non-Alcohol,C:\PycharmProjects\Alcohol Detection\dataset\Grupo_0\E_0_0\IriTech\E_0_0_0\E_0_0_0_L_5\via_region_data.json
E_0_0_0_L_M_N_N_1981_5_2017.bmp308278,Non-Alcohol,C:\PycharmProjects\Alcohol Detection\dataset\Grupo_0\E_0_0\IriTech\E_0_0_0\E_0_0_0_L_5\via_region_data.json
E_0_0_0_L_M_N_N_1981_6_2017.bmp308278,Non-Alcohol,C:\PycharmProjects\Alcohol Detection\dataset\Grupo_0\E_0_0\IriTech\E_0_0_0\E_0_0_0_L_5\via_region_data.json
E_0_0_0_L_M_N_N_1981_7_2017.bmp308278,Non-Alcohol,C:\PycharmProjects\Alcohol Detection\dataset\Grupo_0\E_0_0\IriTech\E_0_0_0\E_0_0_0_L_5\via_region_data.json
E_0_0_0_L_M_N_N_1981_8_2017.bmp308278,Non-Alcohol,C:\PycharmProjects\Alcohol Detection\dataset\Grupo_0\E_0_0\IriTech\E_0_0_0\E_0_0_0_L_5\via_region_data.json
E_0_0_0_L_M_N_N_1981_9_2017.bmp308278,Non-Alcohol,C:\PycharmProjects\Alcohol Detection\dataset\Grupo_0\E_0_0\IriTech\E_0_0_0\E_0_0_0_L_5\via_region_data.json
E_0_0_0_L_M_N_N_1981_10_2017.bmp308278,Non-Alcohol,C:\PycharmProjects\Alcohol Detection\dataset\Grupo_0\E_0_0\IriTech\E_0_0_0\E_0_0_0_L_5\via_region_data.json
E_0_0_0_L_M_N_N_1981_11_2017.bmp308278,Non-Alcohol,C:\PycharmProjects\Alcohol Detection\dataset\Grupo_0\E_0_0\IriTech\E_0_0_0\E_0_0_0_L_5\via_region_data.json
E_0_0_0_L_M_N_N_1981_12_2017.bmp308278,Non-Alcohol,C:\PycharmProjects\Alcohol Detection\dataset\Grupo_0\E_0_0\IriTech\E_0_0_0\E_0_0_0_L_5\via_region_data.json
E_0_0_0_L_M_N_N_1981_13_2017.bmp308278,Non-Alcohol,C:\PycharmProjects\Alcohol Detection\dataset\Grupo_0\E_0_0\IriTech\E_0_0_0\E_0_0_0_L_5\via_region_data.json
E_0_0_0_L_M_N_N_1981_14_2017.bmp308278,Non-Alcohol,C:\PycharmProjects\Alcohol Detection\dataset\Grupo_0\E_0_0\IriTech\E_0_0_0\E_0_0_0_L_5\via_region_data.json
E_0_0_0_L_M_N_N_1981_15_2017.bmp308278,Non-Alcohol,C:\PycharmProjects\Alcohol Detection\dataset\Grupo_0\E_0_0\IriTech\E_0_0_0\E_0_0_0_L_5\via_region_data.json
E_0_0_0_L_M_N_N_1981_16_2017.bmp308278,Non-Alcohol,C:\PycharmProjects\Alcohol Detection\dataset\Grupo_0\E_0_0\IriTech\E_0_0_0\E_0_0_0_L_5\via_region_data.json
E_0_0_0_L_M_N_N_1981_17_2017.bmp308278,Non-Alcohol,C:\PycharmProjects\Alcohol Detection\dataset\Grupo_0\E_0_0\IriTech\E_0_0_0\E_0_0_0_L_5\via_region_data.json
E_0_0_0_L_M_N_N_1981_18_2017.bmp308278,Non-Alcohol,C:\PycharmProjects\Alcohol Detection\dataset\Grupo_0\E_0_0\IriTech\E_0_0_0\E_0_0_0_L_5\via_region_data.json
E_0_0_0_L_M_N_N_1981_19_2017.bmp308278,Non-Alcohol,C:\PycharmProjects\Alcohol Detection\dataset\Grupo_0\E_0_0\IriTech\E_0_0_0\E_0_0_0_L_5\via_region_data.json
E_0_0_0_L_M_N_N_1981_20_2017.bmp308278,Non-Alcohol,C:\PycharmProjects\Alcohol Detection\dataset\Grupo_0\E_0_0\IriTech\E_0_0_0\E_0_0_0_L_5\via_region_data.json
E_0_0_0_L_M_N_N_1981_21_2017.bmp308278,Non-Alcohol,C:\PycharmProjects\Alcohol Detection\dataset\Grupo_0\E_0_0\IriTech\E_0_0_0\E_0_0_0_L_5\via_region_data.json
E_0_0_0_L_M_N_N_1981_22_2017.bmp308278,Non-Alcohol,C:\PycharmProjects\Alcohol Detection\dataset\Grupo_0\E_0_0\IriTech\E_0_0_0\E_0_0_0_L_5\via_region_data.json
E_0_0_0_L_M_N_N_1981_23_2017.bmp308278,Non-Alcohol,C:\PycharmProjects\Alcohol Detection\dataset\Grupo_0\E_0_0\IriTech\E_0_0_0\E_0_0_0_L_5\via_region_data.json
E_0_0_0_L_M_N_N_1981_24_2017.bmp308278,Non-Alcohol,C:\PycharmProjects\Alcohol Detection\dataset\Grupo_0\E_0_0\IriTech\E_0_0_0\E_0_0_0_L_5\via_region_data.json
E_0_0_0_L_M_N_N_1981_25_2017.bmp308278,Non-Alcohol,C:\PycharmProjects\Alcohol Detection\dataset\Grupo_0\E_0_0\IriTech\E_0_0_0\E_0_0_0_L_5\via_region_data.json
E_0_0_0_L_M_N_N_1981_26_2017.bmp308278,Non-Alcohol,C:\PycharmProjects\Alcohol Detection\dataset\Grupo_0\E_0_0\IriTech\E_0_0_0\E_0_0_0_L_5\via_region_data.json
E_0_0_0_L_M_N_N_1981_27_2017.bmp308278,Non-Alcohol,C:\PycharmProjects\Alcohol Detection\dataset\Grupo_0\E_0_0\IriTech\E_0_0_0\E_0_0_0_L_5\via_region_data.json
E_0_0_0_L_M_N_N_1981_28_2017.bmp308278,Non-Alcohol,C:\PycharmProjects\Alcohol Detection\dataset\Grupo_0\E_0_0\IriTech\E_0_0_0\E_0_0_0_L_5\via_region_data.json
E_0_0_0_L_M_N_N_1981_29_2017.bmp308278,Non-Alcohol,C:\PycharmProjects\Alcohol Detection\dataset\Grupo_0\E_0_0\IriTech\E_0_0_0\E_0_0_0_L_5\via_region_data.json
E_0_0_0_L_M_N_N_1981_30_2017.bmp308278,Non-Alcohol,C:\PycharmProjects\Alcohol Detection\dataset\Grupo_0\E_0_0\IriTech\E_0_0_0\E_0_0_0_L_5\via_region_data.json
E_0_0_0_L_M_N_N_1981_31_2017.bmp308278,Non-Alcohol,C:\PycharmProjects\Alcohol Detection\dataset\Grupo_0\E_0_0\IriTech\E_0_0_0\E_0_0_0_L_5\via_region_data.json
E_0_0_0_L_M_N_N_1981_32_2017.bmp308278,Non-Alcohol,C:\PycharmProjects\Alcohol Detection\dataset\Grupo_0\E_0_0\IriTech\E_0_0_0\E_0_0_0_L_5\via_region_data.json
E_0_0_0_L_M_N_N_1981_33_2017.bmp308278,Non-Alcohol,C:\PycharmProjects\Alcohol Detection\dataset\Grupo_0\E_0_0\IriTech\E_0_0_0\E_0_0_0_L_5\via_region_data.json
E_0_0_0_L_M_N_N_1981_34_2017.bmp308278,Non-Alcohol,C:\PycharmProjects\Alcohol Detection\dataset\Grupo_0\E_0_0\IriTech\E_0_0_0\E_0_0_0_L_5\via_region_data.json
E_0_0_0_L_M_N_N_1981_35_2017.bmp308278,Non-Alcohol,C:\PycharmProjects\Alcohol Detection\dataset\Grupo_0\E_0_0\IriTech\E_0_0_0\E_0_0_0_L_5\via_region_data.json
E_0_0_0_L_M_N_N_1981_36_2017.bmp308278,Non-Alcohol,C:\PycharmProjects\Alcohol Detection\dataset\Grupo_0\E_0_0\IriTech\E_0_0_0\E_0_0_0_L_5\via_region_data.json
E_0_0_0_L_M_N_N_1981_37_2017.bmp308278,Non-Alcohol,C:\PycharmProjects\Alcohol Detection\dataset\Grupo_0\E_0_0\IriTech\E_0_0_0\E_0_0_0_L_5\via_region_data.json
E_0_0_0_L_M_N_N_1981_38_2017.bmp308278,Non-Alcohol,C:\PycharmProjects\Alcohol Detection\dataset\Grupo_0\E_0_0\IriTech\E_0_0_0\E_0_0_0_L_5\via_region_data.json
E_0_0_0_L_M_N_N_1981_39_2017.bmp308278,Non-Alcohol,C:\PycharmProjects\Alcohol Detection\dataset\Grupo_0\E_0_0\IriTech\E_0_0_0\E_0_0_0_L_5\via_region_data.json
E_0_0_0_L_M_N_N_1981_40_2017.bmp308278,Non-Alcohol,C:\PycharmProjects\Alcohol Detection\dataset\Grupo_0\E_0_0\IriTech\E_0_0_0\E_0_0_0_L_5\via_region_data.json
E_0_0_0_L_M_N_N_1981_41_2017.bmp308278,Non-Alcohol,C:\PycharmProjects\Alcohol Detection\dataset\Grupo_0\E_0_0\IriTech\E_0_0_0\E_0_0_0_L_5\via_region_data.json
E_0_0_0_L_M_N_N_1981_42_2017.bmp308278,Non-Alcohol,C:\PycharmProjects\Alcohol Detection\dataset\Grupo_0\E_0_0\IriTech\E_0_0_0\E_0_0_0_L_5\via_region_data.json
E_0_0_0_L_M_N_N_1981_43_2017.bmp308278,Non-Alcohol,C:\PycharmProjects\Alcohol Detection\dataset\Grupo_0\E_0_0\IriTech\E_0_0_0\E_0_0_0_L_5\via_region_data.json
E_0_0_0_L_M_N_N_1981_44_2017.bmp308278,Non-Alcohol,C:\PycharmProjects\Alcohol Detection\dataset\Grupo_0\E_0_0\IriTech\E_0_0_0\E_0_0_0_L_5\via_region_data.json
E_0_0_0_L_M_N_N_1981_45_2017.bmp308278,Non-Alcohol,C:\PycharmProjects\Alcohol Detection\dataset\Grupo_0\E_0_0\IriTech\E_0_0_0\E_0_0_0_L_5\via_region_data.json
E_0_0_0_L_M_N_N_1981_46_2017.bmp308278,Non-Alcohol,C:\PycharmProjects\Alcohol Detection\dataset\Grupo_0\E_0_0\IriTech\E_0_0_0\E_0_0_0_L_5\via_region_data.json
E_0_0_0_L_M_N_N_1981_47_2017.bmp308278,Non-Alcohol,C:\PycharmProjects\Alcohol Detection\dataset\Grupo_0\E_0_0\IriTech\E_0_0_0\E_0_0_0_L_5\via_region_data.json
E_0_0_0_L_M_N_N_1981_48_2017.bmp308278,Non-Alcohol,C:\PycharmProjects\Alcohol Detection\dataset\Grupo_0\E_0_0\IriTech\E_0_0_0\E_0_0_0_L_5\via_region_data.json
E_0_0_0_L_M_N_N_1981_49_2017.bmp308278,Non-Alcohol,C:\PycharmProjects\Alcohol Detection\dataset\Grupo_0\E_0_0\IriTech\E_0_0_0\E_0_0_0_L_5\via_region_data.json
E_0_0_0_L_M_N_N_1981_50_2017.bmp308278,Non-Alcohol,C:\PycharmProjects\Alcohol Detection\dataset\Grupo_0\E_0_0\IriTech\E_0_0_0\E_0_0_0_L_5\via_region_data.json
E_0_0_0_L_M_N_N_1981_51_2017.bmp308278,Non-Alcohol,C:\PycharmProjects\Alcohol Detection\dataset\Grupo_0\E_0_0\IriTech\E_0_0_0\E_0_0_0_L_5\via_region_data.json
E_0_0_0_L_M_N_N_1981_52_2017.bmp308278,Non-Alcohol,C:\PycharmProjects\Alcohol Detection\dataset\Grupo_0\E_0_0\IriTech\E_0_0_0\E_0_0_0_L_5\via_region_data.json
E_0_0_0_L_M_N_N_1981_53_2017.bmp308278,Non-Alcohol,C:\PycharmProjects\Alcohol Detection\dataset\Grupo_0\E_0_0\IriTech\E_0_0_0\E_0_0_0_L_5\via_region_data.json
E_0_0_0_L_M_N_N_1981_54_2017.bmp308278,Non-Alcohol,C:\PycharmProjects\Alcohol Detection\dataset\Grupo_0\E_0_0\IriTech\E_0_0_0\E_0_0_0_L_5\via_region_data.json
E_0_0_0_L_M_N_N_1981_55_2017.bmp308278,Non-Alcohol,C:\PycharmProjects\Alcohol Detection\dataset\Grupo_0\E_0_0\IriTech\E_0_0_0\E_0_0_0_L_5\via_region_data.json
E_0_0_0_L_M_N_N_1981_56_2017.bmp308278,Non-Alcohol,C:\PycharmProjects\Alcohol Detection\dataset\Grupo_0\E_0_0\IriTech\E_0_0_0\E_0_0_0_L_5\via_region_data.json
E_0_0_0_L_M_N_N_1981_57_2017.bmp308278,Non-Alcohol,C:\PycharmProjects\Alcohol Detection\dataset\Grupo_0\E_0_0\IriTech\E_0_0_0\E_0_0_0_L_5\via_region_data.json
E_0_0_0_L_M_N_N_1981_58_2017.bmp308278,Non-Alcohol,C:\PycharmProjects\Alcohol Detection\dataset\Grupo_0\E_0_0\IriTech\E_0_0_0\E_0_0_0_L_5\via_region_data.json
E_0_0_0_L_M_N_N_1981_59_2017.bmp308278,Non-Alcohol,C:\PycharmProjects\Alcohol Detection\dataset\Grupo_0\E_0_0\IriTech\E_0_0_0\E_0_0_0_L_5\via_region_data.json
E_0_0_0_L_M_N_N_1981_60_2017.bmp308278,Non-Alcohol,C:\PycharmProjects\Alcohol Detection\dataset\Grupo_0\E_0_0\IriTech\E_0_0_0\E_0_0_0_L_5\via_region_data.json
E_0_0_0_L_M_N_N_1981_61_2017.bmp308278,Non-Alcohol,C:\PycharmProjects\Alcohol Detection\dataset\Grupo_0\E_0_0\IriTech\E_0_0_0\E_0_0_0_L_5\via_region_data.json
E_0_0_0_L_M_N_N_1981_62_2017.bmp308278,Non-Alcohol,C:\PycharmProjects\Alcohol Detection\dataset\Grupo_0\E_0_0\IriTech\E_0_0_0\E_0_0_0_L_5\via_region_data.json
E_0_0_0_L_M_N_N_1981_63_2017.bmp308278,Non-Alcohol,C:\PycharmProjects\Alcohol Detection\dataset\Grupo_0\E_0_0\IriTech\E_0_0_0\E_0_0_0_L_5\via_region_data.json
E_0_0_0_L_M_N_N_1981_64_2017.bmp308278,Non-Alcohol,C:\PycharmProjects\Alcohol Detection\dataset\Grupo_0\E_0_0\IriTech\E_0_0_0\E_0_0_0_L_5\via_region_data.json
E_0_0_0_L_M_N_N_1981_65_2017.bmp308278,Non-Alcohol,C:\PycharmProjects\Alcohol Detection\dataset\Grupo_0\E_0_0\IriTech\E_0_0_0\E_0_0_0_L_5\via_region_data.json
E_0_0_0_L_M_N_N_1981_66_2017.bmp308278,Non-Alcohol,C:\PycharmProjects\Alcohol Detection\dataset\Grupo_0\E_0_0\IriTech\E_0_0_0\E_0_0_0_L_5\via_region_data.json
E_0_0_0_L_M_N_N_1981_67_2017.bmp308278,Non-Alcohol,C:\PycharmProjects\Alcohol Detection\dataset\Grupo_0\E_0_0\IriTech\E_0_0_0\E_0_0_0_L_5\via_region_data.json
E_0_0_0_L_M_N_N_1981_68_2017.bmp308278,Non-Alcohol,C:\PycharmProjects\Alcohol Detection\dataset\Grupo_0\E_0_0\IriTech\E_0_0_0\E_0_0_0_L_5\via_region_data.json
E_0_0_0_L_M_N_N_1981_69_2017.bmp308278,Non-Alcohol,C:\PycharmProjects\Alcohol Detection\dataset\Grupo_0\E_0_0\IriTech\E_0_0_0\E_0_0_0_L_5\via_region_data.json
E_0_0_0_L_M_N_N_1981_70_2017.bmp308278,Non-Alcohol,C:\PycharmProjects\Alcohol Detection\dataset\Grupo_0\E_0_0\IriTech\E_0_0_0\E_0_0_0_L_5\via_region_data.json
E_0_0_0_L_M_N_N_1981_71_2017.bmp308278,Non-Alcohol,C:\PycharmProjects\Alcohol Detection\dataset\Grupo_0\E_0_0\IriTech\E_0_0_0\E_0_0_0_L_5\via_region_data.json
E_0_0_0_L_M_N_N_1981_72_2017.bmp308278,Non-Alcohol,C:\PycharmProjects\Alcohol Detection\dataset\Grupo_0\E_0_0\IriTech\E_0_0_0\E_0_0_0_L_5\via_region_data.json
E_0_0_0_R_M_N_N_1981_0_2017.bmp308278,Non-Alcohol,C:\PycharmProjects\Alcohol Detection\dataset\Grupo_0\E_0_0\IriTech\E_0_0_0\E_0_0_0_R_5\via_region_data.json
E_0_0_0_R_M_N_N_1981_1_2017.bmp308278,Non-Alcohol,C:\PycharmProjects\Alcohol Detection\dataset\Grupo_0\E_0_0\IriTech\E_0_0_0\E_0_0_0_R_5\via_region_data.json
E_0_0_0_R_M_N_N_1981_2_2017.bmp308278,Non-Alcohol,C:\PycharmProjects\Alcohol Detection\dataset\Grupo_0\E_0_0\IriTech\E_0_0_0\E_0_0_0_R_5\via_region_data.json
E_0_0_0_R_M_N_N_1981_3_2017.bmp308278,Non-Alcohol,C:\PycharmProjects\Alcohol Detection\dataset\Grupo_0\E_0_0\IriTech\E_0_0_0\E_0_0_0_R_5\via_region_data.json
E_0_0_0_R_M_N_N_1981_4_2017.bmp308278,Non-Alcohol,C:\PycharmProjects\Alcohol Detection\dataset\Grupo_0\E_0_0\IriTech\E_0_0_0\E_0_0_0_R_5\via_region_data.json
E_0_0_0_R_M_N_N_1981_5_2017.bmp308278,Non-Alcohol,C:\PycharmProjects\Alcohol Detection\dataset\Grupo_0\E_0_0\IriTech\E_0_0_0\E_0_0_0_R_5\via_region_data.json
E_0_0_0_R_M_N_N_1981_6_2017.bmp308278,Non-Alcohol,C:\PycharmProjects\Alcohol Detection\dataset\Grupo_0\E_0_0\IriTech\E_0_0_0\E_0_0_0_R_5\via_region_data.json
E_0_0_0_R_M_N_N_1981_7_2017.bmp308278,Non-Alcohol,C:\PycharmProjects\Alcohol Detection\dataset\Grupo_0\E_0_0\IriTech\E_0_0_0\E_0_0_0_R_5\via_region_data.json
E_0_0_0_R_M_N_N_1981_8_2017.bmp308278,Non-Alcohol,C:\PycharmProjects\Alcohol Detection\dataset\Grupo_0\E_0_0\IriTech\E_0_0_0\E_0_0_0_R_5\via_region_data.json
E_0_0_0_R_M_N_N_1981_9_2017.bmp308278,Non-Alcohol,C:\PycharmProjects\Alcohol Detection\dataset\Grupo_0\E_0_0\IriTech\E_0_0_0\E_0_0_0_R_5\via_region_data.json
E_0_0_0_R_M_N_N_1981_10_2017.bmp308278,Non-Alcohol,C:\PycharmProjects\Alcohol Detection\dataset\Grupo_0\E_0_0\IriTech\E_0_0_0\E_0_0_0_R_5\via_region_data.json
E_0_0_0_R_M_N_N_1981_11_2017.bmp308278,Non-Alcohol,C:\PycharmProjects\Alcohol Detection\dataset\Grupo_0\E_0_0\IriTech\E_0_0_0\E_0_0_0_R_5\via_region_data.json
E_0_0_0_R_M_N_N_1981_12_2017.bmp308278,Non-Alcohol,C:\PycharmProjects\Alcohol Detection\dataset\Grupo_0\E_0_0\IriTech\E_0_0_0\E_0_0_0_R_5\via_region_data.json
E_0_0_0_R_M_N_N_1981_13_2017.bmp308278,Non-Alcohol,C:\PycharmProjects\Alcohol Detection\dataset\Grupo_0\E_0_0\IriTech\E_0_0_0\E_0_0_0_R_5\via_region_data.json
E_0_0_0_R_M_N_N_1981_14_2017.bmp308278,Non-Alcohol,C:\PycharmProjects\Alcohol Detection\dataset\Grupo_0\E_0_0\IriTech\E_0_0_0\E_0_0_0_R_5\via_region_data.json
E_0_0_0_R_M_N_N_1981_15_2017.bmp308278,Non-Alcohol,C:\PycharmProjects\Alcohol Detection\dataset\Grupo_0\E_0_0\IriTech\E_0_0_0\E_0_0_0_R_5\via_region_data.json
E_0_0_0_R_M_N_N_1981_16_2017.bmp308278,Non-Alcohol,C:\PycharmProjects\Alcohol Detection\dataset\Grupo_0\E_0_0\IriTech\E_0_0_0\E_0_0_0_R_5\via_region_data.json
E_0_0_0_R_M_N_N_1981_17_2017.bmp308278,Non-Alcohol,C:\PycharmProjects\Alcohol Detection\dataset\Grupo_0\E_0_0\IriTech\E_0_0_0\E_0_0_0_R_5\via_region_data.json
E_0_0_0_R_M_N_N_1981_18_2017.bmp308278,Non-Alcohol,C:\PycharmProjects\Alcohol Detection\dataset\Grupo_0\E_0_0\IriTech\E_0_0_0\E_0_0_0_R_5\via_region_data.json
E_0_0_0_R_M_N_N_1981_19_2017.bmp308278,Non-Alcohol,C:\PycharmProjects\Alcohol Detection\dataset\Grupo_0\E_0_0\IriTech\E_0_0_0\E_0_0_0_R_5\via_region_data.json
E_0_0_0_R_M_N_N_1981_20_2017.bmp308278,Non-Alcohol,C:\PycharmProjects\Alcohol Detection\dataset\Grupo_0\E_0_0\IriTech\E_0_0_0\E_0_0_0_R_5\via_region_data.json
E_0_0_0_R_M_N_N_1981_21_2017.bmp308278,Non-Alcohol,C:\PycharmProjects\Alcohol Detection\dataset\Grupo_0\E_0_0\IriTech\E_0_0_0\E_0_0_0_R_5\via_region_data.json
E_0_0_0_R_M_N_N_1981_22_2017.bmp308278,Non-Alcohol,C:\PycharmProjects\Alcohol Detection\dataset\Grupo_0\E_0_0\IriTech\E_0_0_0\E_0_0_0_R_5\via_region_data.json
E_0_0_0_R_M_N_N_1981_23_2017.bmp308278,Non-Alcohol,C:\PycharmProjects\Alcohol Detection\dataset\Grupo_0\E_0_0\IriTech\E_0_0_0\E_0_0_0_R_5\via_region_data.json
E_0_0_0_R_M_N_N_1981_24_2017.bmp308278,Non-Alcohol,C:\PycharmProjects\Alcohol Detection\dataset\Grupo_0\E_0_0\IriTech\E_0_0_0\E_0_0_0_R_5\via_region_data.json
E_0_0_0_R_M_N_N_1981_25_2017.bmp308278,Non-Alcohol,C:\PycharmProjects\Alcohol Detection\dataset\Grupo_0\E_0_0\IriTech\E_0_0_0\E_0_0_0_R_5\via_region_data.json
E_0_0_0_R_M_N_N_1981_26_2017.bmp308278,Non-Alcohol,C:\PycharmProjects\Alcohol Detection\dataset\Grupo_0\E_0_0\IriTech\E_0_0_0\E_0_0_0_R_5\via_region_data.json
E_0_0_0_R_M_N_N_1981_27_2017.bmp308278,Non-Alcohol,C:\PycharmProjects\Alcohol Detection\dataset\Grupo_0\E_0_0\IriTech\E_0_0_0\E_0_0_0_R_5\via_region_data.json
E_0_0_0_R_M_N_N_1981_28_2017.bmp308278,Non-Alcohol,C:\PycharmProjects\Alcohol Detection\dataset\Grupo_0\E_0_0\IriTech\E_0_0_0\E_0_0_0_R_5\via_region_data.json
E_0_0_0_R_M_N_N_1981_29_2017.bmp308278,Non-Alcohol,C:\PycharmProjects\Alcohol Detection\dataset\Grupo_0\E_0_0\IriTech\E_0_0_0\E_0_0_0_R_5\via_region_data.json
E_0_0_0_R_M_N_N_1981_30_2017.bmp308278,Non-Alcohol,C:\PycharmProjects\Alcohol Detection\dataset\Grupo_0\E_0_0\IriTech\E_0_0_0\E_0_0_0_R_5\via_region_data.json
E_0_0_0_R_M_N_N_1981_31_2017.bmp308278,Non-Alcohol,C:\PycharmProjects\Alcohol Detection\dataset\Grupo_0\E_0_0\IriTech\E_0_0_0\E_0_0_0_R_5\via_region_data.json
E_0_0_0_R_M_N_N_1981_32_2017.bmp308278,Non-Alcohol,C:\PycharmProjects\Alcohol Detection\dataset\Grupo_0\E_0_0\IriTech\E_0_0_0\E_0_0_0_R_5\via_region_data.json
E_0_0_0_R_M_N_N_1981_33_2017.bmp308278,Non-Alcohol,C:\PycharmProjects\Alcohol Detection\dataset\Grupo_0\E_0_0\IriTech\E_0_0_0\E_0_0_0_R_5\via_region_data.json
E_0_0_0_R_M_N_N_1981_34_2017.bmp308278,Non-Alcohol,C:\PycharmProjects\Alcohol Detection\dataset\Grupo_0\E_0_0\IriTech\E_0_0_0\E_0_0_0_R_5\via_region_data.json
E_0_0_0_R_M_N_N_1981_35_2017.bmp308278,Non-Alcohol,C:\PycharmProjects\Alcohol Detection\dataset\Grupo_0\E_0_0\IriTech\E_0_0_0\E_0_0_0_R_5\via_region_data.json
E_0_0_0_R_M_N_N_1981_36_2017.bmp308278,Non-Alcohol,C:\PycharmProjects\Alcohol Detection\dataset\Grupo_0\E_0_0\IriTech\E_0_0_0\E_0_0_0_R_5\via_region_data.json
E_0_0_0_R_M_N_N_1981_37_2017.bmp308278,Non-Alcohol,C:\PycharmProjects\Alcohol Detection\dataset\Grupo_0\E_0_0\IriTech\E_0_0_0\E_0_0_0_R_5\via_region_data.json
E_0_0_0_R_M_N_N_1981_38_2017.bmp308278,Non-Alcohol,C:\PycharmProjects\Alcohol Detection\dataset\Grupo_0\E_0_0\IriTech\E_0_0_0\E_0_0_0_R_5\via_region_data.json
E_0_0_0_R_M_N_N_1981_39_2017.bmp308278,Non-Alcohol,C:\PycharmProjects\Alcohol Detection\dataset\Grupo_0\E_0_0\IriTech\E_0_0_0\E_0_0_0_R_5\via_region_data.json
E_0_0_0_R_M_N_N_1981_40_2017.bmp308278,Non-Alcohol,C:\PycharmProjects\Alcohol Detection\dataset\Grupo_0\E_0_0\IriTech\E_0_0_0\E_0_0_0_R_5\via_region_data.json
E_0_0_0_R_M_N_N_1981_41_2017.bmp308278,Non-Alcohol,C:\PycharmProjects\Alcohol Detection\dataset\Grupo_0\E_0_0\IriTech\E_0_0_0\E_0_0_0_R_5\via_region_data.json
E_0_0_0_R_M_N_N_1981_42_2017.bmp308278,Non-Alcohol,C:\PycharmProjects\Alcohol Detection\dataset\Grupo_0\E_0_0\IriTech\E_0_0_0\E_0_0_0_R_5\via_region_data.json
E_0_0_0_R_M_N_N_1981_43_2017.bmp308278,Non-Alcohol,C:\PycharmProjects\Alcohol Detection\dataset\Grupo_0\E_0_0\IriTech\E_0_0_0\E_0_0_0_R_5\via_region_data.json
E_0_0_0_R_M_N_N_1981_44_2017.bmp308278,Non-Alcohol,C:\PycharmProjects\Alcohol Detection\dataset\Grupo_0\E_0_0\IriTech\E_0_0_0\E_0_0_0_R_5\via_region_data.json
E_0_0_0_R_M_N_N_1981_45_2017.bmp308278,Non-Alcohol,C:\PycharmProjects\Alcohol Detection\dataset\Grupo_0\E_0_0\IriTech\E_0_0_0\E_0_0_0_R_5\via_region_data.json
E_0_0_0_R_M_N_N_1981_46_2017.bmp308278,Non-Alcohol,C:\PycharmProjects\Alcohol Detection\dataset\Grupo_0\E_0_0\IriTech\E_0_0_0\E_0_0_0_R_5\via_region_data.json
E_0_0_0_R_M_N_N_1981_47_2017.bmp308278,Non-Alcohol,C:\PycharmProjects\Alcohol Detection\dataset\Grupo_0\E_0_0\IriTech\E_0_0_0\E_0_0_0_R_5\via_region_data.json
E_0_0_0_R_M_N_N_1981_48_2017.bmp308278,Non-Alcohol,C:\PycharmProjects\Alcohol Detection\dataset\Grupo_0\E_0_0\IriTech\E_0_0_0\E_0_0_0_R_5\via_region_data.json
E_0_0_0_R_M_N_N_1981_49_2017.bmp308278,Non-Alcohol,C:\PycharmProjects\Alcohol Detection\dataset\Grupo_0\E_0_0\IriTech\E_0_0_0\E_0_0_0_R_5\via_region_data.json
E_0_0_0_R_M_N_N_1981_50_2017.bmp308278,Non-Alcohol,C:\PycharmProjects\Alcohol Detection\dataset\Grupo_0\E_0_0\IriTech\E_0_0_0\E_0_0_0_R_5\via_region_data.json
E_0_0_0_R_M_N_N_1981_51_2017.bmp308278,Non-Alcohol,C:\PycharmProjects\Alcohol Detection\dataset\Grupo_0\E_0_0\IriTech\E_0_0_0\E_0_0_0_R_5\via_region_data.json
E_0_0_0_R_M_N_N_1981_52_2017.bmp308278,Non-Alcohol,C:\PycharmProjects\Alcohol Detection\dataset\Grupo_0\E_0_0\IriTech\E_0_0_0\E_0_0_0_R_5\via_region_data.json
E_0_0_0_R_M_N_N_1981_53_2017.bmp308278,Non-Alcohol,C:\PycharmProjects\Alcohol Detection\dataset\Grupo_0\E_0_0\IriTech\E_0_0_0\E_0_0_0_R_5\via_region_data.json
E_0_0_0_R_M_N_N_1981_54_2017.bmp308278,Non-Alcohol,C:\PycharmProjects\Alcohol Detection\dataset\Grupo_0\E_0_0\IriTech\E_0_0_0\E_0_0_0_R_5\via_region_data.json
E_0_0_0_R_M_N_N_1981_55_2017.bmp308278,Non-Alcohol,C:\PycharmProjects\Alcohol Detection\dataset\Grupo_0\E_0_0\IriTech\E_0_0_0\E_0_0_0_R_5\via_region_data.json
E_0_0_0_R_M_N_N_1981_56_2017.bmp308278,Non-Alcohol,C:\PycharmProjects\Alcohol Detection\dataset\Grupo_0\E_0_0\IriTech\E_0_0_0\E_0_0_0_R_5\via_region_data.json
E_0_0_0_R_M_N_N_1981_57_2017.bmp308278,Non-Alcohol,C:\PycharmProjects\Alcohol Detection\dataset\Grupo_0\E_0_0\IriTech\E_0_0_0\E_0_0_0_R_5\via_region_data.json
E_0_0_0_R_M_N_N_1981_58_2017.bmp308278,Non-Alcohol,C:\PycharmProjects\Alcohol Detection\dataset\Grupo_0\E_0_0\IriTech\E_0_0_0\E_0_0_0_R_5\via_region_data.json
E_0_0_0_R_M_N_N_1981_59_2017.bmp308278,Non-Alcohol,C:\PycharmProjects\Alcohol Detection\dataset\Grupo_0\E_0_0\IriTech\E_0_0_0\E_0_0_0_R_5\via_region_data.json
E_0_0_0_R_M_N_N_1981_60_2017.bmp308278,Non-Alcohol,C:\PycharmProjects\Alcohol Detection\dataset\Grupo_0\E_0_0\IriTech\E_0_0_0\E_0_0_0_R_5\via_region_data.json
E_0_0_0_R_M_N_N_1981_61_2017.bmp308278,Non-Alcohol,C:\PycharmProjects\Alcohol Detection\dataset\Grupo_0\E_0_0\IriTech\E_0_0_0\E_0_0_0_R_5\via_region_data.json
E_0_0_0_R_M_N_N_1981_62_2017.bmp308278,Non-Alcohol,C:\PycharmProjects\Alcohol Detection\dataset\Grupo_0\E_0_0\IriTech\E_0_0_0\E_0_0_0_R_5\via_region_data.json
E_0_0_0_R_M_N_N_1981_63_2017.bmp308278,Non-Alcohol,C:\PycharmProjects\Alcohol Detection\dataset\Grupo_0\E_0_0\IriTech\E_0_0_0\E_0_0_0_R_5\via_region_data.json
E_0_0_0_R_M_N_N_1981_64_2017.bmp308278,Non-Alcohol,C:\PycharmProjects\Alcohol Detection\dataset\Grupo_0\E_0_0\IriTech\E_0_0_0\E_0_0_0_R_5\via_region_data.json
E_0_0_0_R_M_N_N_1981_65_2017.bmp308278,Non-Alcohol,C:\PycharmProjects\Alcohol Detection\dataset\Grupo_0\E_0_0\IriTech\E_0_0_0\E_0_0_0_R_5\via_region_data.json
E_0_0_0_R_M_N_N_1981_66_2017.bmp308278,Non-Alcohol,C:\PycharmProjects\Alcohol Detection\dataset\Grupo_0\E_0_0\IriTech\E_0_0_0\E_0_0_0_R_5\via_region_data.json
E_0_0_0_R_M_N_N_1981_67_2017.bmp308278,Non-Alcohol,C:\PycharmProjects\Alcohol Detection\dataset\Grupo_0\E_0_0\IriTech\E_0_0_0\E_0_0_0_R_5\via_region_data.json
E_0_0_0_R_M_N_N_1981_68_2017.bmp308278,Non-Alcohol,C:\PycharmProjects\Alcohol Detection\dataset\Grupo_0\E_0_0\IriTech\E_0_0_0\E_0_0_0_R_5\via_region_data.json
E_0_0_0_R_M_N_N_1981_69_2017.bmp308278,Non-Alcohol,C:\PycharmProjects\Alcohol Detection\dataset\Grupo_0\E_0_0\IriTech\E_0_0_0\E_0_0_0_R_5\via_region_data.json
E_0_0_0_R_M_N_N_1981_70_2017.bmp308278,Non-Alcohol,C:\PycharmProjects\Alcohol Detection\dataset\Grupo_0\E_0_0\IriTech\E_0_0_0\E_0_0_0_R_5\via_region_data.json
E_0_0_0_R_M_N_N_1981_71_2017.bmp308278,Non-Alcohol,C:\PycharmProjects\Alcohol Detection\dataset\Grupo_0\E_0_0\IriTech\E_0_0_0\E_0_0_0_R_5\via_region_data.json
E_0_0_0_R_M_N_N_1981_72_2017.bmp308278,Non-Alcohol,C:\PycharmProjects\Alcohol Detection\dataset\Grupo_0\E_0_0\IriTech\E_0_0_0\E_0_0_0_R_5\via_region_data.json
E_0_0_0_R_M_N_N_1981_73_2017.bmp308278,Non-Alcohol,C:\PycharmProjects\Alcohol Detection\dataset\Grupo_0\E_0_0\IriTech\E_0_0_0\E_0_0_0_R_5\via_region_data.json
E_0_0_0_R_M_N_N_1981_74_2017.bmp308278,Non-Alcohol,C:\PycharmProjects\Alcohol Detection\dataset\Grupo_0\E_0_0\IriTech\E_0_0_0\E_0_0_0_R_5\via_region_data.json
E_0_0_0_R_M_N_N_1981_75_2017.bmp308278,Non-Alcohol,C:\PycharmProjects\Alcohol Detection\dataset\Grupo_0\E_0_0\IriTech\E_0_0_0\E_0_0_0_R_5\via_region_data.json
E_0_0_0_R_M_N_N_1981_76_2017.bmp308278,Non-Alcohol,C:\PycharmProjects\Alcohol Detection\dataset\Grupo_0\E_0_0\IriTech\E_0_0_0\E_0_0_0_R_5\via_region_data.json
E_0_0_0_R_M_N_N_1981_77_2017.bmp308278,Non-Alcohol,C:\PycharmProjects\Alcohol Detection\dataset\Grupo_0\E_0_0\IriTech\E_0_0_0\E_0_0_0_R_5\via_region_data.json
E_0_0_0_R_M_N_N_1981_78_2017.bmp308278,Non-Alcohol,C:\PycharmProjects\Alcohol Detection\dataset\Grupo_0\E_0_0\IriTech\E_0_0_0\E_0_0_0_R_5\via_region_data.json
E_0_0_1_L_M_N_N_1981_0_2017.bmp308278,Non-Alcohol,C:\PycharmProjects\Alcohol Detection\dataset\Grupo_0\E_0_0\IriTech\E_0_0_1\via_region_data.json
E_0_0_1_R_M_N_N_1981_0_2017.bmp308278,Non-Alcohol,C:\PycharmProjects\Alcohol Detection\dataset\Grupo_0\E_0_0\IriTech\E_0_0_1\via_region_data.json
E_0_0_1_L_M_N_N_1981_0_2017.bmp308278,Non-Alcohol,C:\PycharmProjects\Alcohol Detection\dataset\Grupo_0\E_0_0\IriTech\E_0_0_1\E_0_0_1_L_5\via_region_data.json
E_0_0_1_L_M_N_N_1981_1_2017.bmp308278,Non-Alcohol,C:\PycharmProjects\Alcohol Detection\dataset\Grupo_0\E_0_0\IriTech\E_0_0_1\E_0_0_1_L_5\via_region_data.json
E_0_0_1_L_M_N_N_1981_2_2017.bmp308278,Non-Alcohol,C:\PycharmProjects\Alcohol Detection\dataset\Grupo_0\E_0_0\IriTech\E_0_0_1\E_0_0_1_L_5\via_region_data.json
E_0_0_1_L_M_N_N_1981_3_2017.bmp308278,Non-Alcohol,C:\PycharmProjects\Alcohol Detection\dataset\Grupo_0\E_0_0\IriTech\E_0_0_1\E_0_0_1_L_5\via_region_data.json
E_0_0_1_L_M_N_N_1981_4_2017.bmp308278,Non-Alcohol,C:\PycharmProjects\Alcohol Detection\dataset\Grupo_0\E_0_0\IriTech\E_0_0_1\E_0_0_1_L_5\via_region_data.json
E_0_0_1_L_M_N_N_1981_5_2017.bmp308278,Non-Alcohol,C:\PycharmProjects\Alcohol Detection\dataset\Grupo_0\E_0_0\IriTech\E_0_0_1\E_0_0_1_L_5\via_region_data.json
E_0_0_1_L_M_N_N_1981_6_2017.bmp308278,Non-Alcohol,C:\PycharmProjects\Alcohol Detection\dataset\Grupo_0\E_0_0\IriTech\E_0_0_1\E_0_0_1_L_5\via_region_data.json
E_0_0_1_L_M_N_N_1981_7_2017.bmp308278,Non-Alcohol,C:\PycharmProjects\Alcohol Detection\dataset\Grupo_0\E_0_0\IriTech\E_0_0_1\E_0_0_1_L_5\via_region_data.json
E_0_0_1_L_M_N_N_1981_8_2017.bmp308278,Non-Alcohol,C:\PycharmProjects\Alcohol Detection\dataset\Grupo_0\E_0_0\IriTech\E_0_0_1\E_0_0_1_L_5\via_region_data.json
E_0_0_1_L_M_N_N_1981_9_2017.bmp308278,Non-Alcohol,C:\PycharmProjects\Alcohol Detection\dataset\Grupo_0\E_0_0\IriTech\E_0_0_1\E_0_0_1_L_5\via_region_data.json
E_0_0_1_L_M_N_N_1981_10_2017.bmp308278,Non-Alcohol,C:\PycharmProjects\Alcohol Detection\dataset\Grupo_0\E_0_0\IriTech\E_0_0_1\E_0_0_1_L_5\via_region_data.json
E_0_0_1_L_M_N_N_1981_11_2017.bmp308278,Non-Alcohol,C:\PycharmProjects\Alcohol Detection\dataset\Grupo_0\E_0_0\IriTech\E_0_0_1\E_0_0_1_L_5\via_region_data.json
E_0_0_1_L_M_N_N_1981_12_2017.bmp308278,Non-Alcohol,C:\PycharmProjects\Alcohol Detection\dataset\Grupo_0\E_0_0\IriTech\E_0_0_1\E_0_0_1_L_5\via_region_data.json
E_0_0_1_L_M_N_N_1981_13_2017.bmp308278,Non-Alcohol,C:\PycharmProjects\Alcohol Detection\dataset\Grupo_0\E_0_0\IriTech\E_0_0_1\E_0_0_1_L_5\via_region_data.json
E_0_0_1_L_M_N_N_1981_14_2017.bmp308278,Non-Alcohol,C:\PycharmProjects\Alcohol Detection\dataset\Grupo_0\E_0_0\IriTech\E_0_0_1\E_0_0_1_L_5\via_region_data.json
E_0_0_1_L_M_N_N_1981_15_2017.bmp308278,Non-Alcohol,C:\PycharmProjects\Alcohol Detection\dataset\Grupo_0\E_0_0\IriTech\E_0_0_1\E_0_0_1_L_5\via_region_data.json
E_0_0_1_L_M_N_N_1981_16_2017.bmp308278,Non-Alcohol,C:\PycharmProjects\Alcohol Detection\dataset\Grupo_0\E_0_0\IriTech\E_0_0_1\E_0_0_1_L_5\via_region_data.json
E_0_0_1_L_M_N_N_1981_17_2017.bmp308278,Non-Alcohol,C:\PycharmProjects\Alcohol Detection\dataset\Grupo_0\E_0_0\IriTech\E_0_0_1\E_0_0_1_L_5\via_region_data.json
E_0_0_1_L_M_N_N_1981_18_2017.bmp308278,Non-Alcohol,C:\PycharmProjects\Alcohol Detection\dataset\Grupo_0\E_0_0\IriTech\E_0_0_1\E_0_0_1_L_5\via_region_data.json
E_0_0_1_L_M_N_N_1981_19_2017.bmp308278,Non-Alcohol,C:\PycharmProjects\Alcohol Detection\dataset\Grupo_0\E_0_0\IriTech\E_0_0_1\E_0_0_1_L_5\via_region_data.json
E_0_0_1_L_M_N_N_1981_20_2017.bmp308278,Non-Alcohol,C:\PycharmProjects\Alcohol Detection\dataset\Grupo_0\E_0_0\IriTech\E_0_0_1\E_0_0_1_L_5\via_region_data.json
E_0_0_1_L_M_N_N_1981_21_2017.bmp308278,Non-Alcohol,C:\PycharmProjects\Alcohol Detection\dataset\Grupo_0\E_0_0\IriTech\E_0_0_1\E_0_0_1_L_5\via_region_data.json
E_0_0_1_L_M_N_N_1981_22_2017.bmp308278,Non-Alcohol,C:\PycharmProjects\Alcohol Detection\dataset\Grupo_0\E_0_0\IriTech\E_0_0_1\E_0_0_1_L_5\via_region_data.json
E_0_0_1_L_M_N_N_1981_23_2017.bmp308278,Non-Alcohol,C:\PycharmProjects\Alcohol Detection\dataset\Grupo_0\E_0_0\IriTech\E_0_0_1\E_0_0_1_L_5\via_region_data.json
E_0_0_1_L_M_N_N_1981_24_2017.bmp308278,Non-Alcohol,C:\PycharmProjects\Alcohol Detection\dataset\Grupo_0\E_0_0\IriTech\E_0_0_1\E_0_0_1_L_5\via_region_data.json
E_0_0_1_L_M_N_N_1981_25_2017.bmp308278,Non-Alcohol,C:\PycharmProjects\Alcohol Detection\dataset\Grupo_0\E_0_0\IriTech\E_0_0_1\E_0_0_1_L_5\via_region_data.json
E_0_0_1_L_M_N_N_1981_26_2017.bmp308278,Non-Alcohol,C:\PycharmProjects\Alcohol Detection\dataset\Grupo_0\E_0_0\IriTech\E_0_0_1\E_0_0_1_L_5\via_region_data.json
E_0_0_1_L_M_N_N_1981_27_2017.bmp308278,Non-Alcohol,C:\PycharmProjects\Alcohol Detection\dataset\Grupo_0\E_0_0\IriTech\E_0_0_1\E_0_0_1_L_5\via_region_data.json
E_0_0_1_L_M_N_N_1981_28_2017.bmp308278,Non-Alcohol,C:\PycharmProjects\Alcohol Detection\dataset\Grupo_0\E_0_0\IriTech\E_0_0_1\E_0_0_1_L_5\via_region_data.json
E_0_0_1_L_M_N_N_1981_29_2017.bmp308278,Non-Alcohol,C:\PycharmProjects\Alcohol Detection\dataset\Grupo_0\E_0_0\IriTech\E_0_0_1\E_0_0_1_L_5\via_region_data.json
E_0_0_1_L_M_N_N_1981_30_2017.bmp308278,Non-Alcohol,C:\PycharmProjects\Alcohol Detection\dataset\Grupo_0\E_0_0\IriTech\E_0_0_1\E_0_0_1_L_5\via_region_data.json
E_0_0_1_L_M_N_N_1981_31_2017.bmp308278,Non-Alcohol,C:\PycharmProjects\Alcohol Detection\dataset\Grupo_0\E_0_0\IriTech\E_0_0_1\E_0_0_1_L_5\via_region_data.json
E_0_0_1_L_M_N_N_1981_32_2017.bmp308278,Non-Alcohol,C:\PycharmProjects\Alcohol Detection\dataset\Grupo_0\E_0_0\IriTech\E_0_0_1\E_0_0_1_L_5\via_region_data.json
E_0_0_1_L_M_N_N_1981_33_2017.bmp308278,Non-Alcohol,C:\PycharmProjects\Alcohol Detection\dataset\Grupo_0\E_0_0\IriTech\E_0_0_1\E_0_0_1_L_5\via_region_data.json
E_0_0_1_L_M_N_N_1981_34_2017.bmp308278,Non-Alcohol,C:\PycharmProjects\Alcohol Detection\dataset\Grupo_0\E_0_0\IriTech\E_0_0_1\E_0_0_1_L_5\via_region_data.json
E_0_0_1_L_M_N_N_1981_35_2017.bmp308278,Non-Alcohol,C:\PycharmProjects\Alcohol Detection\dataset\Grupo_0\E_0_0\IriTech\E_0_0_1\E_0_0_1_L_5\via_region_data.json
E_0_0_1_L_M_N_N_1981_36_2017.bmp308278,Non-Alcohol,C:\PycharmProjects\Alcohol Detection\dataset\Grupo_0\E_0_0\IriTech\E_0_0_1\E_0_0_1_L_5\via_region_data.json
E_0_0_1_L_M_N_N_1981_37_2017.bmp308278,Non-Alcohol,C:\PycharmProjects\Alcohol Detection\dataset\Grupo_0\E_0_0\IriTech\E_0_0_1\E_0_0_1_L_5\via_region_data.json
E_0_0_1_L_M_N_N_1981_38_2017.bmp308278,Non-Alcohol,C:\PycharmProjects\Alcohol Detection\dataset\Grupo_0\E_0_0\IriTech\E_0_0_1\E_0_0_1_L_5\via_region_data.json
E_0_0_1_L_M_N_N_1981_39_2017.bmp308278,Non-Alcohol,C:\PycharmProjects\Alcohol Detection\dataset\Grupo_0\E_0_0\IriTech\E_0_0_1\E_0_0_1_L_5\via_region_data.json
E_0_0_1_L_M_N_N_1981_40_2017.bmp308278,Non-Alcohol,C:\PycharmProjects\Alcohol Detection\dataset\Grupo_0\E_0_0\IriTech\E_0_0_1\E_0_0_1_L_5\via_region_data.json
E_0_0_1_L_M_N_N_1981_41_2017.bmp308278,Non-Alcohol,C:\PycharmProjects\Alcohol Detection\dataset\Grupo_0\E_0_0\IriTech\E_0_0_1\E_0_0_1_L_5\via_region_data.json
E_0_0_1_L_M_N_N_1981_42_2017.bmp308278,Non-Alcohol,C:\PycharmProjects\Alcohol Detection\dataset\Grupo_0\E_0_0\IriTech\E_0_0_1\E_0_0_1_L_5\via_region_data.json
E_0_0_1_L_M_N_N_1981_43_2017.bmp308278,Non-Alcohol,C:\PycharmProjects\Alcohol Detection\dataset\Grupo_0\E_0_0\IriTech\E_0_0_1\E_0_0_1_L_5\via_region_data.json
E_0_0_1_L_M_N_N_1981_44_2017.bmp308278,Non-Alcohol,C:\PycharmProjects\Alcohol Detection\dataset\Grupo_0\E_0_0\IriTech\E_0_0_1\E_0_0_1_L_5\via_region_data.json
E_0_0_1_L_M_N_N_1981_45_2017.bmp308278,Non-Alcohol,C:\PycharmProjects\Alcohol Detection\dataset\Grupo_0\E_0_0\IriTech\E_0_0_1\E_0_0_1_L_5\via_region_data.json
E_0_0_1_L_M_N_N_1981_46_2017.bmp308278,Non-Alcohol,C:\PycharmProjects\Alcohol Detection\dataset\Grupo_0\E_0_0\IriTech\E_0_0_1\E_0_0_1_L_5\via_region_data.json
E_0_0_1_L_M_N_N_1981_47_2017.bmp308278,Non-Alcohol,C:\PycharmProjects\Alcohol Detection\dataset\Grupo_0\E_0_0\IriTech\E_0_0_1\E_0_0_1_L_5\via_region_data.json
E_0_0_1_L_M_N_N_1981_48_2017.bmp308278,Non-Alcohol,C:\PycharmProjects\Alcohol Detection\dataset\Grupo_0\E_0_0\IriTech\E_0_0_1\E_0_0_1_L_5\via_region_data.json
E_0_0_1_L_M_N_N_1981_49_2017.bmp308278,Non-Alcohol,C:\PycharmProjects\Alcohol Detection\dataset\Grupo_0\E_0_0\IriTech\E_0_0_1\E_0_0_1_L_5\via_region_data.json
E_0_0_1_L_M_N_N_1981_50_2017.bmp308278,Non-Alcohol,C:\PycharmProjects\Alcohol Detection\dataset\Grupo_0\E_0_0\IriTech\E_0_0_1\E_0_0_1_L_5\via_region_data.json
E_0_0_1_L_M_N_N_1981_51_2017.bmp308278,Non-Alcohol,C:\PycharmProjects\Alcohol Detection\dataset\Grupo_0\E_0_0\IriTech\E_0_0_1\E_0_0_1_L_5\via_region_data.json
E_0_0_1_L_M_N_N_1981_52_2017.bmp308278,Non-Alcohol,C:\PycharmProjects\Alcohol Detection\dataset\Grupo_0\E_0_0\IriTech\E_0_0_1\E_0_0_1_L_5\via_region_data.json
E_0_0_1_L_M_N_N_1981_53_2017.bmp308278,Non-Alcohol,C:\PycharmProjects\Alcohol Detection\dataset\Grupo_0\E_0_0\IriTech\E_0_0_1\E_0_0_1_L_5\via_region_data.json
E_0_0_1_L_M_N_N_1981_54_2017.bmp308278,Non-Alcohol,C:\PycharmProjects\Alcohol Detection\dataset\Grupo_0\E_0_0\IriTech\E_0_0_1\E_0_0_1_L_5\via_region_data.json
E_0_0_1_L_M_N_N_1981_55_2017.bmp308278,Non-Alcohol,C:\PycharmProjects\Alcohol Detection\dataset\Grupo_0\E_0_0\IriTech\E_0_0_1\E_0_0_1_L_5\via_region_data.json
E_0_0_1_L_M_N_N_1981_56_2017.bmp308278,Non-Alcohol,C:\PycharmProjects\Alcohol Detection\dataset\Grupo_0\E_0_0\IriTech\E_0_0_1\E_0_0_1_L_5\via_region_data.json
E_0_0_1_L_M_N_N_1981_57_2017.bmp308278,Non-Alcohol,C:\PycharmProjects\Alcohol Detection\dataset\Grupo_0\E_0_0\IriTech\E_0_0_1\E_0_0_1_L_5\via_region_data.json
E_0_0_1_L_M_N_N_1981_58_2017.bmp308278,Non-Alcohol,C:\PycharmProjects\Alcohol Detection\dataset\Grupo_0\E_0_0\IriTech\E_0_0_1\E_0_0_1_L_5\via_region_data.json
E_0_0_1_L_M_N_N_1981_59_2017.bmp308278,Non-Alcohol,C:\PycharmProjects\Alcohol Detection\dataset\Grupo_0\E_0_0\IriTech\E_0_0_1\E_0_0_1_L_5\via_region_data.json
E_0_0_1_L_M_N_N_1981_60_2017.bmp308278,Non-Alcohol,C:\PycharmProjects\Alcohol Detection\dataset\Grupo_0\E_0_0\IriTech\E_0_0_1\E_0_0_1_L_5\via_region_data.json
E_0_0_1_L_M_N_N_1981_61_2017.bmp308278,Non-Alcohol,C:\PycharmProjects\Alcohol Detection\dataset\Grupo_0\E_0_0\IriTech\E_0_0_1\E_0_0_1_L_5\via_region_data.json
E_0_0_1_L_M_N_N_1981_62_2017.bmp308278,Non-Alcohol,C:\PycharmProjects\Alcohol Detection\dataset\Grupo_0\E_0_0\IriTech\E_0_0_1\E_0_0_1_L_5\via_region_data.json
E_0_0_1_L_M_N_N_1981_63_2017.bmp308278,Non-Alcohol,C:\PycharmProjects\Alcohol Detection\dataset\Grupo_0\E_0_0\IriTech\E_0_0_1\E_0_0_1_L_5\via_region_data.json
E_0_0_1_L_M_N_N_1981_64_2017.bmp308278,Non-Alcohol,C:\PycharmProjects\Alcohol Detection\dataset\Grupo_0\E_0_0\IriTech\E_0_0_1\E_0_0_1_L_5\via_region_data.json
E_0_0_1_L_M_N_N_1981_65_2017.bmp308278,Non-Alcohol,C:\PycharmProjects\Alcohol Detection\dataset\Grupo_0\E_0_0\IriTech\E_0_0_1\E_0_0_1_L_5\via_region_data.json
E_0_0_1_L_M_N_N_1981_66_2017.bmp308278,Non-Alcohol,C:\PycharmProjects\Alcohol Detection\dataset\Grupo_0\E_0_0\IriTech\E_0_0_1\E_0_0_1_L_5\via_region_data.json
E_0_0_1_L_M_N_N_1981_67_2017.bmp308278,Non-Alcohol,C:\PycharmProjects\Alcohol Detection\dataset\Grupo_0\E_0_0\IriTech\E_0_0_1\E_0_0_1_L_5\via_region_data.json
E_0_0_1_L_M_N_N_1981_68_2017.bmp308278,Non-Alcohol,C:\PycharmProjects\Alcohol Detection\dataset\Grupo_0\E_0_0\IriTech\E_0_0_1\E_0_0_1_L_5\via_region_data.json
E_0_0_1_L_M_N_N_1981_69_2017.bmp308278,Non-Alcohol,C:\PycharmProjects\Alcohol Detection\dataset\Grupo_0\E_0_0\IriTech\E_0_0_1\E_0_0_1_L_5\via_region_data.json
E_0_0_1_L_M_N_N_1981_70_2017.bmp308278,Non-Alcohol,C:\PycharmProjects\Alcohol Detection\dataset\Grupo_0\E_0_0\IriTech\E_0_0_1\E_0_0_1_L_5\via_region_data.json
E_0_0_1_L_M_N_N_1981_71_2017.bmp308278,Non-Alcohol,C:\PycharmProjects\Alcohol Detection\dataset\Grupo_0\E_0_0\IriTech\E_0_0_1\E_0_0_1_L_5\via_region_data.json
E_0_0_1_L_M_N_N_1981_72_2017.bmp308278,Non-Alcohol,C:\PycharmProjects\Alcohol Detection\dataset\Grupo_0\E_0_0\IriTech\E_0_0_1\E_0_0_1_L_5\via_region_data.json
E_0_0_1_L_M_N_N_1981_73_2017.bmp308278,Non-Alcohol,C:\PycharmProjects\Alcohol Detection\dataset\Grupo_0\E_0_0\IriTech\E_0_0_1\E_0_0_1_L_5\via_region_data.json
E_0_0_1_L_M_N_N_1981_74_2017.bmp308278,Non-Alcohol,C:\PycharmProjects\Alcohol Detection\dataset\Grupo_0\E_0_0\IriTech\E_0_0_1\E_0_0_1_L_5\via_region_data.json
E_0_0_1_L_M_N_N_1981_75_2017.bmp308278,Non-Alcohol,C:\PycharmProjects\Alcohol Detection\dataset\Grupo_0\E_0_0\IriTech\E_0_0_1\E_0_0_1_L_5\via_region_data.json
E_0_0_1_L_M_N_N_1981_76_2017.bmp308278,Non-Alcohol,C:\PycharmProjects\Alcohol Detection\dataset\Grupo_0\E_0_0\IriTech\E_0_0_1\E_0_0_1_L_5\via_region_data.json
E_0_0_1_L_M_N_N_1981_77_2017.bmp308278,Non-Alcohol,C:\PycharmProjects\Alcohol Detection\dataset\Grupo_0\E_0_0\IriTech\E_0_0_1\E_0_0_1_L_5\via_region_data.json
E_0_0_1_L_M_N_N_1981_78_2017.bmp308278,Non-Alcohol,C:\PycharmProjects\Alcohol Detection\dataset\Grupo_0\E_0_0\IriTech\E_0_0_1\E_0_0_1_L_5\via_region_data.json
E_0_0_1_L_M_N_N_1981_79_2017.bmp308278,Non-Alcohol,C:\PycharmProjects\Alcohol Detection\dataset\Grupo_0\E_0_0\IriTech\E_0_0_1\E_0_0_1_L_5\via_region_data.json
E_0_0_1_L_M_N_N_1981_80_2017.bmp308278,Non-Alcohol,C:\PycharmProjects\Alcohol Detection\dataset\Grupo_0\E_0_0\IriTech\E_0_0_1\E_0_0_1_L_5\via_region_data.json
E_0_0_1_L_M_N_N_1981_81_2017.bmp308278,Non-Alcohol,C:\PycharmProjects\Alcohol Detection\dataset\Grupo_0\E_0_0\IriTech\E_0_0_1\E_0_0_1_L_5\via_region_data.json
E_0_0_1_L_M_N_N_1981_82_2017.bmp308278,Non-Alcohol,C:\PycharmProjects\Alcohol Detection\dataset\Grupo_0\E_0_0\IriTech\E_0_0_1\E_0_0_1_L_5\via_region_data.json
E_0_0_1_L_M_N_N_1981_83_2017.bmp308278,Non-Alcohol,C:\PycharmProjects\Alcohol Detection\dataset\Grupo_0\E_0_0\IriTech\E_0_0_1\E_0_0_1_L_5\via_region_data.json
E_0_0_1_R_M_N_N_1981_0_2017.bmp308278,Non-Alcohol,C:\PycharmProjects\Alcohol Detection\dataset\Grupo_0\E_0_0\IriTech\E_0_0_1\E_0_0_1_R_5\via_region_data.json
E_0_0_1_R_M_N_N_1981_1_2017.bmp308278,Non-Alcohol,C:\PycharmProjects\Alcohol Detection\dataset\Grupo_0\E_0_0\IriTech\E_0_0_1\E_0_0_1_R_5\via_region_data.json
E_0_0_1_R_M_N_N_1981_2_2017.bmp308278,Non-Alcohol,C:\PycharmProjects\Alcohol Detection\dataset\Grupo_0\E_0_0\IriTech\E_0_0_1\E_0_0_1_R_5\via_region_data.json
E_0_0_1_R_M_N_N_1981_3_2017.bmp308278,Non-Alcohol,C:\PycharmProjects\Alcohol Detection\dataset\Grupo_0\E_0_0\IriTech\E_0_0_1\E_0_0_1_R_5\via_region_data.json
E_0_0_1_R_M_N_N_1981_4_2017.bmp308278,Non-Alcohol,C:\PycharmProjects\Alcohol Detection\dataset\Grupo_0\E_0_0\IriTech\E_0_0_1\E_0_0_1_R_5\via_region_data.json
E_0_0_1_R_M_N_N_1981_5_2017.bmp308278,Non-Alcohol,C:\PycharmProjects\Alcohol Detection\dataset\Grupo_0\E_0_0\IriTech\E_0_0_1\E_0_0_1_R_5\via_region_data.json
E_0_0_1_R_M_N_N_1981_6_2017.bmp308278,Non-Alcohol,C:\PycharmProjects\Alcohol Detection\dataset\Grupo_0\E_0_0\IriTech\E_0_0_1\E_0_0_1_R_5\via_region_data.json
E_0_0_1_R_M_N_N_1981_7_2017.bmp308278,Non-Alcohol,C:\PycharmProjects\Alcohol Detection\dataset\Grupo_0\E_0_0\IriTech\E_0_0_1\E_0_0_1_R_5\via_region_data.json
E_0_0_1_R_M_N_N_1981_8_2017.bmp308278,Non-Alcohol,C:\PycharmProjects\Alcohol Detection\dataset\Grupo_0\E_0_0\IriTech\E_0_0_1\E_0_0_1_R_5\via_region_data.json
E_0_0_1_R_M_N_N_1981_9_2017.bmp308278,Non-Alcohol,C:\PycharmProjects\Alcohol Detection\dataset\Grupo_0\E_0_0\IriTech\E_0_0_1\E_0_0_1_R_5\via_region_data.json
E_0_0_1_R_M_N_N_1981_10_2017.bmp308278,Non-Alcohol,C:\PycharmProjects\Alcohol Detection\dataset\Grupo_0\E_0_0\IriTech\E_0_0_1\E_0_0_1_R_5\via_region_data.json
E_0_0_1_R_M_N_N_1981_11_2017.bmp308278,Non-Alcohol,C:\PycharmProjects\Alcohol Detection\dataset\Grupo_0\E_0_0\IriTech\E_0_0_1\E_0_0_1_R_5\via_region_data.json
E_0_0_1_R_M_N_N_1981_12_2017.bmp308278,Non-Alcohol,C:\PycharmProjects\Alcohol Detection\dataset\Grupo_0\E_0_0\IriTech\E_0_0_1\E_0_0_1_R_5\via_region_data.json
E_0_0_1_R_M_N_N_1981_13_2017.bmp308278,Non-Alcohol,C:\PycharmProjects\Alcohol Detection\dataset\Grupo_0\E_0_0\IriTech\E_0_0_1\E_0_0_1_R_5\via_region_data.json
E_0_0_1_R_M_N_N_1981_14_2017.bmp308278,Non-Alcohol,C:\PycharmProjects\Alcohol Detection\dataset\Grupo_0\E_0_0\IriTech\E_0_0_1\E_0_0_1_R_5\via_region_data.json
E_0_0_1_R_M_N_N_1981_15_2017.bmp308278,Non-Alcohol,C:\PycharmProjects\Alcohol Detection\dataset\Grupo_0\E_0_0\IriTech\E_0_0_1\E_0_0_1_R_5\via_region_data.json
E_0_0_1_R_M_N_N_1981_16_2017.bmp308278,Non-Alcohol,C:\PycharmProjects\Alcohol Detection\dataset\Grupo_0\E_0_0\IriTech\E_0_0_1\E_0_0_1_R_5\via_region_data.json
E_0_0_1_R_M_N_N_1981_17_2017.bmp308278,Non-Alcohol,C:\PycharmProjects\Alcohol Detection\dataset\Grupo_0\E_0_0\IriTech\E_0_0_1\E_0_0_1_R_5\via_region_data.json
E_0_0_1_R_M_N_N_1981_18_2017.bmp308278,Non-Alcohol,C:\PycharmProjects\Alcohol Detection\dataset\Grupo_0\E_0_0\IriTech\E_0_0_1\E_0_0_1_R_5\via_region_data.json
E_0_0_1_R_M_N_N_1981_19_2017.bmp308278,Non-Alcohol,C:\PycharmProjects\Alcohol Detection\dataset\Grupo_0\E_0_0\IriTech\E_0_0_1\E_0_0_1_R_5\via_region_data.json
E_0_0_1_R_M_N_N_1981_20_2017.bmp308278,Non-Alcohol,C:\PycharmProjects\Alcohol Detection\dataset\Grupo_0\E_0_0\IriTech\E_0_0_1\E_0_0_1_R_5\via_region_data.json
E_0_0_1_R_M_N_N_1981_21_2017.bmp308278,Non-Alcohol,C:\PycharmProjects\Alcohol Detection\dataset\Grupo_0\E_0_0\IriTech\E_0_0_1\E_0_0_1_R_5\via_region_data.json
E_0_0_1_R_M_N_N_1981_22_2017.bmp308278,Non-Alcohol,C:\PycharmProjects\Alcohol Detection\dataset\Grupo_0\E_0_0\IriTech\E_0_0_1\E_0_0_1_R_5\via_region_data.json
E_0_0_1_R_M_N_N_1981_23_2017.bmp308278,Non-Alcohol,C:\PycharmProjects\Alcohol Detection\dataset\Grupo_0\E_0_0\IriTech\E_0_0_1\E_0_0_1_R_5\via_region_data.json
E_0_0_1_R_M_N_N_1981_24_2017.bmp308278,Non-Alcohol,C:\PycharmProjects\Alcohol Detection\dataset\Grupo_0\E_0_0\IriTech\E_0_0_1\E_0_0_1_R_5\via_region_data.json
E_0_0_1_R_M_N_N_1981_25_2017.bmp308278,Non-Alcohol,C:\PycharmProjects\Alcohol Detection\dataset\Grupo_0\E_0_0\IriTech\E_0_0_1\E_0_0_1_R_5\via_region_data.json
E_0_0_1_R_M_N_N_1981_26_2017.bmp308278,Non-Alcohol,C:\PycharmProjects\Alcohol Detection\dataset\Grupo_0\E_0_0\IriTech\E_0_0_1\E_0_0_1_R_5\via_region_data.json
E_0_0_1_R_M_N_N_1981_27_2017.bmp308278,Non-Alcohol,C:\PycharmProjects\Alcohol Detection\dataset\Grupo_0\E_0_0\IriTech\E_0_0_1\E_0_0_1_R_5\via_region_data.json
E_0_0_1_R_M_N_N_1981_28_2017.bmp308278,Non-Alcohol,C:\PycharmProjects\Alcohol Detection\dataset\Grupo_0\E_0_0\IriTech\E_0_0_1\E_0_0_1_R_5\via_region_data.json
E_0_0_1_R_M_N_N_1981_29_2017.bmp308278,Non-Alcohol,C:\PycharmProjects\Alcohol Detection\dataset\Grupo_0\E_0_0\IriTech\E_0_0_1\E_0_0_1_R_5\via_region_data.json
E_0_0_1_R_M_N_N_1981_30_2017.bmp308278,Non-Alcohol,C:\PycharmProjects\Alcohol Detection\dataset\Grupo_0\E_0_0\IriTech\E_0_0_1\E_0_0_1_R_5\via_region_data.json
E_0_0_1_R_M_N_N_1981_31_2017.bmp308278,Non-Alcohol,C:\PycharmProjects\Alcohol Detection\dataset\Grupo_0\E_0_0\IriTech\E_0_0_1\E_0_0_1_R_5\via_region_data.json
E_0_0_1_R_M_N_N_1981_32_2017.bmp308278,Non-Alcohol,C:\PycharmProjects\Alcohol Detection\dataset\Grupo_0\E_0_0\IriTech\E_0_0_1\E_0_0_1_R_5\via_region_data.json
E_0_0_1_R_M_N_N_1981_33_2017.bmp308278,Non-Alcohol,C:\PycharmProjects\Alcohol Detection\dataset\Grupo_0\E_0_0\IriTech\E_0_0_1\E_0_0_1_R_5\via_region_data.json
E_0_0_1_R_M_N_N_1981_34_2017.bmp308278,Non-Alcohol,C:\PycharmProjects\Alcohol Detection\dataset\Grupo_0\E_0_0\IriTech\E_0_0_1\E_0_0_1_R_5\via_region_data.json
E_0_0_1_R_M_N_N_1981_35_2017.bmp308278,Non-Alcohol,C:\PycharmProjects\Alcohol Detection\dataset\Grupo_0\E_0_0\IriTech\E_0_0_1\E_0_0_1_R_5\via_region_data.json
E_0_0_1_R_M_N_N_1981_36_2017.bmp308278,Non-Alcohol,C:\PycharmProjects\Alcohol Detection\dataset\Grupo_0\E_0_0\IriTech\E_0_0_1\E_0_0_1_R_5\via_region_data.json
E_0_0_1_R_M_N_N_1981_37_2017.bmp308278,Non-Alcohol,C:\PycharmProjects\Alcohol Detection\dataset\Grupo_0\E_0_0\IriTech\E_0_0_1\E_0_0_1_R_5\via_region_data.json
E_0_0_1_R_M_N_N_1981_38_2017.bmp308278,Non-Alcohol,C:\PycharmProjects\Alcohol Detection\dataset\Grupo_0\E_0_0\IriTech\E_0_0_1\E_0_0_1_R_5\via_region_data.json
E_0_0_1_R_M_N_N_1981_39_2017.bmp308278,Non-Alcohol,C:\PycharmProjects\Alcohol Detection\dataset\Grupo_0\E_0_0\IriTech\E_0_0_1\E_0_0_1_R_5\via_region_data.json
E_0_0_1_R_M_N_N_1981_40_2017.bmp308278,Non-Alcohol,C:\PycharmProjects\Alcohol Detection\dataset\Grupo_0\E_0_0\IriTech\E_0_0_1\E_0_0_1_R_5\via_region_data.json
E_0_0_1_R_M_N_N_1981_41_2017.bmp308278,Non-Alcohol,C:\PycharmProjects\Alcohol Detection\dataset\Grupo_0\E_0_0\IriTech\E_0_0_1\E_0_0_1_R_5\via_region_data.json
E_0_0_1_R_M_N_N_1981_42_2017.bmp308278,Non-Alcohol,C:\PycharmProjects\Alcohol Detection\dataset\Grupo_0\E_0_0\IriTech\E_0_0_1\E_0_0_1_R_5\via_region_data.json
E_0_0_1_R_M_N_N_1981_43_2017.bmp308278,Non-Alcohol,C:\PycharmProjects\Alcohol Detection\dataset\Grupo_0\E_0_0\IriTech\E_0_0_1\E_0_0_1_R_5\via_region_data.json
E_0_0_1_R_M_N_N_1981_44_2017.bmp308278,Non-Alcohol,C:\PycharmProjects\Alcohol Detection\dataset\Grupo_0\E_0_0\IriTech\E_0_0_1\E_0_0_1_R_5\via_region_data.json
E_0_0_1_R_M_N_N_1981_45_2017.bmp308278,Non-Alcohol,C:\PycharmProjects\Alcohol Detection\dataset\Grupo_0\E_0_0\IriTech\E_0_0_1\E_0_0_1_R_5\via_region_data.json
E_0_0_1_R_M_N_N_1981_46_2017.bmp308278,Non-Alcohol,C:\PycharmProjects\Alcohol Detection\dataset\Grupo_0\E_0_0\IriTech\E_0_0_1\E_0_0_1_R_5\via_region_data.json
E_0_0_1_R_M_N_N_1981_47_2017.bmp308278,Non-Alcohol,C:\PycharmProjects\Alcohol Detection\dataset\Grupo_0\E_0_0\IriTech\E_0_0_1\E_0_0_1_R_5\via_region_data.json
E_0_0_1_R_M_N_N_1981_48_2017.bmp308278,Non-Alcohol,C:\PycharmProjects\Alcohol Detection\dataset\Grupo_0\E_0_0\IriTech\E_0_0_1\E_0_0_1_R_5\via_region_data.json
E_0_0_1_R_M_N_N_1981_49_2017.bmp308278,Non-Alcohol,C:\PycharmProjects\Alcohol Detection\dataset\Grupo_0\E_0_0\IriTech\E_0_0_1\E_0_0_1_R_5\via_region_data.json
E_0_0_1_R_M_N_N_1981_50_2017.bmp308278,Non-Alcohol,C:\PycharmProjects\Alcohol Detection\dataset\Grupo_0\E_0_0\IriTech\E_0_0_1\E_0_0_1_R_5\via_region_data.json
E_0_0_1_R_M_N_N_1981_51_2017.bmp308278,Non-Alcohol,C:\PycharmProjects\Alcohol Detection\dataset\Grupo_0\E_0_0\IriTech\E_0_0_1\E_0_0_1_R_5\via_region_data.json
E_0_0_1_R_M_N_N_1981_52_2017.bmp308278,Non-Alcohol,C:\PycharmProjects\Alcohol Detection\dataset\Grupo_0\E_0_0\IriTech\E_0_0_1\E_0_0_1_R_5\via_region_data.json
E_0_0_1_R_M_N_N_1981_53_2017.bmp308278,Non-Alcohol,C:\PycharmProjects\Alcohol Detection\dataset\Grupo_0\E_0_0\IriTech\E_0_0_1\E_0_0_1_R_5\via_region_data.json
E_0_0_1_R_M_N_N_1981_54_2017.bmp308278,Non-Alcohol,C:\PycharmProjects\Alcohol Detection\dataset\Grupo_0\E_0_0\IriTech\E_0_0_1\E_0_0_1_R_5\via_region_data.json
E_0_0_1_R_M_N_N_1981_55_2017.bmp308278,Non-Alcohol,C:\PycharmProjects\Alcohol Detection\dataset\Grupo_0\E_0_0\IriTech\E_0_0_1\E_0_0_1_R_5\via_region_data.json
E_0_0_1_R_M_N_N_1981_56_2017.bmp308278,Non-Alcohol,C:\PycharmProjects\Alcohol Detection\dataset\Grupo_0\E_0_0\IriTech\E_0_0_1\E_0_0_1_R_5\via_region_data.json
E_0_0_1_R_M_N_N_1981_57_2017.bmp308278,Non-Alcohol,C:\PycharmProjects\Alcohol Detection\dataset\Grupo_0\E_0_0\IriTech\E_0_0_1\E_0_0_1_R_5\via_region_data.json
E_0_0_1_R_M_N_N_1981_58_2017.bmp308278,Non-Alcohol,C:\PycharmProjects\Alcohol Detection\dataset\Grupo_0\E_0_0\IriTech\E_0_0_1\E_0_0_1_R_5\via_region_data.json
E_0_0_1_R_M_N_N_1981_59_2017.bmp308278,Non-Alcohol,C:\PycharmProjects\Alcohol Detection\dataset\Grupo_0\E_0_0\IriTech\E_0_0_1\E_0_0_1_R_5\via_region_data.json
E_0_0_1_R_M_N_N_1981_60_2017.bmp308278,Non-Alcohol,C:\PycharmProjects\Alcohol Detection\dataset\Grupo_0\E_0_0\IriTech\E_0_0_1\E_0_0_1_R_5\via_region_data.json
E_0_0_1_R_M_N_N_1981_61_2017.bmp308278,Non-Alcohol,C:\PycharmProjects\Alcohol Detection\dataset\Grupo_0\E_0_0\IriTech\E_0_0_1\E_0_0_1_R_5\via_region_data.json
E_0_0_1_R_M_N_N_1981_62_2017.bmp308278,Non-Alcohol,C:\PycharmProjects\Alcohol Detection\dataset\Grupo_0\E_0_0\IriTech\E_0_0_1\E_0_0_1_R_5\via_region_data.json
E_0_0_1_R_M_N_N_1981_63_2017.bmp308278,Non-Alcohol,C:\PycharmProjects\Alcohol Detection\dataset\Grupo_0\E_0_0\IriTech\E_0_0_1\E_0_0_1_R_5\via_region_data.json
E_0_0_1_R_M_N_N_1981_64_2017.bmp308278,Non-Alcohol,C:\PycharmProjects\Alcohol Detection\dataset\Grupo_0\E_0_0\IriTech\E_0_0_1\E_0_0_1_R_5\via_region_data.json
E_0_0_1_R_M_N_N_1981_65_2017.bmp308278,Non-Alcohol,C:\PycharmProjects\Alcohol Detection\dataset\Grupo_0\E_0_0\IriTech\E_0_0_1\E_0_0_1_R_5\via_region_data.json
E_0_0_1_R_M_N_N_1981_66_2017.bmp308278,Non-Alcohol,C:\PycharmProjects\Alcohol Detection\dataset\Grupo_0\E_0_0\IriTech\E_0_0_1\E_0_0_1_R_5\via_region_data.json
E_0_0_1_R_M_N_N_1981_67_2017.bmp308278,Non-Alcohol,C:\PycharmProjects\Alcohol Detection\dataset\Grupo_0\E_0_0\IriTech\E_0_0_1\E_0_0_1_R_5\via_region_data.json
E_0_0_1_R_M_N_N_1981_68_2017.bmp308278,Non-Alcohol,C:\PycharmProjects\Alcohol Detection\dataset\Grupo_0\E_0_0\IriTech\E_0_0_1\E_0_0_1_R_5\via_region_data.json
E_0_0_1_R_M_N_N_1981_69_2017.bmp308278,Non-Alcohol,C:\PycharmProjects\Alcohol Detection\dataset\Grupo_0\E_0_0\IriTech\E_0_0_1\E_0_0_1_R_5\via_region_data.json
E_0_0_1_R_M_N_N_1981_70_2017.bmp308278,Non-Alcohol,C:\PycharmProjects\Alcohol Detection\dataset\Grupo_0\E_0_0\IriTech\E_0_0_1\E_0_0_1_R_5\via_region_data.json
E_0_0_1_R_M_N_N_1981_71_2017.bmp308278,Non-Alcohol,C:\PycharmProjects\Alcohol Detection\dataset\Grupo_0\E_0_0\IriTech\E_0_0_1\E_0_0_1_R_5\via_region_data.json
E_0_0_1_R_M_N_N_1981_72_2017.bmp308278,Non-Alcohol,C:\PycharmProjects\Alcohol Detection\dataset\Grupo_0\E_0_0\IriTech\E_0_0_1\E_0_0_1_R_5\via_region_data.json
E_0_0_1_R_M_N_N_1981_73_2017.bmp308278,Non-Alcohol,C:\PycharmProjects\Alcohol Detection\dataset\Grupo_0\E_0_0\IriTech\E_0_0_1\E_0_0_1_R_5\via_region_data.json
E_0_0_1_R_M_N_N_1981_74_2017.bmp308278,Non-Alcohol,C:\PycharmProjects\Alcohol Detection\dataset\Grupo_0\E_0_0\IriTech\E_0_0_1\E_0_0_1_R_5\via_region_data.json
E_0_0_1_R_M_N_N_1981_75_2017.bmp308278,Non-Alcohol,C:\PycharmProjects\Alcohol Detection\dataset\Grupo_0\E_0_0\IriTech\E_0_0_1\E_0_0_1_R_5\via_region_data.json
E_0_0_1_R_M_N_N_1981_76_2017.bmp308278,Non-Alcohol,C:\PycharmProjects\Alcohol Detection\dataset\Grupo_0\E_0_0\IriTech\E_0_0_1\E_0_0_1_R_5\via_region_data.json
E_0_0_1_R_M_N_N_1981_77_2017.bmp308278,Non-Alcohol,C:\PycharmProjects\Alcohol Detection\dataset\Grupo_0\E_0_0\IriTech\E_0_0_1\E_0_0_1_R_5\via_region_data.json
E_0_0_1_R_M_N_N_1981_78_2017.bmp308278,Non-Alcohol,C:\PycharmProjects\Alcohol Detection\dataset\Grupo_0\E_0_0\IriTech\E_0_0_1\E_0_0_1_R_5\via_region_data.json
E_0_0_2_L_M_N_N_1981_0_2017.bmp308278,Non-Alcohol,C:\PycharmProjects\Alcohol Detection\dataset\Grupo_0\E_0_0\IriTech\E_0_0_2\via_region_data.json
E_0_0_2_R_M_N_N_1981_0_2017.bmp308278,Non-Alcohol,C:\PycharmProjects\Alcohol Detection\dataset\Grupo_0\E_0_0\IriTech\E_0_0_2\via_region_data.json
E_0_0_2_L_M_N_N_1981_0_2017.bmp308278,Non-Alcohol,C:\PycharmProjects\Alcohol Detection\dataset\Grupo_0\E_0_0\IriTech\E_0_0_2\E_0_0_2_L_5\via_region_data.json
E_0_0_2_L_M_N_N_1981_1_2017.bmp308278,Non-Alcohol,C:\PycharmProjects\Alcohol Detection\dataset\Grupo_0\E_0_0\IriTech\E_0_0_2\E_0_0_2_L_5\via_region_data.json
E_0_0_2_L_M_N_N_1981_2_2017.bmp308278,Non-Alcohol,C:\PycharmProjects\Alcohol Detection\dataset\Grupo_0\E_0_0\IriTech\E_0_0_2\E_0_0_2_L_5\via_region_data.json
E_0_0_2_L_M_N_N_1981_3_2017.bmp308278,Non-Alcohol,C:\PycharmProjects\Alcohol Detection\dataset\Grupo_0\E_0_0\IriTech\E_0_0_2\E_0_0_2_L_5\via_region_data.json
E_0_0_2_L_M_N_N_1981_4_2017.bmp308278,Non-Alcohol,C:\PycharmProjects\Alcohol Detection\dataset\Grupo_0\E_0_0\IriTech\E_0_0_2\E_0_0_2_L_5\via_region_data.json
E_0_0_2_L_M_N_N_1981_5_2017.bmp308278,Non-Alcohol,C:\PycharmProjects\Alcohol Detection\dataset\Grupo_0\E_0_0\IriTech\E_0_0_2\E_0_0_2_L_5\via_region_data.json
E_0_0_2_L_M_N_N_1981_6_2017.bmp308278,Non-Alcohol,C:\PycharmProjects\Alcohol Detection\dataset\Grupo_0\E_0_0\IriTech\E_0_0_2\E_0_0_2_L_5\via_region_data.json
E_0_0_2_L_M_N_N_1981_7_2017.bmp308278,Non-Alcohol,C:\PycharmProjects\Alcohol Detection\dataset\Grupo_0\E_0_0\IriTech\E_0_0_2\E_0_0_2_L_5\via_region_data.json
E_0_0_2_L_M_N_N_1981_8_2017.bmp308278,Non-Alcohol,C:\PycharmProjects\Alcohol Detection\dataset\Grupo_0\E_0_0\IriTech\E_0_0_2\E_0_0_2_L_5\via_region_data.json
E_0_0_2_L_M_N_N_1981_9_2017.bmp308278,Non-Alcohol,C:\PycharmProjects\Alcohol Detection\dataset\Grupo_0\E_0_0\IriTech\E_0_0_2\E_0_0_2_L_5\via_region_data.json
E_0_0_2_L_M_N_N_1981_10_2017.bmp308278,Non-Alcohol,C:\PycharmProjects\Alcohol Detection\dataset\Grupo_0\E_0_0\IriTech\E_0_0_2\E_0_0_2_L_5\via_region_data.json
E_0_0_2_L_M_N_N_1981_11_2017.bmp308278,Non-Alcohol,C:\PycharmProjects\Alcohol Detection\dataset\Grupo_0\E_0_0\IriTech\E_0_0_2\E_0_0_2_L_5\via_region_data.json
E_0_0_2_L_M_N_N_1981_12_2017.bmp308278,Non-Alcohol,C:\PycharmProjects\Alcohol Detection\dataset\Grupo_0\E_0_0\IriTech\E_0_0_2\E_0_0_2_L_5\via_region_data.json
E_0_0_2_L_M_N_N_1981_13_2017.bmp308278,Non-Alcohol,C:\PycharmProjects\Alcohol Detection\dataset\Grupo_0\E_0_0\IriTech\E_0_0_2\E_0_0_2_L_5\via_region_data.json
E_0_0_2_L_M_N_N_1981_14_2017.bmp308278,Non-Alcohol,C:\PycharmProjects\Alcohol Detection\dataset\Grupo_0\E_0_0\IriTech\E_0_0_2\E_0_0_2_L_5\via_region_data.json
E_0_0_2_L_M_N_N_1981_15_2017.bmp308278,Non-Alcohol,C:\PycharmProjects\Alcohol Detection\dataset\Grupo_0\E_0_0\IriTech\E_0_0_2\E_0_0_2_L_5\via_region_data.json
E_0_0_2_L_M_N_N_1981_16_2017.bmp308278,Non-Alcohol,C:\PycharmProjects\Alcohol Detection\dataset\Grupo_0\E_0_0\IriTech\E_0_0_2\E_0_0_2_L_5\via_region_data.json
E_0_0_2_L_M_N_N_1981_17_2017.bmp308278,Non-Alcohol,C:\PycharmProjects\Alcohol Detection\dataset\Grupo_0\E_0_0\IriTech\E_0_0_2\E_0_0_2_L_5\via_region_data.json
E_0_0_2_L_M_N_N_1981_18_2017.bmp308278,Non-Alcohol,C:\PycharmProjects\Alcohol Detection\dataset\Grupo_0\E_0_0\IriTech\E_0_0_2\E_0_0_2_L_5\via_region_data.json
E_0_0_2_L_M_N_N_1981_19_2017.bmp308278,Non-Alcohol,C:\PycharmProjects\Alcohol Detection\dataset\Grupo_0\E_0_0\IriTech\E_0_0_2\E_0_0_2_L_5\via_region_data.json
E_0_0_2_L_M_N_N_1981_20_2017.bmp308278,Non-Alcohol,C:\PycharmProjects\Alcohol Detection\dataset\Grupo_0\E_0_0\IriTech\E_0_0_2\E_0_0_2_L_5\via_region_data.json
E_0_0_2_L_M_N_N_1981_21_2017.bmp308278,Non-Alcohol,C:\PycharmProjects\Alcohol Detection\dataset\Grupo_0\E_0_0\IriTech\E_0_0_2\E_0_0_2_L_5\via_region_data.json
E_0_0_2_L_M_N_N_1981_22_2017.bmp308278,Non-Alcohol,C:\PycharmProjects\Alcohol Detection\dataset\Grupo_0\E_0_0\IriTech\E_0_0_2\E_0_0_2_L_5\via_region_data.json
E_0_0_2_L_M_N_N_1981_23_2017.bmp308278,Non-Alcohol,C:\PycharmProjects\Alcohol Detection\dataset\Grupo_0\E_0_0\IriTech\E_0_0_2\E_0_0_2_L_5\via_region_data.json
E_0_0_2_L_M_N_N_1981_24_2017.bmp308278,Non-Alcohol,C:\PycharmProjects\Alcohol Detection\dataset\Grupo_0\E_0_0\IriTech\E_0_0_2\E_0_0_2_L_5\via_region_data.json
E_0_0_2_L_M_N_N_1981_25_2017.bmp308278,Non-Alcohol,C:\PycharmProjects\Alcohol Detection\dataset\Grupo_0\E_0_0\IriTech\E_0_0_2\E_0_0_2_L_5\via_region_data.json
E_0_0_2_L_M_N_N_1981_26_2017.bmp308278,Non-Alcohol,C:\PycharmProjects\Alcohol Detection\dataset\Grupo_0\E_0_0\IriTech\E_0_0_2\E_0_0_2_L_5\via_region_data.json
E_0_0_2_L_M_N_N_1981_27_2017.bmp308278,Non-Alcohol,C:\PycharmProjects\Alcohol Detection\dataset\Grupo_0\E_0_0\IriTech\E_0_0_2\E_0_0_2_L_5\via_region_data.json
E_0_0_2_L_M_N_N_1981_28_2017.bmp308278,Non-Alcohol,C:\PycharmProjects\Alcohol Detection\dataset\Grupo_0\E_0_0\IriTech\E_0_0_2\E_0_0_2_L_5\via_region_data.json
E_0_0_2_L_M_N_N_1981_29_2017.bmp308278,Non-Alcohol,C:\PycharmProjects\Alcohol Detection\dataset\Grupo_0\E_0_0\IriTech\E_0_0_2\E_0_0_2_L_5\via_region_data.json
E_0_0_2_L_M_N_N_1981_30_2017.bmp308278,Non-Alcohol,C:\PycharmProjects\Alcohol Detection\dataset\Grupo_0\E_0_0\IriTech\E_0_0_2\E_0_0_2_L_5\via_region_data.json
E_0_0_2_L_M_N_N_1981_31_2017.bmp308278,Non-Alcohol,C:\PycharmProjects\Alcohol Detection\dataset\Grupo_0\E_0_0\IriTech\E_0_0_2\E_0_0_2_L_5\via_region_data.json
E_0_0_2_L_M_N_N_1981_32_2017.bmp308278,Non-Alcohol,C:\PycharmProjects\Alcohol Detection\dataset\Grupo_0\E_0_0\IriTech\E_0_0_2\E_0_0_2_L_5\via_region_data.json
E_0_0_2_L_M_N_N_1981_33_2017.bmp308278,Non-Alcohol,C:\PycharmProjects\Alcohol Detection\dataset\Grupo_0\E_0_0\IriTech\E_0_0_2\E_0_0_2_L_5\via_region_data.json
E_0_0_2_L_M_N_N_1981_34_2017.bmp308278,Non-Alcohol,C:\PycharmProjects\Alcohol Detection\dataset\Grupo_0\E_0_0\IriTech\E_0_0_2\E_0_0_2_L_5\via_region_data.json
E_0_0_2_L_M_N_N_1981_35_2017.bmp308278,Non-Alcohol,C:\PycharmProjects\Alcohol Detection\dataset\Grupo_0\E_0_0\IriTech\E_0_0_2\E_0_0_2_L_5\via_region_data.json
E_0_0_2_L_M_N_N_1981_36_2017.bmp308278,Non-Alcohol,C:\PycharmProjects\Alcohol Detection\dataset\Grupo_0\E_0_0\IriTech\E_0_0_2\E_0_0_2_L_5\via_region_data.json
E_0_0_2_L_M_N_N_1981_37_2017.bmp308278,Non-Alcohol,C:\PycharmProjects\Alcohol Detection\dataset\Grupo_0\E_0_0\IriTech\E_0_0_2\E_0_0_2_L_5\via_region_data.json
E_0_0_2_L_M_N_N_1981_38_2017.bmp308278,Non-Alcohol,C:\PycharmProjects\Alcohol Detection\dataset\Grupo_0\E_0_0\IriTech\E_0_0_2\E_0_0_2_L_5\via_region_data.json
E_0_0_2_L_M_N_N_1981_39_2017.bmp308278,Non-Alcohol,C:\PycharmProjects\Alcohol Detection\dataset\Grupo_0\E_0_0\IriTech\E_0_0_2\E_0_0_2_L_5\via_region_data.json
E_0_0_2_L_M_N_N_1981_40_2017.bmp308278,Non-Alcohol,C:\PycharmProjects\Alcohol Detection\dataset\Grupo_0\E_0_0\IriTech\E_0_0_2\E_0_0_2_L_5\via_region_data.json
E_0_0_2_L_M_N_N_1981_41_2017.bmp308278,Non-Alcohol,C:\PycharmProjects\Alcohol Detection\dataset\Grupo_0\E_0_0\IriTech\E_0_0_2\E_0_0_2_L_5\via_region_data.json
E_0_0_2_L_M_N_N_1981_42_2017.bmp308278,Non-Alcohol,C:\PycharmProjects\Alcohol Detection\dataset\Grupo_0\E_0_0\IriTech\E_0_0_2\E_0_0_2_L_5\via_region_data.json
E_0_0_2_L_M_N_N_1981_43_2017.bmp308278,Non-Alcohol,C:\PycharmProjects\Alcohol Detection\dataset\Grupo_0\E_0_0\IriTech\E_0_0_2\E_0_0_2_L_5\via_region_data.json
E_0_0_2_L_M_N_N_1981_44_2017.bmp308278,Non-Alcohol,C:\PycharmProjects\Alcohol Detection\dataset\Grupo_0\E_0_0\IriTech\E_0_0_2\E_0_0_2_L_5\via_region_data.json
E_0_0_2_L_M_N_N_1981_45_2017.bmp308278,Non-Alcohol,C:\PycharmProjects\Alcohol Detection\dataset\Grupo_0\E_0_0\IriTech\E_0_0_2\E_0_0_2_L_5\via_region_data.json
E_0_0_2_L_M_N_N_1981_46_2017.bmp308278,Non-Alcohol,C:\PycharmProjects\Alcohol Detection\dataset\Grupo_0\E_0_0\IriTech\E_0_0_2\E_0_0_2_L_5\via_region_data.json
E_0_0_2_L_M_N_N_1981_47_2017.bmp308278,Non-Alcohol,C:\PycharmProjects\Alcohol Detection\dataset\Grupo_0\E_0_0\IriTech\E_0_0_2\E_0_0_2_L_5\via_region_data.json
E_0_0_2_L_M_N_N_1981_48_2017.bmp308278,Non-Alcohol,C:\PycharmProjects\Alcohol Detection\dataset\Grupo_0\E_0_0\IriTech\E_0_0_2\E_0_0_2_L_5\via_region_data.json
E_0_0_2_L_M_N_N_1981_49_2017.bmp308278,Non-Alcohol,C:\PycharmProjects\Alcohol Detection\dataset\Grupo_0\E_0_0\IriTech\E_0_0_2\E_0_0_2_L_5\via_region_data.json
E_0_0_2_L_M_N_N_1981_50_2017.bmp308278,Non-Alcohol,C:\PycharmProjects\Alcohol Detection\dataset\Grupo_0\E_0_0\IriTech\E_0_0_2\E_0_0_2_L_5\via_region_data.json
E_0_0_2_L_M_N_N_1981_51_2017.bmp308278,Non-Alcohol,C:\PycharmProjects\Alcohol Detection\dataset\Grupo_0\E_0_0\IriTech\E_0_0_2\E_0_0_2_L_5\via_region_data.json
E_0_0_2_L_M_N_N_1981_52_2017.bmp308278,Non-Alcohol,C:\PycharmProjects\Alcohol Detection\dataset\Grupo_0\E_0_0\IriTech\E_0_0_2\E_0_0_2_L_5\via_region_data.json
E_0_0_2_L_M_N_N_1981_53_2017.bmp308278,Non-Alcohol,C:\PycharmProjects\Alcohol Detection\dataset\Grupo_0\E_0_0\IriTech\E_0_0_2\E_0_0_2_L_5\via_region_data.json
E_0_0_2_L_M_N_N_1981_54_2017.bmp308278,Non-Alcohol,C:\PycharmProjects\Alcohol Detection\dataset\Grupo_0\E_0_0\IriTech\E_0_0_2\E_0_0_2_L_5\via_region_data.json
E_0_0_2_L_M_N_N_1981_55_2017.bmp308278,Non-Alcohol,C:\PycharmProjects\Alcohol Detection\dataset\Grupo_0\E_0_0\IriTech\E_0_0_2\E_0_0_2_L_5\via_region_data.json
E_0_0_2_L_M_N_N_1981_56_2017.bmp308278,Non-Alcohol,C:\PycharmProjects\Alcohol Detection\dataset\Grupo_0\E_0_0\IriTech\E_0_0_2\E_0_0_2_L_5\via_region_data.json
E_0_0_2_L_M_N_N_1981_57_2017.bmp308278,Non-Alcohol,C:\PycharmProjects\Alcohol Detection\dataset\Grupo_0\E_0_0\IriTech\E_0_0_2\E_0_0_2_L_5\via_region_data.json
E_0_0_2_L_M_N_N_1981_58_2017.bmp308278,Non-Alcohol,C:\PycharmProjects\Alcohol Detection\dataset\Grupo_0\E_0_0\IriTech\E_0_0_2\E_0_0_2_L_5\via_region_data.json
E_0_0_2_L_M_N_N_1981_59_2017.bmp308278,Non-Alcohol,C:\PycharmProjects\Alcohol Detection\dataset\Grupo_0\E_0_0\IriTech\E_0_0_2\E_0_0_2_L_5\via_region_data.json
E_0_0_2_L_M_N_N_1981_60_2017.bmp308278,Non-Alcohol,C:\PycharmProjects\Alcohol Detection\dataset\Grupo_0\E_0_0\IriTech\E_0_0_2\E_0_0_2_L_5\via_region_data.json
E_0_0_2_L_M_N_N_1981_61_2017.bmp308278,Non-Alcohol,C:\PycharmProjects\Alcohol Detection\dataset\Grupo_0\E_0_0\IriTech\E_0_0_2\E_0_0_2_L_5\via_region_data.json
E_0_0_2_L_M_N_N_1981_62_2017.bmp308278,Non-Alcohol,C:\PycharmProjects\Alcohol Detection\dataset\Grupo_0\E_0_0\IriTech\E_0_0_2\E_0_0_2_L_5\via_region_data.json
E_0_0_2_L_M_N_N_1981_63_2017.bmp308278,Non-Alcohol,C:\PycharmProjects\Alcohol Detection\dataset\Grupo_0\E_0_0\IriTech\E_0_0_2\E_0_0_2_L_5\via_region_data.json
E_0_0_2_L_M_N_N_1981_64_2017.bmp308278,Non-Alcohol,C:\PycharmProjects\Alcohol Detection\dataset\Grupo_0\E_0_0\IriTech\E_0_0_2\E_0_0_2_L_5\via_region_data.json
E_0_0_2_L_M_N_N_1981_65_2017.bmp308278,Non-Alcohol,C:\PycharmProjects\Alcohol Detection\dataset\Grupo_0\E_0_0\IriTech\E_0_0_2\E_0_0_2_L_5\via_region_data.json
E_0_0_2_L_M_N_N_1981_66_2017.bmp308278,Non-Alcohol,C:\PycharmProjects\Alcohol Detection\dataset\Grupo_0\E_0_0\IriTech\E_0_0_2\E_0_0_2_L_5\via_region_data.json
E_0_0_2_L_M_N_N_1981_67_2017.bmp308278,Non-Alcohol,C:\PycharmProjects\Alcohol Detection\dataset\Grupo_0\E_0_0\IriTech\E_0_0_2\E_0_0_2_L_5\via_region_data.json
E_0_0_2_L_M_N_N_1981_68_2017.bmp308278,Non-Alcohol,C:\PycharmProjects\Alcohol Detection\dataset\Grupo_0\E_0_0\IriTech\E_0_0_2\E_0_0_2_L_5\via_region_data.json
E_0_0_2_L_M_N_N_1981_69_2017.bmp308278,Non-Alcohol,C:\PycharmProjects\Alcohol Detection\dataset\Grupo_0\E_0_0\IriTech\E_0_0_2\E_0_0_2_L_5\via_region_data.json
E_0_0_2_L_M_N_N_1981_70_2017.bmp308278,Non-Alcohol,C:\PycharmProjects\Alcohol Detection\dataset\Grupo_0\E_0_0\IriTech\E_0_0_2\E_0_0_2_L_5\via_region_data.json
E_0_0_2_L_M_N_N_1981_71_2017.bmp308278,Non-Alcohol,C:\PycharmProjects\Alcohol Detection\dataset\Grupo_0\E_0_0\IriTech\E_0_0_2\E_0_0_2_L_5\via_region_data.json
E_0_0_2_L_M_N_N_1981_72_2017.bmp308278,Non-Alcohol,C:\PycharmProjects\Alcohol Detection\dataset\Grupo_0\E_0_0\IriTech\E_0_0_2\E_0_0_2_L_5\via_region_data.json
E_0_0_2_L_M_N_N_1981_73_2017.bmp308278,Non-Alcohol,C:\PycharmProjects\Alcohol Detection\dataset\Grupo_0\E_0_0\IriTech\E_0_0_2\E_0_0_2_L_5\via_region_data.json
E_0_0_2_L_M_N_N_1981_74_2017.bmp308278,Non-Alcohol,C:\PycharmProjects\Alcohol Detection\dataset\Grupo_0\E_0_0\IriTech\E_0_0_2\E_0_0_2_L_5\via_region_data.json
E_0_0_2_L_M_N_N_1981_75_2017.bmp308278,Non-Alcohol,C:\PycharmProjects\Alcohol Detection\dataset\Grupo_0\E_0_0\IriTech\E_0_0_2\E_0_0_2_L_5\via_region_data.json
E_0_0_2_L_M_N_N_1981_76_2017.bmp308278,Non-Alcohol,C:\PycharmProjects\Alcohol Detection\dataset\Grupo_0\E_0_0\IriTech\E_0_0_2\E_0_0_2_L_5\via_region_data.json
E_0_0_2_L_M_N_N_1981_77_2017.bmp308278,Non-Alcohol,C:\PycharmProjects\Alcohol Detection\dataset\Grupo_0\E_0_0\IriTech\E_0_0_2\E_0_0_2_L_5\via_region_data.json
E_0_0_2_R_M_N_N_1981_0_2017.bmp308278,Non-Alcohol,C:\PycharmProjects\Alcohol Detection\dataset\Grupo_0\E_0_0\IriTech\E_0_0_2\E_0_0_2_R_5\via_region_data.json
E_0_0_2_R_M_N_N_1981_1_2017.bmp308278,Non-Alcohol,C:\PycharmProjects\Alcohol Detection\dataset\Grupo_0\E_0_0\IriTech\E_0_0_2\E_0_0_2_R_5\via_region_data.json
E_0_0_2_R_M_N_N_1981_2_2017.bmp308278,Non-Alcohol,C:\PycharmProjects\Alcohol Detection\dataset\Grupo_0\E_0_0\IriTech\E_0_0_2\E_0_0_2_R_5\via_region_data.json
E_0_0_2_R_M_N_N_1981_3_2017.bmp308278,Non-Alcohol,C:\PycharmProjects\Alcohol Detection\dataset\Grupo_0\E_0_0\IriTech\E_0_0_2\E_0_0_2_R_5\via_region_data.json
E_0_0_2_R_M_N_N_1981_4_2017.bmp308278,Non-Alcohol,C:\PycharmProjects\Alcohol Detection\dataset\Grupo_0\E_0_0\IriTech\E_0_0_2\E_0_0_2_R_5\via_region_data.json
E_0_0_2_R_M_N_N_1981_5_2017.bmp308278,Non-Alcohol,C:\PycharmProjects\Alcohol Detection\dataset\Grupo_0\E_0_0\IriTech\E_0_0_2\E_0_0_2_R_5\via_region_data.json
E_0_0_2_R_M_N_N_1981_6_2017.bmp308278,Non-Alcohol,C:\PycharmProjects\Alcohol Detection\dataset\Grupo_0\E_0_0\IriTech\E_0_0_2\E_0_0_2_R_5\via_region_data.json
E_0_0_2_R_M_N_N_1981_7_2017.bmp308278,Non-Alcohol,C:\PycharmProjects\Alcohol Detection\dataset\Grupo_0\E_0_0\IriTech\E_0_0_2\E_0_0_2_R_5\via_region_data.json
E_0_0_2_R_M_N_N_1981_8_2017.bmp308278,Non-Alcohol,C:\PycharmProjects\Alcohol Detection\dataset\Grupo_0\E_0_0\IriTech\E_0_0_2\E_0_0_2_R_5\via_region_data.json
E_0_0_2_R_M_N_N_1981_9_2017.bmp308278,Non-Alcohol,C:\PycharmProjects\Alcohol Detection\dataset\Grupo_0\E_0_0\IriTech\E_0_0_2\E_0_0_2_R_5\via_region_data.json
E_0_0_2_R_M_N_N_1981_10_2017.bmp308278,Non-Alcohol,C:\PycharmProjects\Alcohol Detection\dataset\Grupo_0\E_0_0\IriTech\E_0_0_2\E_0_0_2_R_5\via_region_data.json
E_0_0_2_R_M_N_N_1981_11_2017.bmp308278,Non-Alcohol,C:\PycharmProjects\Alcohol Detection\dataset\Grupo_0\E_0_0\IriTech\E_0_0_2\E_0_0_2_R_5\via_region_data.json
E_0_0_2_R_M_N_N_1981_12_2017.bmp308278,Non-Alcohol,C:\PycharmProjects\Alcohol Detection\dataset\Grupo_0\E_0_0\IriTech\E_0_0_2\E_0_0_2_R_5\via_region_data.json
E_0_0_2_R_M_N_N_1981_13_2017.bmp308278,Non-Alcohol,C:\PycharmProjects\Alcohol Detection\dataset\Grupo_0\E_0_0\IriTech\E_0_0_2\E_0_0_2_R_5\via_region_data.json
E_0_0_2_R_M_N_N_1981_14_2017.bmp308278,Non-Alcohol,C:\PycharmProjects\Alcohol Detection\dataset\Grupo_0\E_0_0\IriTech\E_0_0_2\E_0_0_2_R_5\via_region_data.json
E_0_0_2_R_M_N_N_1981_15_2017.bmp308278,Non-Alcohol,C:\PycharmProjects\Alcohol Detection\dataset\Grupo_0\E_0_0\IriTech\E_0_0_2\E_0_0_2_R_5\via_region_data.json
E_0_0_2_R_M_N_N_1981_16_2017.bmp308278,Non-Alcohol,C:\PycharmProjects\Alcohol Detection\dataset\Grupo_0\E_0_0\IriTech\E_0_0_2\E_0_0_2_R_5\via_region_data.json
E_0_0_2_R_M_N_N_1981_17_2017.bmp308278,Non-Alcohol,C:\PycharmProjects\Alcohol Detection\dataset\Grupo_0\E_0_0\IriTech\E_0_0_2\E_0_0_2_R_5\via_region_data.json
E_0_0_2_R_M_N_N_1981_18_2017.bmp308278,Non-Alcohol,C:\PycharmProjects\Alcohol Detection\dataset\Grupo_0\E_0_0\IriTech\E_0_0_2\E_0_0_2_R_5\via_region_data.json
E_0_0_2_R_M_N_N_1981_19_2017.bmp308278,Non-Alcohol,C:\PycharmProjects\Alcohol Detection\dataset\Grupo_0\E_0_0\IriTech\E_0_0_2\E_0_0_2_R_5\via_region_data.json
E_0_0_2_R_M_N_N_1981_20_2017.bmp308278,Non-Alcohol,C:\PycharmProjects\Alcohol Detection\dataset\Grupo_0\E_0_0\IriTech\E_0_0_2\E_0_0_2_R_5\via_region_data.json
E_0_0_2_R_M_N_N_1981_21_2017.bmp308278,Non-Alcohol,C:\PycharmProjects\Alcohol Detection\dataset\Grupo_0\E_0_0\IriTech\E_0_0_2\E_0_0_2_R_5\via_region_data.json
E_0_0_2_R_M_N_N_1981_22_2017.bmp308278,Non-Alcohol,C:\PycharmProjects\Alcohol Detection\dataset\Grupo_0\E_0_0\IriTech\E_0_0_2\E_0_0_2_R_5\via_region_data.json
E_0_0_2_R_M_N_N_1981_23_2017.bmp308278,Non-Alcohol,C:\PycharmProjects\Alcohol Detection\dataset\Grupo_0\E_0_0\IriTech\E_0_0_2\E_0_0_2_R_5\via_region_data.json
E_0_0_2_R_M_N_N_1981_24_2017.bmp308278,Non-Alcohol,C:\PycharmProjects\Alcohol Detection\dataset\Grupo_0\E_0_0\IriTech\E_0_0_2\E_0_0_2_R_5\via_region_data.json
E_0_0_2_R_M_N_N_1981_25_2017.bmp308278,Non-Alcohol,C:\PycharmProjects\Alcohol Detection\dataset\Grupo_0\E_0_0\IriTech\E_0_0_2\E_0_0_2_R_5\via_region_data.json
E_0_0_2_R_M_N_N_1981_26_2017.bmp308278,Non-Alcohol,C:\PycharmProjects\Alcohol Detection\dataset\Grupo_0\E_0_0\IriTech\E_0_0_2\E_0_0_2_R_5\via_region_data.json
E_0_0_2_R_M_N_N_1981_27_2017.bmp308278,Non-Alcohol,C:\PycharmProjects\Alcohol Detection\dataset\Grupo_0\E_0_0\IriTech\E_0_0_2\E_0_0_2_R_5\via_region_data.json
E_0_0_2_R_M_N_N_1981_28_2017.bmp308278,Non-Alcohol,C:\PycharmProjects\Alcohol Detection\dataset\Grupo_0\E_0_0\IriTech\E_0_0_2\E_0_0_2_R_5\via_region_data.json
E_0_0_2_R_M_N_N_1981_29_2017.bmp308278,Non-Alcohol,C:\PycharmProjects\Alcohol Detection\dataset\Grupo_0\E_0_0\IriTech\E_0_0_2\E_0_0_2_R_5\via_region_data.json
E_0_0_2_R_M_N_N_1981_30_2017.bmp308278,Non-Alcohol,C:\PycharmProjects\Alcohol Detection\dataset\Grupo_0\E_0_0\IriTech\E_0_0_2\E_0_0_2_R_5\via_region_data.json
E_0_0_2_R_M_N_N_1981_31_2017.bmp308278,Non-Alcohol,C:\PycharmProjects\Alcohol Detection\dataset\Grupo_0\E_0_0\IriTech\E_0_0_2\E_0_0_2_R_5\via_region_data.json
E_0_0_2_R_M_N_N_1981_32_2017.bmp308278,Non-Alcohol,C:\PycharmProjects\Alcohol Detection\dataset\Grupo_0\E_0_0\IriTech\E_0_0_2\E_0_0_2_R_5\via_region_data.json
E_0_0_2_R_M_N_N_1981_33_2017.bmp308278,Non-Alcohol,C:\PycharmProjects\Alcohol Detection\dataset\Grupo_0\E_0_0\IriTech\E_0_0_2\E_0_0_2_R_5\via_region_data.json
E_0_0_2_R_M_N_N_1981_34_2017.bmp308278,Non-Alcohol,C:\PycharmProjects\Alcohol Detection\dataset\Grupo_0\E_0_0\IriTech\E_0_0_2\E_0_0_2_R_5\via_region_data.json
E_0_0_2_R_M_N_N_1981_35_2017.bmp308278,Non-Alcohol,C:\PycharmProjects\Alcohol Detection\dataset\Grupo_0\E_0_0\IriTech\E_0_0_2\E_0_0_2_R_5\via_region_data.json
E_0_0_2_R_M_N_N_1981_36_2017.bmp308278,Non-Alcohol,C:\PycharmProjects\Alcohol Detection\dataset\Grupo_0\E_0_0\IriTech\E_0_0_2\E_0_0_2_R_5\via_region_data.json
E_0_0_2_R_M_N_N_1981_37_2017.bmp308278,Non-Alcohol,C:\PycharmProjects\Alcohol Detection\dataset\Grupo_0\E_0_0\IriTech\E_0_0_2\E_0_0_2_R_5\via_region_data.json
E_0_0_2_R_M_N_N_1981_38_2017.bmp308278,Non-Alcohol,C:\PycharmProjects\Alcohol Detection\dataset\Grupo_0\E_0_0\IriTech\E_0_0_2\E_0_0_2_R_5\via_region_data.json
E_0_0_2_R_M_N_N_1981_39_2017.bmp308278,Non-Alcohol,C:\PycharmProjects\Alcohol Detection\dataset\Grupo_0\E_0_0\IriTech\E_0_0_2\E_0_0_2_R_5\via_region_data.json
E_0_0_2_R_M_N_N_1981_40_2017.bmp308278,Non-Alcohol,C:\PycharmProjects\Alcohol Detection\dataset\Grupo_0\E_0_0\IriTech\E_0_0_2\E_0_0_2_R_5\via_region_data.json
E_0_0_2_R_M_N_N_1981_41_2017.bmp308278,Non-Alcohol,C:\PycharmProjects\Alcohol Detection\dataset\Grupo_0\E_0_0\IriTech\E_0_0_2\E_0_0_2_R_5\via_region_data.json
E_0_0_2_R_M_N_N_1981_42_2017.bmp308278,Non-Alcohol,C:\PycharmProjects\Alcohol Detection\dataset\Grupo_0\E_0_0\IriTech\E_0_0_2\E_0_0_2_R_5\via_region_data.json
E_0_0_2_R_M_N_N_1981_43_2017.bmp308278,Non-Alcohol,C:\PycharmProjects\Alcohol Detection\dataset\Grupo_0\E_0_0\IriTech\E_0_0_2\E_0_0_2_R_5\via_region_data.json
E_0_0_2_R_M_N_N_1981_44_2017.bmp308278,Non-Alcohol,C:\PycharmProjects\Alcohol Detection\dataset\Grupo_0\E_0_0\IriTech\E_0_0_2\E_0_0_2_R_5\via_region_data.json
E_0_0_2_R_M_N_N_1981_45_2017.bmp308278,Non-Alcohol,C:\PycharmProjects\Alcohol Detection\dataset\Grupo_0\E_0_0\IriTech\E_0_0_2\E_0_0_2_R_5\via_region_data.json
E_0_0_2_R_M_N_N_1981_46_2017.bmp308278,Non-Alcohol,C:\PycharmProjects\Alcohol Detection\dataset\Grupo_0\E_0_0\IriTech\E_0_0_2\E_0_0_2_R_5\via_region_data.json
E_0_0_2_R_M_N_N_1981_47_2017.bmp308278,Non-Alcohol,C:\PycharmProjects\Alcohol Detection\dataset\Grupo_0\E_0_0\IriTech\E_0_0_2\E_0_0_2_R_5\via_region_data.json
E_0_0_2_R_M_N_N_1981_48_2017.bmp308278,Non-Alcohol,C:\PycharmProjects\Alcohol Detection\dataset\Grupo_0\E_0_0\IriTech\E_0_0_2\E_0_0_2_R_5\via_region_data.json
E_0_0_2_R_M_N_N_1981_49_2017.bmp308278,Non-Alcohol,C:\PycharmProjects\Alcohol Detection\dataset\Grupo_0\E_0_0\IriTech\E_0_0_2\E_0_0_2_R_5\via_region_data.json
E_0_0_2_R_M_N_N_1981_50_2017.bmp308278,Non-Alcohol,C:\PycharmProjects\Alcohol Detection\dataset\Grupo_0\E_0_0\IriTech\E_0_0_2\E_0_0_2_R_5\via_region_data.json
E_0_0_2_R_M_N_N_1981_51_2017.bmp308278,Non-Alcohol,C:\PycharmProjects\Alcohol Detection\dataset\Grupo_0\E_0_0\IriTech\E_0_0_2\E_0_0_2_R_5\via_region_data.json
E_0_0_2_R_M_N_N_1981_52_2017.bmp308278,Non-Alcohol,C:\PycharmProjects\Alcohol Detection\dataset\Grupo_0\E_0_0\IriTech\E_0_0_2\E_0_0_2_R_5\via_region_data.json
E_0_0_2_R_M_N_N_1981_53_2017.bmp308278,Non-Alcohol,C:\PycharmProjects\Alcohol Detection\dataset\Grupo_0\E_0_0\IriTech\E_0_0_2\E_0_0_2_R_5\via_region_data.json
E_0_0_2_R_M_N_N_1981_54_2017.bmp308278,Non-Alcohol,C:\PycharmProjects\Alcohol Detection\dataset\Grupo_0\E_0_0\IriTech\E_0_0_2\E_0_0_2_R_5\via_region_data.json
E_0_0_2_R_M_N_N_1981_55_2017.bmp308278,Non-Alcohol,C:\PycharmProjects\Alcohol Detection\dataset\Grupo_0\E_0_0\IriTech\E_0_0_2\E_0_0_2_R_5\via_region_data.json
E_0_0_2_R_M_N_N_1981_56_2017.bmp308278,Non-Alcohol,C:\PycharmProjects\Alcohol Detection\dataset\Grupo_0\E_0_0\IriTech\E_0_0_2\E_0_0_2_R_5\via_region_data.json
E_0_0_2_R_M_N_N_1981_57_2017.bmp308278,Non-Alcohol,C:\PycharmProjects\Alcohol Detection\dataset\Grupo_0\E_0_0\IriTech\E_0_0_2\E_0_0_2_R_5\via_region_data.json
E_0_0_2_R_M_N_N_1981_58_2017.bmp308278,Non-Alcohol,C:\PycharmProjects\Alcohol Detection\dataset\Grupo_0\E_0_0\IriTech\E_0_0_2\E_0_0_2_R_5\via_region_data.json
E_0_0_2_R_M_N_N_1981_59_2017.bmp308278,Non-Alcohol,C:\PycharmProjects\Alcohol Detection\dataset\Grupo_0\E_0_0\IriTech\E_0_0_2\E_0_0_2_R_5\via_region_data.json
E_0_0_2_R_M_N_N_1981_60_2017.bmp308278,Non-Alcohol,C:\PycharmProjects\Alcohol Detection\dataset\Grupo_0\E_0_0\IriTech\E_0_0_2\E_0_0_2_R_5\via_region_data.json
E_0_0_2_R_M_N_N_1981_61_2017.bmp308278,Non-Alcohol,C:\PycharmProjects\Alcohol Detection\dataset\Grupo_0\E_0_0\IriTech\E_0_0_2\E_0_0_2_R_5\via_region_data.json
E_0_0_2_R_M_N_N_1981_62_2017.bmp308278,Non-Alcohol,C:\PycharmProjects\Alcohol Detection\dataset\Grupo_0\E_0_0\IriTech\E_0_0_2\E_0_0_2_R_5\via_region_data.json
E_0_0_2_R_M_N_N_1981_63_2017.bmp308278,Non-Alcohol,C:\PycharmProjects\Alcohol Detection\dataset\Grupo_0\E_0_0\IriTech\E_0_0_2\E_0_0_2_R_5\via_region_data.json
E_0_0_2_R_M_N_N_1981_64_2017.bmp308278,Non-Alcohol,C:\PycharmProjects\Alcohol Detection\dataset\Grupo_0\E_0_0\IriTech\E_0_0_2\E_0_0_2_R_5\via_region_data.json
E_0_0_2_R_M_N_N_1981_65_2017.bmp308278,Non-Alcohol,C:\PycharmProjects\Alcohol Detection\dataset\Grupo_0\E_0_0\IriTech\E_0_0_2\E_0_0_2_R_5\via_region_data.json
E_0_0_2_R_M_N_N_1981_66_2017.bmp308278,Non-Alcohol,C:\PycharmProjects\Alcohol Detection\dataset\Grupo_0\E_0_0\IriTech\E_0_0_2\E_0_0_2_R_5\via_region_data.json
E_0_0_2_R_M_N_N_1981_67_2017.bmp308278,Non-Alcohol,C:\PycharmProjects\Alcohol Detection\dataset\Grupo_0\E_0_0\IriTech\E_0_0_2\E_0_0_2_R_5\via_region_data.json
E_0_0_2_R_M_N_N_1981_68_2017.bmp308278,Non-Alcohol,C:\PycharmProjects\Alcohol Detection\dataset\Grupo_0\E_0_0\IriTech\E_0_0_2\E_0_0_2_R_5\via_region_data.json
E_0_0_2_R_M_N_N_1981_69_2017.bmp308278,Non-Alcohol,C:\PycharmProjects\Alcohol Detection\dataset\Grupo_0\E_0_0\IriTech\E_0_0_2\E_0_0_2_R_5\via_region_data.json
E_0_0_2_R_M_N_N_1981_70_2017.bmp308278,Non-Alcohol,C:\PycharmProjects\Alcohol Detection\dataset\Grupo_0\E_0_0\IriTech\E_0_0_2\E_0_0_2_R_5\via_region_data.json
E_0_0_2_R_M_N_N_1981_71_2017.bmp308278,Non-Alcohol,C:\PycharmProjects\Alcohol Detection\dataset\Grupo_0\E_0_0\IriTech\E_0_0_2\E_0_0_2_R_5\via_region_data.json
E_0_0_2_R_M_N_N_1981_72_2017.bmp308278,Non-Alcohol,C:\PycharmProjects\Alcohol Detection\dataset\Grupo_0\E_0_0\IriTech\E_0_0_2\E_0_0_2_R_5\via_region_data.json
E_0_0_2_R_M_N_N_1981_73_2017.bmp308278,Non-Alcohol,C:\PycharmProjects\Alcohol Detection\dataset\Grupo_0\E_0_0\IriTech\E_0_0_2\E_0_0_2_R_5\via_region_data.json
E_0_0_2_R_M_N_N_1981_74_2017.bmp308278,Non-Alcohol,C:\PycharmProjects\Alcohol Detection\dataset\Grupo_0\E_0_0\IriTech\E_0_0_2\E_0_0_2_R_5\via_region_data.json
E_0_0_2_R_M_N_N_1981_75_2017.bmp308278,Non-Alcohol,C:\PycharmProjects\Alcohol Detection\dataset\Grupo_0\E_0_0\IriTech\E_0_0_2\E_0_0_2_R_5\via_region_data.json
E_0_0_2_R_M_N_N_1981_76_2017.bmp308278,Non-Alcohol,C:\PycharmProjects\Alcohol Detection\dataset\Grupo_0\E_0_0\IriTech\E_0_0_2\E_0_0_2_R_5\via_region_data.json
E_0_0_2_R_M_N_N_1981_77_2017.bmp308278,Non-Alcohol,C:\PycharmProjects\Alcohol Detection\dataset\Grupo_0\E_0_0\IriTech\E_0_0_2\E_0_0_2_R_5\via_region_data.json
E_0_0_2_R_M_N_N_1981_78_2017.bmp308278,Non-Alcohol,C:\PycharmProjects\Alcohol Detection\dataset\Grupo_0\E_0_0\IriTech\E_0_0_2\E_0_0_2_R_5\via_region_data.json
E_0_0_2_R_M_N_N_1981_79_2017.bmp308278,Non-Alcohol,C:\PycharmProjects\Alcohol Detection\dataset\Grupo_0\E_0_0\IriTech\E_0_0_2\E_0_0_2_R_5\via_region_data.json
E_0_0_2_R_M_N_N_1981_80_2017.bmp308278,Non-Alcohol,C:\PycharmProjects\Alcohol Detection\dataset\Grupo_0\E_0_0\IriTech\E_0_0_2\E_0_0_2_R_5\via_region_data.json
E_0_0_2_R_M_N_N_1981_81_2017.bmp308278,Non-Alcohol,C:\PycharmProjects\Alcohol Detection\dataset\Grupo_0\E_0_0\IriTech\E_0_0_2\E_0_0_2_R_5\via_region_data.json
E_0_0_2_R_M_N_N_1981_82_2017.bmp308278,Non-Alcohol,C:\PycharmProjects\Alcohol Detection\dataset\Grupo_0\E_0_0\IriTech\E_0_0_2\E_0_0_2_R_5\via_region_data.json
E_0_0_2_R_M_N_N_1981_83_2017.bmp308278,Non-Alcohol,C:\PycharmProjects\Alcohol Detection\dataset\Grupo_0\E_0_0\IriTech\E_0_0_2\E_0_0_2_R_5\via_region_data.json
E_0_0_3_L_M_N_N_1981_0_2017.bmp308278,Non-Alcohol,C:\PycharmProjects\Alcohol Detection\dataset\Grupo_0\E_0_0\IriTech\E_0_0_3\via_region_data.json
E_0_0_3_R_M_N_N_1981_0_2017.bmp308278,Non-Alcohol,C:\PycharmProjects\Alcohol Detection\dataset\Grupo_0\E_0_0\IriTech\E_0_0_3\via_region_data.json
E_0_0_3_L_M_N_N_1981_0_2017.bmp308278,Non-Alcohol,C:\PycharmProjects\Alcohol Detection\dataset\Grupo_0\E_0_0\IriTech\E_0_0_3\E_0_0_3_L_5\via_region_data.json
E_0_0_3_L_M_N_N_1981_1_2017.bmp308278,Non-Alcohol,C:\PycharmProjects\Alcohol Detection\dataset\Grupo_0\E_0_0\IriTech\E_0_0_3\E_0_0_3_L_5\via_region_data.json
E_0_0_3_L_M_N_N_1981_2_2017.bmp308278,Non-Alcohol,C:\PycharmProjects\Alcohol Detection\dataset\Grupo_0\E_0_0\IriTech\E_0_0_3\E_0_0_3_L_5\via_region_data.json
E_0_0_3_L_M_N_N_1981_3_2017.bmp308278,Non-Alcohol,C:\PycharmProjects\Alcohol Detection\dataset\Grupo_0\E_0_0\IriTech\E_0_0_3\E_0_0_3_L_5\via_region_data.json
E_0_0_3_L_M_N_N_1981_4_2017.bmp308278,Non-Alcohol,C:\PycharmProjects\Alcohol Detection\dataset\Grupo_0\E_0_0\IriTech\E_0_0_3\E_0_0_3_L_5\via_region_data.json
E_0_0_3_L_M_N_N_1981_5_2017.bmp308278,Non-Alcohol,C:\PycharmProjects\Alcohol Detection\dataset\Grupo_0\E_0_0\IriTech\E_0_0_3\E_0_0_3_L_5\via_region_data.json
E_0_0_3_L_M_N_N_1981_6_2017.bmp308278,Non-Alcohol,C:\PycharmProjects\Alcohol Detection\dataset\Grupo_0\E_0_0\IriTech\E_0_0_3\E_0_0_3_L_5\via_region_data.json
E_0_0_3_L_M_N_N_1981_7_2017.bmp308278,Non-Alcohol,C:\PycharmProjects\Alcohol Detection\dataset\Grupo_0\E_0_0\IriTech\E_0_0_3\E_0_0_3_L_5\via_region_data.json
E_0_0_3_L_M_N_N_1981_8_2017.bmp308278,Non-Alcohol,C:\PycharmProjects\Alcohol Detection\dataset\Grupo_0\E_0_0\IriTech\E_0_0_3\E_0_0_3_L_5\via_region_data.json
E_0_0_3_L_M_N_N_1981_9_2017.bmp308278,Non-Alcohol,C:\PycharmProjects\Alcohol Detection\dataset\Grupo_0\E_0_0\IriTech\E_0_0_3\E_0_0_3_L_5\via_region_data.json
E_0_0_3_L_M_N_N_1981_10_2017.bmp308278,Non-Alcohol,C:\PycharmProjects\Alcohol Detection\dataset\Grupo_0\E_0_0\IriTech\E_0_0_3\E_0_0_3_L_5\via_region_data.json
E_0_0_3_L_M_N_N_1981_11_2017.bmp308278,Non-Alcohol,C:\PycharmProjects\Alcohol Detection\dataset\Grupo_0\E_0_0\IriTech\E_0_0_3\E_0_0_3_L_5\via_region_data.json
E_0_0_3_L_M_N_N_1981_12_2017.bmp308278,Non-Alcohol,C:\PycharmProjects\Alcohol Detection\dataset\Grupo_0\E_0_0\IriTech\E_0_0_3\E_0_0_3_L_5\via_region_data.json
E_0_0_3_L_M_N_N_1981_13_2017.bmp308278,Non-Alcohol,C:\PycharmProjects\Alcohol Detection\dataset\Grupo_0\E_0_0\IriTech\E_0_0_3\E_0_0_3_L_5\via_region_data.json
E_0_0_3_L_M_N_N_1981_14_2017.bmp308278,Non-Alcohol,C:\PycharmProjects\Alcohol Detection\dataset\Grupo_0\E_0_0\IriTech\E_0_0_3\E_0_0_3_L_5\via_region_data.json
E_0_0_3_L_M_N_N_1981_15_2017.bmp308278,Non-Alcohol,C:\PycharmProjects\Alcohol Detection\dataset\Grupo_0\E_0_0\IriTech\E_0_0_3\E_0_0_3_L_5\via_region_data.json
E_0_0_3_L_M_N_N_1981_16_2017.bmp308278,Non-Alcohol,C:\PycharmProjects\Alcohol Detection\dataset\Grupo_0\E_0_0\IriTech\E_0_0_3\E_0_0_3_L_5\via_region_data.json
E_0_0_3_L_M_N_N_1981_17_2017.bmp308278,Non-Alcohol,C:\PycharmProjects\Alcohol Detection\dataset\Grupo_0\E_0_0\IriTech\E_0_0_3\E_0_0_3_L_5\via_region_data.json
E_0_0_3_L_M_N_N_1981_18_2017.bmp308278,Non-Alcohol,C:\PycharmProjects\Alcohol Detection\dataset\Grupo_0\E_0_0\IriTech\E_0_0_3\E_0_0_3_L_5\via_region_data.json
E_0_0_3_L_M_N_N_1981_19_2017.bmp308278,Non-Alcohol,C:\PycharmProjects\Alcohol Detection\dataset\Grupo_0\E_0_0\IriTech\E_0_0_3\E_0_0_3_L_5\via_region_data.json
E_0_0_3_L_M_N_N_1981_20_2017.bmp308278,Non-Alcohol,C:\PycharmProjects\Alcohol Detection\dataset\Grupo_0\E_0_0\IriTech\E_0_0_3\E_0_0_3_L_5\via_region_data.json
E_0_0_3_L_M_N_N_1981_21_2017.bmp308278,Non-Alcohol,C:\PycharmProjects\Alcohol Detection\dataset\Grupo_0\E_0_0\IriTech\E_0_0_3\E_0_0_3_L_5\via_region_data.json
E_0_0_3_L_M_N_N_1981_22_2017.bmp308278,Non-Alcohol,C:\PycharmProjects\Alcohol Detection\dataset\Grupo_0\E_0_0\IriTech\E_0_0_3\E_0_0_3_L_5\via_region_data.json
E_0_0_3_L_M_N_N_1981_23_2017.bmp308278,Non-Alcohol,C:\PycharmProjects\Alcohol Detection\dataset\Grupo_0\E_0_0\IriTech\E_0_0_3\E_0_0_3_L_5\via_region_data.json
E_0_0_3_L_M_N_N_1981_24_2017.bmp308278,Non-Alcohol,C:\PycharmProjects\Alcohol Detection\dataset\Grupo_0\E_0_0\IriTech\E_0_0_3\E_0_0_3_L_5\via_region_data.json
E_0_0_3_L_M_N_N_1981_25_2017.bmp308278,Non-Alcohol,C:\PycharmProjects\Alcohol Detection\dataset\Grupo_0\E_0_0\IriTech\E_0_0_3\E_0_0_3_L_5\via_region_data.json
E_0_0_3_L_M_N_N_1981_26_2017.bmp308278,Non-Alcohol,C:\PycharmProjects\Alcohol Detection\dataset\Grupo_0\E_0_0\IriTech\E_0_0_3\E_0_0_3_L_5\via_region_data.json
E_0_0_3_L_M_N_N_1981_27_2017.bmp308278,Non-Alcohol,C:\PycharmProjects\Alcohol Detection\dataset\Grupo_0\E_0_0\IriTech\E_0_0_3\E_0_0_3_L_5\via_region_data.json
E_0_0_3_L_M_N_N_1981_28_2017.bmp308278,Non-Alcohol,C:\PycharmProjects\Alcohol Detection\dataset\Grupo_0\E_0_0\IriTech\E_0_0_3\E_0_0_3_L_5\via_region_data.json
E_0_0_3_L_M_N_N_1981_29_2017.bmp308278,Non-Alcohol,C:\PycharmProjects\Alcohol Detection\dataset\Grupo_0\E_0_0\IriTech\E_0_0_3\E_0_0_3_L_5\via_region_data.json
E_0_0_3_L_M_N_N_1981_30_2017.bmp308278,Non-Alcohol,C:\PycharmProjects\Alcohol Detection\dataset\Grupo_0\E_0_0\IriTech\E_0_0_3\E_0_0_3_L_5\via_region_data.json
E_0_0_3_L_M_N_N_1981_31_2017.bmp308278,Non-Alcohol,C:\PycharmProjects\Alcohol Detection\dataset\Grupo_0\E_0_0\IriTech\E_0_0_3\E_0_0_3_L_5\via_region_data.json
E_0_0_3_L_M_N_N_1981_32_2017.bmp308278,Non-Alcohol,C:\PycharmProjects\Alcohol Detection\dataset\Grupo_0\E_0_0\IriTech\E_0_0_3\E_0_0_3_L_5\via_region_data.json
E_0_0_3_L_M_N_N_1981_33_2017.bmp308278,Non-Alcohol,C:\PycharmProjects\Alcohol Detection\dataset\Grupo_0\E_0_0\IriTech\E_0_0_3\E_0_0_3_L_5\via_region_data.json
E_0_0_3_L_M_N_N_1981_34_2017.bmp308278,Non-Alcohol,C:\PycharmProjects\Alcohol Detection\dataset\Grupo_0\E_0_0\IriTech\E_0_0_3\E_0_0_3_L_5\via_region_data.json
E_0_0_3_L_M_N_N_1981_35_2017.bmp308278,Non-Alcohol,C:\PycharmProjects\Alcohol Detection\dataset\Grupo_0\E_0_0\IriTech\E_0_0_3\E_0_0_3_L_5\via_region_data.json
E_0_0_3_L_M_N_N_1981_36_2017.bmp308278,Non-Alcohol,C:\PycharmProjects\Alcohol Detection\dataset\Grupo_0\E_0_0\IriTech\E_0_0_3\E_0_0_3_L_5\via_region_data.json
E_0_0_3_L_M_N_N_1981_37_2017.bmp308278,Non-Alcohol,C:\PycharmProjects\Alcohol Detection\dataset\Grupo_0\E_0_0\IriTech\E_0_0_3\E_0_0_3_L_5\via_region_data.json
E_0_0_3_L_M_N_N_1981_38_2017.bmp308278,Non-Alcohol,C:\PycharmProjects\Alcohol Detection\dataset\Grupo_0\E_0_0\IriTech\E_0_0_3\E_0_0_3_L_5\via_region_data.json
E_0_0_3_L_M_N_N_1981_39_2017.bmp308278,Non-Alcohol,C:\PycharmProjects\Alcohol Detection\dataset\Grupo_0\E_0_0\IriTech\E_0_0_3\E_0_0_3_L_5\via_region_data.json
E_0_0_3_L_M_N_N_1981_40_2017.bmp308278,Non-Alcohol,C:\PycharmProjects\Alcohol Detection\dataset\Grupo_0\E_0_0\IriTech\E_0_0_3\E_0_0_3_L_5\via_region_data.json
E_0_0_3_L_M_N_N_1981_41_2017.bmp308278,Non-Alcohol,C:\PycharmProjects\Alcohol Detection\dataset\Grupo_0\E_0_0\IriTech\E_0_0_3\E_0_0_3_L_5\via_region_data.json
E_0_0_3_L_M_N_N_1981_42_2017.bmp308278,Non-Alcohol,C:\PycharmProjects\Alcohol Detection\dataset\Grupo_0\E_0_0\IriTech\E_0_0_3\E_0_0_3_L_5\via_region_data.json
E_0_0_3_L_M_N_N_1981_43_2017.bmp308278,Non-Alcohol,C:\PycharmProjects\Alcohol Detection\dataset\Grupo_0\E_0_0\IriTech\E_0_0_3\E_0_0_3_L_5\via_region_data.json
E_0_0_3_L_M_N_N_1981_44_2017.bmp308278,Non-Alcohol,C:\PycharmProjects\Alcohol Detection\dataset\Grupo_0\E_0_0\IriTech\E_0_0_3\E_0_0_3_L_5\via_region_data.json
E_0_0_3_L_M_N_N_1981_45_2017.bmp308278,Non-Alcohol,C:\PycharmProjects\Alcohol Detection\dataset\Grupo_0\E_0_0\IriTech\E_0_0_3\E_0_0_3_L_5\via_region_data.json
E_0_0_3_L_M_N_N_1981_46_2017.bmp308278,Non-Alcohol,C:\PycharmProjects\Alcohol Detection\dataset\Grupo_0\E_0_0\IriTech\E_0_0_3\E_0_0_3_L_5\via_region_data.json
E_0_0_3_L_M_N_N_1981_47_2017.bmp308278,Non-Alcohol,C:\PycharmProjects\Alcohol Detection\dataset\Grupo_0\E_0_0\IriTech\E_0_0_3\E_0_0_3_L_5\via_region_data.json
E_0_0_3_L_M_N_N_1981_48_2017.bmp308278,Non-Alcohol,C:\PycharmProjects\Alcohol Detection\dataset\Grupo_0\E_0_0\IriTech\E_0_0_3\E_0_0_3_L_5\via_region_data.json
E_0_0_3_L_M_N_N_1981_49_2017.bmp308278,Non-Alcohol,C:\PycharmProjects\Alcohol Detection\dataset\Grupo_0\E_0_0\IriTech\E_0_0_3\E_0_0_3_L_5\via_region_data.json
E_0_0_3_L_M_N_N_1981_50_2017.bmp308278,Non-Alcohol,C:\PycharmProjects\Alcohol Detection\dataset\Grupo_0\E_0_0\IriTech\E_0_0_3\E_0_0_3_L_5\via_region_data.json
E_0_0_3_L_M_N_N_1981_51_2017.bmp308278,Non-Alcohol,C:\PycharmProjects\Alcohol Detection\dataset\Grupo_0\E_0_0\IriTech\E_0_0_3\E_0_0_3_L_5\via_region_data.json
E_0_0_3_L_M_N_N_1981_52_2017.bmp308278,Non-Alcohol,C:\PycharmProjects\Alcohol Detection\dataset\Grupo_0\E_0_0\IriTech\E_0_0_3\E_0_0_3_L_5\via_region_data.json
E_0_0_3_L_M_N_N_1981_53_2017.bmp308278,Non-Alcohol,C:\PycharmProjects\Alcohol Detection\dataset\Grupo_0\E_0_0\IriTech\E_0_0_3\E_0_0_3_L_5\via_region_data.json
E_0_0_3_L_M_N_N_1981_54_2017.bmp308278,Non-Alcohol,C:\PycharmProjects\Alcohol Detection\dataset\Grupo_0\E_0_0\IriTech\E_0_0_3\E_0_0_3_L_5\via_region_data.json
E_0_0_3_L_M_N_N_1981_55_2017.bmp308278,Non-Alcohol,C:\PycharmProjects\Alcohol Detection\dataset\Grupo_0\E_0_0\IriTech\E_0_0_3\E_0_0_3_L_5\via_region_data.json
E_0_0_3_L_M_N_N_1981_56_2017.bmp308278,Non-Alcohol,C:\PycharmProjects\Alcohol Detection\dataset\Grupo_0\E_0_0\IriTech\E_0_0_3\E_0_0_3_L_5\via_region_data.json
E_0_0_3_L_M_N_N_1981_57_2017.bmp308278,Non-Alcohol,C:\PycharmProjects\Alcohol Detection\dataset\Grupo_0\E_0_0\IriTech\E_0_0_3\E_0_0_3_L_5\via_region_data.json
E_0_0_3_L_M_N_N_1981_58_2017.bmp308278,Non-Alcohol,C:\PycharmProjects\Alcohol Detection\dataset\Grupo_0\E_0_0\IriTech\E_0_0_3\E_0_0_3_L_5\via_region_data.json
E_0_0_3_L_M_N_N_1981_59_2017.bmp308278,Non-Alcohol,C:\PycharmProjects\Alcohol Detection\dataset\Grupo_0\E_0_0\IriTech\E_0_0_3\E_0_0_3_L_5\via_region_data.json
E_0_0_3_L_M_N_N_1981_60_2017.bmp308278,Non-Alcohol,C:\PycharmProjects\Alcohol Detection\dataset\Grupo_0\E_0_0\IriTech\E_0_0_3\E_0_0_3_L_5\via_region_data.json
E_0_0_3_L_M_N_N_1981_61_2017.bmp308278,Non-Alcohol,C:\PycharmProjects\Alcohol Detection\dataset\Grupo_0\E_0_0\IriTech\E_0_0_3\E_0_0_3_L_5\via_region_data.json
E_0_0_3_L_M_N_N_1981_62_2017.bmp308278,Non-Alcohol,C:\PycharmProjects\Alcohol Detection\dataset\Grupo_0\E_0_0\IriTech\E_0_0_3\E_0_0_3_L_5\via_region_data.json
E_0_0_3_L_M_N_N_1981_63_2017.bmp308278,Non-Alcohol,C:\PycharmProjects\Alcohol Detection\dataset\Grupo_0\E_0_0\IriTech\E_0_0_3\E_0_0_3_L_5\via_region_data.json
E_0_0_3_L_M_N_N_1981_64_2017.bmp308278,Non-Alcohol,C:\PycharmProjects\Alcohol Detection\dataset\Grupo_0\E_0_0\IriTech\E_0_0_3\E_0_0_3_L_5\via_region_data.json
E_0_0_3_L_M_N_N_1981_65_2017.bmp308278,Non-Alcohol,C:\PycharmProjects\Alcohol Detection\dataset\Grupo_0\E_0_0\IriTech\E_0_0_3\E_0_0_3_L_5\via_region_data.json
E_0_0_3_L_M_N_N_1981_66_2017.bmp308278,Non-Alcohol,C:\PycharmProjects\Alcohol Detection\dataset\Grupo_0\E_0_0\IriTech\E_0_0_3\E_0_0_3_L_5\via_region_data.json
E_0_0_3_L_M_N_N_1981_67_2017.bmp308278,Non-Alcohol,C:\PycharmProjects\Alcohol Detection\dataset\Grupo_0\E_0_0\IriTech\E_0_0_3\E_0_0_3_L_5\via_region_data.json
E_0_0_3_L_M_N_N_1981_68_2017.bmp308278,Non-Alcohol,C:\PycharmProjects\Alcohol Detection\dataset\Grupo_0\E_0_0\IriTech\E_0_0_3\E_0_0_3_L_5\via_region_data.json
E_0_0_3_L_M_N_N_1981_69_2017.bmp308278,Non-Alcohol,C:\PycharmProjects\Alcohol Detection\dataset\Grupo_0\E_0_0\IriTech\E_0_0_3\E_0_0_3_L_5\via_region_data.json
E_0_0_3_L_M_N_N_1981_70_2017.bmp308278,Non-Alcohol,C:\PycharmProjects\Alcohol Detection\dataset\Grupo_0\E_0_0\IriTech\E_0_0_3\E_0_0_3_L_5\via_region_data.json
E_0_0_3_L_M_N_N_1981_71_2017.bmp308278,Non-Alcohol,C:\PycharmProjects\Alcohol Detection\dataset\Grupo_0\E_0_0\IriTech\E_0_0_3\E_0_0_3_L_5\via_region_data.json
E_0_0_3_L_M_N_N_1981_72_2017.bmp308278,Non-Alcohol,C:\PycharmProjects\Alcohol Detection\dataset\Grupo_0\E_0_0\IriTech\E_0_0_3\E_0_0_3_L_5\via_region_data.json
E_0_0_3_L_M_N_N_1981_73_2017.bmp308278,Non-Alcohol,C:\PycharmProjects\Alcohol Detection\dataset\Grupo_0\E_0_0\IriTech\E_0_0_3\E_0_0_3_L_5\via_region_data.json
E_0_0_3_L_M_N_N_1981_74_2017.bmp308278,Non-Alcohol,C:\PycharmProjects\Alcohol Detection\dataset\Grupo_0\E_0_0\IriTech\E_0_0_3\E_0_0_3_L_5\via_region_data.json
E_0_0_3_L_M_N_N_1981_75_2017.bmp308278,Non-Alcohol,C:\PycharmProjects\Alcohol Detection\dataset\Grupo_0\E_0_0\IriTech\E_0_0_3\E_0_0_3_L_5\via_region_data.json
E_0_0_3_L_M_N_N_1981_76_2017.bmp308278,Non-Alcohol,C:\PycharmProjects\Alcohol Detection\dataset\Grupo_0\E_0_0\IriTech\E_0_0_3\E_0_0_3_L_5\via_region_data.json
E_0_0_3_L_M_N_N_1981_77_2017.bmp308278,Non-Alcohol,C:\PycharmProjects\Alcohol Detection\dataset\Grupo_0\E_0_0\IriTech\E_0_0_3\E_0_0_3_L_5\via_region_data.json
E_0_0_3_L_M_N_N_1981_78_2017.bmp308278,Non-Alcohol,C:\PycharmProjects\Alcohol Detection\dataset\Grupo_0\E_0_0\IriTech\E_0_0_3\E_0_0_3_L_5\via_region_data.json
E_0_0_3_R_M_N_N_1981_0_2017.bmp308278,Non-Alcohol,C:\PycharmProjects\Alcohol Detection\dataset\Grupo_0\E_0_0\IriTech\E_0_0_3\E_0_0_3_R_5\via_region_data.json
E_0_0_3_R_M_N_N_1981_1_2017.bmp308278,Non-Alcohol,C:\PycharmProjects\Alcohol Detection\dataset\Grupo_0\E_0_0\IriTech\E_0_0_3\E_0_0_3_R_5\via_region_data.json
E_0_0_3_R_M_N_N_1981_2_2017.bmp308278,Non-Alcohol,C:\PycharmProjects\Alcohol Detection\dataset\Grupo_0\E_0_0\IriTech\E_0_0_3\E_0_0_3_R_5\via_region_data.json
E_0_0_3_R_M_N_N_1981_3_2017.bmp308278,Non-Alcohol,C:\PycharmProjects\Alcohol Detection\dataset\Grupo_0\E_0_0\IriTech\E_0_0_3\E_0_0_3_R_5\via_region_data.json
E_0_0_3_R_M_N_N_1981_4_2017.bmp308278,Non-Alcohol,C:\PycharmProjects\Alcohol Detection\dataset\Grupo_0\E_0_0\IriTech\E_0_0_3\E_0_0_3_R_5\via_region_data.json
E_0_0_3_R_M_N_N_1981_5_2017.bmp308278,Non-Alcohol,C:\PycharmProjects\Alcohol Detection\dataset\Grupo_0\E_0_0\IriTech\E_0_0_3\E_0_0_3_R_5\via_region_data.json
E_0_0_3_R_M_N_N_1981_6_2017.bmp308278,Non-Alcohol,C:\PycharmProjects\Alcohol Detection\dataset\Grupo_0\E_0_0\IriTech\E_0_0_3\E_0_0_3_R_5\via_region_data.json
E_0_0_3_R_M_N_N_1981_7_2017.bmp308278,Non-Alcohol,C:\PycharmProjects\Alcohol Detection\dataset\Grupo_0\E_0_0\IriTech\E_0_0_3\E_0_0_3_R_5\via_region_data.json
E_0_0_3_R_M_N_N_1981_8_2017.bmp308278,Non-Alcohol,C:\PycharmProjects\Alcohol Detection\dataset\Grupo_0\E_0_0\IriTech\E_0_0_3\E_0_0_3_R_5\via_region_data.json
E_0_0_3_R_M_N_N_1981_9_2017.bmp308278,Non-Alcohol,C:\PycharmProjects\Alcohol Detection\dataset\Grupo_0\E_0_0\IriTech\E_0_0_3\E_0_0_3_R_5\via_region_data.json
E_0_0_3_R_M_N_N_1981_10_2017.bmp308278,Non-Alcohol,C:\PycharmProjects\Alcohol Detection\dataset\Grupo_0\E_0_0\IriTech\E_0_0_3\E_0_0_3_R_5\via_region_data.json
E_0_0_3_R_M_N_N_1981_11_2017.bmp308278,Non-Alcohol,C:\PycharmProjects\Alcohol Detection\dataset\Grupo_0\E_0_0\IriTech\E_0_0_3\E_0_0_3_R_5\via_region_data.json
E_0_0_3_R_M_N_N_1981_12_2017.bmp308278,Non-Alcohol,C:\PycharmProjects\Alcohol Detection\dataset\Grupo_0\E_0_0\IriTech\E_0_0_3\E_0_0_3_R_5\via_region_data.json
E_0_0_3_R_M_N_N_1981_13_2017.bmp308278,Non-Alcohol,C:\PycharmProjects\Alcohol Detection\dataset\Grupo_0\E_0_0\IriTech\E_0_0_3\E_0_0_3_R_5\via_region_data.json
E_0_0_3_R_M_N_N_1981_14_2017.bmp308278,Non-Alcohol,C:\PycharmProjects\Alcohol Detection\dataset\Grupo_0\E_0_0\IriTech\E_0_0_3\E_0_0_3_R_5\via_region_data.json
E_0_0_3_R_M_N_N_1981_15_2017.bmp308278,Non-Alcohol,C:\PycharmProjects\Alcohol Detection\dataset\Grupo_0\E_0_0\IriTech\E_0_0_3\E_0_0_3_R_5\via_region_data.json
E_0_0_3_R_M_N_N_1981_16_2017.bmp308278,Non-Alcohol,C:\PycharmProjects\Alcohol Detection\dataset\Grupo_0\E_0_0\IriTech\E_0_0_3\E_0_0_3_R_5\via_region_data.json
E_0_0_3_R_M_N_N_1981_17_2017.bmp308278,Non-Alcohol,C:\PycharmProjects\Alcohol Detection\dataset\Grupo_0\E_0_0\IriTech\E_0_0_3\E_0_0_3_R_5\via_region_data.json
E_0_0_3_R_M_N_N_1981_18_2017.bmp308278,Non-Alcohol,C:\PycharmProjects\Alcohol Detection\dataset\Grupo_0\E_0_0\IriTech\E_0_0_3\E_0_0_3_R_5\via_region_data.json
E_0_0_3_R_M_N_N_1981_19_2017.bmp308278,Non-Alcohol,C:\PycharmProjects\Alcohol Detection\dataset\Grupo_0\E_0_0\IriTech\E_0_0_3\E_0_0_3_R_5\via_region_data.json
E_0_0_3_R_M_N_N_1981_20_2017.bmp308278,Non-Alcohol,C:\PycharmProjects\Alcohol Detection\dataset\Grupo_0\E_0_0\IriTech\E_0_0_3\E_0_0_3_R_5\via_region_data.json
E_0_0_3_R_M_N_N_1981_21_2017.bmp308278,Non-Alcohol,C:\PycharmProjects\Alcohol Detection\dataset\Grupo_0\E_0_0\IriTech\E_0_0_3\E_0_0_3_R_5\via_region_data.json
E_0_0_3_R_M_N_N_1981_22_2017.bmp308278,Non-Alcohol,C:\PycharmProjects\Alcohol Detection\dataset\Grupo_0\E_0_0\IriTech\E_0_0_3\E_0_0_3_R_5\via_region_data.json
E_0_0_3_R_M_N_N_1981_23_2017.bmp308278,Non-Alcohol,C:\PycharmProjects\Alcohol Detection\dataset\Grupo_0\E_0_0\IriTech\E_0_0_3\E_0_0_3_R_5\via_region_data.json
E_0_0_3_R_M_N_N_1981_24_2017.bmp308278,Non-Alcohol,C:\PycharmProjects\Alcohol Detection\dataset\Grupo_0\E_0_0\IriTech\E_0_0_3\E_0_0_3_R_5\via_region_data.json
E_0_0_3_R_M_N_N_1981_25_2017.bmp308278,Non-Alcohol,C:\PycharmProjects\Alcohol Detection\dataset\Grupo_0\E_0_0\IriTech\E_0_0_3\E_0_0_3_R_5\via_region_data.json
E_0_0_3_R_M_N_N_1981_26_2017.bmp308278,Non-Alcohol,C:\PycharmProjects\Alcohol Detection\dataset\Grupo_0\E_0_0\IriTech\E_0_0_3\E_0_0_3_R_5\via_region_data.json
E_0_0_3_R_M_N_N_1981_27_2017.bmp308278,Non-Alcohol,C:\PycharmProjects\Alcohol Detection\dataset\Grupo_0\E_0_0\IriTech\E_0_0_3\E_0_0_3_R_5\via_region_data.json
E_0_0_3_R_M_N_N_1981_28_2017.bmp308278,Non-Alcohol,C:\PycharmProjects\Alcohol Detection\dataset\Grupo_0\E_0_0\IriTech\E_0_0_3\E_0_0_3_R_5\via_region_data.json
E_0_0_3_R_M_N_N_1981_29_2017.bmp308278,Non-Alcohol,C:\PycharmProjects\Alcohol Detection\dataset\Grupo_0\E_0_0\IriTech\E_0_0_3\E_0_0_3_R_5\via_region_data.json
E_0_0_3_R_M_N_N_1981_30_2017.bmp308278,Non-Alcohol,C:\PycharmProjects\Alcohol Detection\dataset\Grupo_0\E_0_0\IriTech\E_0_0_3\E_0_0_3_R_5\via_region_data.json
E_0_0_3_R_M_N_N_1981_31_2017.bmp308278,Non-Alcohol,C:\PycharmProjects\Alcohol Detection\dataset\Grupo_0\E_0_0\IriTech\E_0_0_3\E_0_0_3_R_5\via_region_data.json
E_0_0_3_R_M_N_N_1981_32_2017.bmp308278,Non-Alcohol,C:\PycharmProjects\Alcohol Detection\dataset\Grupo_0\E_0_0\IriTech\E_0_0_3\E_0_0_3_R_5\via_region_data.json
E_0_0_3_R_M_N_N_1981_33_2017.bmp308278,Non-Alcohol,C:\PycharmProjects\Alcohol Detection\dataset\Grupo_0\E_0_0\IriTech\E_0_0_3\E_0_0_3_R_5\via_region_data.json
E_0_0_3_R_M_N_N_1981_34_2017.bmp308278,Non-Alcohol,C:\PycharmProjects\Alcohol Detection\dataset\Grupo_0\E_0_0\IriTech\E_0_0_3\E_0_0_3_R_5\via_region_data.json
E_0_0_3_R_M_N_N_1981_35_2017.bmp308278,Non-Alcohol,C:\PycharmProjects\Alcohol Detection\dataset\Grupo_0\E_0_0\IriTech\E_0_0_3\E_0_0_3_R_5\via_region_data.json
E_0_0_3_R_M_N_N_1981_36_2017.bmp308278,Non-Alcohol,C:\PycharmProjects\Alcohol Detection\dataset\Grupo_0\E_0_0\IriTech\E_0_0_3\E_0_0_3_R_5\via_region_data.json
E_0_0_3_R_M_N_N_1981_37_2017.bmp308278,Non-Alcohol,C:\PycharmProjects\Alcohol Detection\dataset\Grupo_0\E_0_0\IriTech\E_0_0_3\E_0_0_3_R_5\via_region_data.json
E_0_0_3_R_M_N_N_1981_38_2017.bmp308278,Non-Alcohol,C:\PycharmProjects\Alcohol Detection\dataset\Grupo_0\E_0_0\IriTech\E_0_0_3\E_0_0_3_R_5\via_region_data.json
E_0_0_3_R_M_N_N_1981_39_2017.bmp308278,Non-Alcohol,C:\PycharmProjects\Alcohol Detection\dataset\Grupo_0\E_0_0\IriTech\E_0_0_3\E_0_0_3_R_5\via_region_data.json
E_0_0_3_R_M_N_N_1981_40_2017.bmp308278,Non-Alcohol,C:\PycharmProjects\Alcohol Detection\dataset\Grupo_0\E_0_0\IriTech\E_0_0_3\E_0_0_3_R_5\via_region_data.json
E_0_0_3_R_M_N_N_1981_41_2017.bmp308278,Non-Alcohol,C:\PycharmProjects\Alcohol Detection\dataset\Grupo_0\E_0_0\IriTech\E_0_0_3\E_0_0_3_R_5\via_region_data.json
E_0_0_3_R_M_N_N_1981_42_2017.bmp308278,Non-Alcohol,C:\PycharmProjects\Alcohol Detection\dataset\Grupo_0\E_0_0\IriTech\E_0_0_3\E_0_0_3_R_5\via_region_data.json
E_0_0_3_R_M_N_N_1981_43_2017.bmp308278,Non-Alcohol,C:\PycharmProjects\Alcohol Detection\dataset\Grupo_0\E_0_0\IriTech\E_0_0_3\E_0_0_3_R_5\via_region_data.json
E_0_0_3_R_M_N_N_1981_44_2017.bmp308278,Non-Alcohol,C:\PycharmProjects\Alcohol Detection\dataset\Grupo_0\E_0_0\IriTech\E_0_0_3\E_0_0_3_R_5\via_region_data.json
E_0_0_3_R_M_N_N_1981_45_2017.bmp308278,Non-Alcohol,C:\PycharmProjects\Alcohol Detection\dataset\Grupo_0\E_0_0\IriTech\E_0_0_3\E_0_0_3_R_5\via_region_data.json
E_0_0_3_R_M_N_N_1981_46_2017.bmp308278,Non-Alcohol,C:\PycharmProjects\Alcohol Detection\dataset\Grupo_0\E_0_0\IriTech\E_0_0_3\E_0_0_3_R_5\via_region_data.json
E_0_0_3_R_M_N_N_1981_47_2017.bmp308278,Non-Alcohol,C:\PycharmProjects\Alcohol Detection\dataset\Grupo_0\E_0_0\IriTech\E_0_0_3\E_0_0_3_R_5\via_region_data.json
E_0_0_3_R_M_N_N_1981_48_2017.bmp308278,Non-Alcohol,C:\PycharmProjects\Alcohol Detection\dataset\Grupo_0\E_0_0\IriTech\E_0_0_3\E_0_0_3_R_5\via_region_data.json
E_0_0_3_R_M_N_N_1981_49_2017.bmp308278,Non-Alcohol,C:\PycharmProjects\Alcohol Detection\dataset\Grupo_0\E_0_0\IriTech\E_0_0_3\E_0_0_3_R_5\via_region_data.json
E_0_0_3_R_M_N_N_1981_50_2017.bmp308278,Non-Alcohol,C:\PycharmProjects\Alcohol Detection\dataset\Grupo_0\E_0_0\IriTech\E_0_0_3\E_0_0_3_R_5\via_region_data.json
E_0_0_3_R_M_N_N_1981_51_2017.bmp308278,Non-Alcohol,C:\PycharmProjects\Alcohol Detection\dataset\Grupo_0\E_0_0\IriTech\E_0_0_3\E_0_0_3_R_5\via_region_data.json
E_0_0_3_R_M_N_N_1981_52_2017.bmp308278,Non-Alcohol,C:\PycharmProjects\Alcohol Detection\dataset\Grupo_0\E_0_0\IriTech\E_0_0_3\E_0_0_3_R_5\via_region_data.json
E_0_0_3_R_M_N_N_1981_53_2017.bmp308278,Non-Alcohol,C:\PycharmProjects\Alcohol Detection\dataset\Grupo_0\E_0_0\IriTech\E_0_0_3\E_0_0_3_R_5\via_region_data.json
E_0_0_3_R_M_N_N_1981_54_2017.bmp308278,Non-Alcohol,C:\PycharmProjects\Alcohol Detection\dataset\Grupo_0\E_0_0\IriTech\E_0_0_3\E_0_0_3_R_5\via_region_data.json
E_0_0_3_R_M_N_N_1981_55_2017.bmp308278,Non-Alcohol,C:\PycharmProjects\Alcohol Detection\dataset\Grupo_0\E_0_0\IriTech\E_0_0_3\E_0_0_3_R_5\via_region_data.json
E_0_0_3_R_M_N_N_1981_56_2017.bmp308278,Non-Alcohol,C:\PycharmProjects\Alcohol Detection\dataset\Grupo_0\E_0_0\IriTech\E_0_0_3\E_0_0_3_R_5\via_region_data.json
E_0_0_3_R_M_N_N_1981_57_2017.bmp308278,Non-Alcohol,C:\PycharmProjects\Alcohol Detection\dataset\Grupo_0\E_0_0\IriTech\E_0_0_3\E_0_0_3_R_5\via_region_data.json
E_0_0_3_R_M_N_N_1981_58_2017.bmp308278,Non-Alcohol,C:\PycharmProjects\Alcohol Detection\dataset\Grupo_0\E_0_0\IriTech\E_0_0_3\E_0_0_3_R_5\via_region_data.json
E_0_0_3_R_M_N_N_1981_59_2017.bmp308278,Non-Alcohol,C:\PycharmProjects\Alcohol Detection\dataset\Grupo_0\E_0_0\IriTech\E_0_0_3\E_0_0_3_R_5\via_region_data.json
E_0_0_3_R_M_N_N_1981_60_2017.bmp308278,Non-Alcohol,C:\PycharmProjects\Alcohol Detection\dataset\Grupo_0\E_0_0\IriTech\E_0_0_3\E_0_0_3_R_5\via_region_data.json
E_0_0_3_R_M_N_N_1981_61_2017.bmp308278,Non-Alcohol,C:\PycharmProjects\Alcohol Detection\dataset\Grupo_0\E_0_0\IriTech\E_0_0_3\E_0_0_3_R_5\via_region_data.json
E_0_0_3_R_M_N_N_1981_62_2017.bmp308278,Non-Alcohol,C:\PycharmProjects\Alcohol Detection\dataset\Grupo_0\E_0_0\IriTech\E_0_0_3\E_0_0_3_R_5\via_region_data.json
E_0_0_3_R_M_N_N_1981_63_2017.bmp308278,Non-Alcohol,C:\PycharmProjects\Alcohol Detection\dataset\Grupo_0\E_0_0\IriTech\E_0_0_3\E_0_0_3_R_5\via_region_data.json
E_0_0_3_R_M_N_N_1981_64_2017.bmp308278,Non-Alcohol,C:\PycharmProjects\Alcohol Detection\dataset\Grupo_0\E_0_0\IriTech\E_0_0_3\E_0_0_3_R_5\via_region_data.json
E_0_0_3_R_M_N_N_1981_65_2017.bmp308278,Non-Alcohol,C:\PycharmProjects\Alcohol Detection\dataset\Grupo_0\E_0_0\IriTech\E_0_0_3\E_0_0_3_R_5\via_region_data.json
E_0_0_3_R_M_N_N_1981_66_2017.bmp308278,Non-Alcohol,C:\PycharmProjects\Alcohol Detection\dataset\Grupo_0\E_0_0\IriTech\E_0_0_3\E_0_0_3_R_5\via_region_data.json
E_0_0_3_R_M_N_N_1981_67_2017.bmp308278,Non-Alcohol,C:\PycharmProjects\Alcohol Detection\dataset\Grupo_0\E_0_0\IriTech\E_0_0_3\E_0_0_3_R_5\via_region_data.json
E_0_0_3_R_M_N_N_1981_68_2017.bmp308278,Non-Alcohol,C:\PycharmProjects\Alcohol Detection\dataset\Grupo_0\E_0_0\IriTech\E_0_0_3\E_0_0_3_R_5\via_region_data.json
E_0_0_3_R_M_N_N_1981_69_2017.bmp308278,Non-Alcohol,C:\PycharmProjects\Alcohol Detection\dataset\Grupo_0\E_0_0\IriTech\E_0_0_3\E_0_0_3_R_5\via_region_data.json
E_0_0_3_R_M_N_N_1981_70_2017.bmp308278,Non-Alcohol,C:\PycharmProjects\Alcohol Detection\dataset\Grupo_0\E_0_0\IriTech\E_0_0_3\E_0_0_3_R_5\via_region_data.json
E_0_0_3_R_M_N_N_1981_71_2017.bmp308278,Non-Alcohol,C:\PycharmProjects\Alcohol Detection\dataset\Grupo_0\E_0_0\IriTech\E_0_0_3\E_0_0_3_R_5\via_region_data.json
E_0_0_3_R_M_N_N_1981_72_2017.bmp308278,Non-Alcohol,C:\PycharmProjects\Alcohol Detection\dataset\Grupo_0\E_0_0\IriTech\E_0_0_3\E_0_0_3_R_5\via_region_data.json
E_0_0_3_R_M_N_N_1981_73_2017.bmp308278,Non-Alcohol,C:\PycharmProjects\Alcohol Detection\dataset\Grupo_0\E_0_0\IriTech\E_0_0_3\E_0_0_3_R_5\via_region_data.json
E_0_0_3_R_M_N_N_1981_74_2017.bmp308278,Non-Alcohol,C:\PycharmProjects\Alcohol Detection\dataset\Grupo_0\E_0_0\IriTech\E_0_0_3\E_0_0_3_R_5\via_region_data.json
E_0_0_3_R_M_N_N_1981_75_2017.bmp308278,Non-Alcohol,C:\PycharmProjects\Alcohol Detection\dataset\Grupo_0\E_0_0\IriTech\E_0_0_3\E_0_0_3_R_5\via_region_data.json
E_0_0_3_R_M_N_N_1981_76_2017.bmp308278,Non-Alcohol,C:\PycharmProjects\Alcohol Detection\dataset\Grupo_0\E_0_0\IriTech\E_0_0_3\E_0_0_3_R_5\via_region_data.json
E_0_0_3_R_M_N_N_1981_77_2017.bmp308278,Non-Alcohol,C:\PycharmProjects\Alcohol Detection\dataset\Grupo_0\E_0_0\IriTech\E_0_0_3\E_0_0_3_R_5\via_region_data.json
E_0_0_3_R_M_N_N_1981_78_2017.bmp308278,Non-Alcohol,C:\PycharmProjects\Alcohol Detection\dataset\Grupo_0\E_0_0\IriTech\E_0_0_3\E_0_0_3_R_5\via_region_data.json
E_0_0_3_R_M_N_N_1981_79_2017.bmp308278,Non-Alcohol,C:\PycharmProjects\Alcohol Detection\dataset\Grupo_0\E_0_0\IriTech\E_0_0_3\E_0_0_3_R_5\via_region_data.json
E_0_0_4_L_M_N_N_1981_0_2017.bmp308278,Non-Alcohol,C:\PycharmProjects\Alcohol Detection\dataset\Grupo_0\E_0_0\IriTech\E_0_0_4\via_region_data.json
E_0_0_4_R_M_N_N_1981_0_2017.bmp308278,Non-Alcohol,C:\PycharmProjects\Alcohol Detection\dataset\Grupo_0\E_0_0\IriTech\E_0_0_4\via_region_data.json
E_0_0_4_L_M_N_N_1981_0_2017.bmp308278,Non-Alcohol,C:\PycharmProjects\Alcohol Detection\dataset\Grupo_0\E_0_0\IriTech\E_0_0_4\E_0_0_4_L_5\via_region_data.json
E_0_0_4_L_M_N_N_1981_1_2017.bmp308278,Non-Alcohol,C:\PycharmProjects\Alcohol Detection\dataset\Grupo_0\E_0_0\IriTech\E_0_0_4\E_0_0_4_L_5\via_region_data.json
E_0_0_4_L_M_N_N_1981_2_2017.bmp308278,Non-Alcohol,C:\PycharmProjects\Alcohol Detection\dataset\Grupo_0\E_0_0\IriTech\E_0_0_4\E_0_0_4_L_5\via_region_data.json
E_0_0_4_L_M_N_N_1981_3_2017.bmp308278,Non-Alcohol,C:\PycharmProjects\Alcohol Detection\dataset\Grupo_0\E_0_0\IriTech\E_0_0_4\E_0_0_4_L_5\via_region_data.json
E_0_0_4_L_M_N_N_1981_4_2017.bmp308278,Non-Alcohol,C:\PycharmProjects\Alcohol Detection\dataset\Grupo_0\E_0_0\IriTech\E_0_0_4\E_0_0_4_L_5\via_region_data.json
E_0_0_4_L_M_N_N_1981_5_2017.bmp308278,Non-Alcohol,C:\PycharmProjects\Alcohol Detection\dataset\Grupo_0\E_0_0\IriTech\E_0_0_4\E_0_0_4_L_5\via_region_data.json
E_0_0_4_L_M_N_N_1981_6_2017.bmp308278,Non-Alcohol,C:\PycharmProjects\Alcohol Detection\dataset\Grupo_0\E_0_0\IriTech\E_0_0_4\E_0_0_4_L_5\via_region_data.json
E_0_0_4_L_M_N_N_1981_7_2017.bmp308278,Non-Alcohol,C:\PycharmProjects\Alcohol Detection\dataset\Grupo_0\E_0_0\IriTech\E_0_0_4\E_0_0_4_L_5\via_region_data.json
E_0_0_4_L_M_N_N_1981_8_2017.bmp308278,Non-Alcohol,C:\PycharmProjects\Alcohol Detection\dataset\Grupo_0\E_0_0\IriTech\E_0_0_4\E_0_0_4_L_5\via_region_data.json
E_0_0_4_L_M_N_N_1981_9_2017.bmp308278,Non-Alcohol,C:\PycharmProjects\Alcohol Detection\dataset\Grupo_0\E_0_0\IriTech\E_0_0_4\E_0_0_4_L_5\via_region_data.json
E_0_0_4_L_M_N_N_1981_10_2017.bmp308278,Non-Alcohol,C:\PycharmProjects\Alcohol Detection\dataset\Grupo_0\E_0_0\IriTech\E_0_0_4\E_0_0_4_L_5\via_region_data.json
E_0_0_4_L_M_N_N_1981_11_2017.bmp308278,Non-Alcohol,C:\PycharmProjects\Alcohol Detection\dataset\Grupo_0\E_0_0\IriTech\E_0_0_4\E_0_0_4_L_5\via_region_data.json
E_0_0_4_L_M_N_N_1981_12_2017.bmp308278,Non-Alcohol,C:\PycharmProjects\Alcohol Detection\dataset\Grupo_0\E_0_0\IriTech\E_0_0_4\E_0_0_4_L_5\via_region_data.json
E_0_0_4_L_M_N_N_1981_13_2017.bmp308278,Non-Alcohol,C:\PycharmProjects\Alcohol Detection\dataset\Grupo_0\E_0_0\IriTech\E_0_0_4\E_0_0_4_L_5\via_region_data.json
E_0_0_4_L_M_N_N_1981_14_2017.bmp308278,Non-Alcohol,C:\PycharmProjects\Alcohol Detection\dataset\Grupo_0\E_0_0\IriTech\E_0_0_4\E_0_0_4_L_5\via_region_data.json
E_0_0_4_L_M_N_N_1981_15_2017.bmp308278,Non-Alcohol,C:\PycharmProjects\Alcohol Detection\dataset\Grupo_0\E_0_0\IriTech\E_0_0_4\E_0_0_4_L_5\via_region_data.json
E_0_0_4_L_M_N_N_1981_16_2017.bmp308278,Non-Alcohol,C:\PycharmProjects\Alcohol Detection\dataset\Grupo_0\E_0_0\IriTech\E_0_0_4\E_0_0_4_L_5\via_region_data.json
E_0_0_4_L_M_N_N_1981_17_2017.bmp308278,Non-Alcohol,C:\PycharmProjects\Alcohol Detection\dataset\Grupo_0\E_0_0\IriTech\E_0_0_4\E_0_0_4_L_5\via_region_data.json
E_0_0_4_L_M_N_N_1981_18_2017.bmp308278,Non-Alcohol,C:\PycharmProjects\Alcohol Detection\dataset\Grupo_0\E_0_0\IriTech\E_0_0_4\E_0_0_4_L_5\via_region_data.json
E_0_0_4_L_M_N_N_1981_19_2017.bmp308278,Non-Alcohol,C:\PycharmProjects\Alcohol Detection\dataset\Grupo_0\E_0_0\IriTech\E_0_0_4\E_0_0_4_L_5\via_region_data.json
E_0_0_4_L_M_N_N_1981_20_2017.bmp308278,Non-Alcohol,C:\PycharmProjects\Alcohol Detection\dataset\Grupo_0\E_0_0\IriTech\E_0_0_4\E_0_0_4_L_5\via_region_data.json
E_0_0_4_L_M_N_N_1981_21_2017.bmp308278,Non-Alcohol,C:\PycharmProjects\Alcohol Detection\dataset\Grupo_0\E_0_0\IriTech\E_0_0_4\E_0_0_4_L_5\via_region_data.json
E_0_0_4_L_M_N_N_1981_22_2017.bmp308278,Non-Alcohol,C:\PycharmProjects\Alcohol Detection\dataset\Grupo_0\E_0_0\IriTech\E_0_0_4\E_0_0_4_L_5\via_region_data.json
E_0_0_4_L_M_N_N_1981_23_2017.bmp308278,Non-Alcohol,C:\PycharmProjects\Alcohol Detection\dataset\Grupo_0\E_0_0\IriTech\E_0_0_4\E_0_0_4_L_5\via_region_data.json
E_0_0_4_L_M_N_N_1981_24_2017.bmp308278,Non-Alcohol,C:\PycharmProjects\Alcohol Detection\dataset\Grupo_0\E_0_0\IriTech\E_0_0_4\E_0_0_4_L_5\via_region_data.json
E_0_0_4_L_M_N_N_1981_25_2017.bmp308278,Non-Alcohol,C:\PycharmProjects\Alcohol Detection\dataset\Grupo_0\E_0_0\IriTech\E_0_0_4\E_0_0_4_L_5\via_region_data.json
E_0_0_4_L_M_N_N_1981_26_2017.bmp308278,Non-Alcohol,C:\PycharmProjects\Alcohol Detection\dataset\Grupo_0\E_0_0\IriTech\E_0_0_4\E_0_0_4_L_5\via_region_data.json
E_0_0_4_L_M_N_N_1981_27_2017.bmp308278,Non-Alcohol,C:\PycharmProjects\Alcohol Detection\dataset\Grupo_0\E_0_0\IriTech\E_0_0_4\E_0_0_4_L_5\via_region_data.json
E_0_0_4_L_M_N_N_1981_28_2017.bmp308278,Non-Alcohol,C:\PycharmProjects\Alcohol Detection\dataset\Grupo_0\E_0_0\IriTech\E_0_0_4\E_0_0_4_L_5\via_region_data.json
E_0_0_4_L_M_N_N_1981_29_2017.bmp308278,Non-Alcohol,C:\PycharmProjects\Alcohol Detection\dataset\Grupo_0\E_0_0\IriTech\E_0_0_4\E_0_0_4_L_5\via_region_data.json
E_0_0_4_L_M_N_N_1981_30_2017.bmp308278,Non-Alcohol,C:\PycharmProjects\Alcohol Detection\dataset\Grupo_0\E_0_0\IriTech\E_0_0_4\E_0_0_4_L_5\via_region_data.json
E_0_0_4_L_M_N_N_1981_31_2017.bmp308278,Non-Alcohol,C:\PycharmProjects\Alcohol Detection\dataset\Grupo_0\E_0_0\IriTech\E_0_0_4\E_0_0_4_L_5\via_region_data.json
E_0_0_4_L_M_N_N_1981_32_2017.bmp308278,Non-Alcohol,C:\PycharmProjects\Alcohol Detection\dataset\Grupo_0\E_0_0\IriTech\E_0_0_4\E_0_0_4_L_5\via_region_data.json
E_0_0_4_L_M_N_N_1981_33_2017.bmp308278,Non-Alcohol,C:\PycharmProjects\Alcohol Detection\dataset\Grupo_0\E_0_0\IriTech\E_0_0_4\E_0_0_4_L_5\via_region_data.json
E_0_0_4_L_M_N_N_1981_34_2017.bmp308278,Non-Alcohol,C:\PycharmProjects\Alcohol Detection\dataset\Grupo_0\E_0_0\IriTech\E_0_0_4\E_0_0_4_L_5\via_region_data.json
E_0_0_4_L_M_N_N_1981_35_2017.bmp308278,Non-Alcohol,C:\PycharmProjects\Alcohol Detection\dataset\Grupo_0\E_0_0\IriTech\E_0_0_4\E_0_0_4_L_5\via_region_data.json
E_0_0_4_L_M_N_N_1981_36_2017.bmp308278,Non-Alcohol,C:\PycharmProjects\Alcohol Detection\dataset\Grupo_0\E_0_0\IriTech\E_0_0_4\E_0_0_4_L_5\via_region_data.json
E_0_0_4_L_M_N_N_1981_37_2017.bmp308278,Non-Alcohol,C:\PycharmProjects\Alcohol Detection\dataset\Grupo_0\E_0_0\IriTech\E_0_0_4\E_0_0_4_L_5\via_region_data.json
E_0_0_4_L_M_N_N_1981_38_2017.bmp308278,Non-Alcohol,C:\PycharmProjects\Alcohol Detection\dataset\Grupo_0\E_0_0\IriTech\E_0_0_4\E_0_0_4_L_5\via_region_data.json
E_0_0_4_L_M_N_N_1981_39_2017.bmp308278,Non-Alcohol,C:\PycharmProjects\Alcohol Detection\dataset\Grupo_0\E_0_0\IriTech\E_0_0_4\E_0_0_4_L_5\via_region_data.json
E_0_0_4_L_M_N_N_1981_40_2017.bmp308278,Non-Alcohol,C:\PycharmProjects\Alcohol Detection\dataset\Grupo_0\E_0_0\IriTech\E_0_0_4\E_0_0_4_L_5\via_region_data.json
E_0_0_4_L_M_N_N_1981_41_2017.bmp308278,Non-Alcohol,C:\PycharmProjects\Alcohol Detection\dataset\Grupo_0\E_0_0\IriTech\E_0_0_4\E_0_0_4_L_5\via_region_data.json
E_0_0_4_L_M_N_N_1981_42_2017.bmp308278,Non-Alcohol,C:\PycharmProjects\Alcohol Detection\dataset\Grupo_0\E_0_0\IriTech\E_0_0_4\E_0_0_4_L_5\via_region_data.json
E_0_0_4_L_M_N_N_1981_43_2017.bmp308278,Non-Alcohol,C:\PycharmProjects\Alcohol Detection\dataset\Grupo_0\E_0_0\IriTech\E_0_0_4\E_0_0_4_L_5\via_region_data.json
E_0_0_4_L_M_N_N_1981_44_2017.bmp308278,Non-Alcohol,C:\PycharmProjects\Alcohol Detection\dataset\Grupo_0\E_0_0\IriTech\E_0_0_4\E_0_0_4_L_5\via_region_data.json
E_0_0_4_L_M_N_N_1981_45_2017.bmp308278,Non-Alcohol,C:\PycharmProjects\Alcohol Detection\dataset\Grupo_0\E_0_0\IriTech\E_0_0_4\E_0_0_4_L_5\via_region_data.json
E_0_0_4_L_M_N_N_1981_46_2017.bmp308278,Non-Alcohol,C:\PycharmProjects\Alcohol Detection\dataset\Grupo_0\E_0_0\IriTech\E_0_0_4\E_0_0_4_L_5\via_region_data.json
E_0_0_4_L_M_N_N_1981_47_2017.bmp308278,Non-Alcohol,C:\PycharmProjects\Alcohol Detection\dataset\Grupo_0\E_0_0\IriTech\E_0_0_4\E_0_0_4_L_5\via_region_data.json
E_0_0_4_L_M_N_N_1981_48_2017.bmp308278,Non-Alcohol,C:\PycharmProjects\Alcohol Detection\dataset\Grupo_0\E_0_0\IriTech\E_0_0_4\E_0_0_4_L_5\via_region_data.json
E_0_0_4_L_M_N_N_1981_49_2017.bmp308278,Non-Alcohol,C:\PycharmProjects\Alcohol Detection\dataset\Grupo_0\E_0_0\IriTech\E_0_0_4\E_0_0_4_L_5\via_region_data.json
E_0_0_4_L_M_N_N_1981_50_2017.bmp308278,Non-Alcohol,C:\PycharmProjects\Alcohol Detection\dataset\Grupo_0\E_0_0\IriTech\E_0_0_4\E_0_0_4_L_5\via_region_data.json
E_0_0_4_L_M_N_N_1981_51_2017.bmp308278,Non-Alcohol,C:\PycharmProjects\Alcohol Detection\dataset\Grupo_0\E_0_0\IriTech\E_0_0_4\E_0_0_4_L_5\via_region_data.json
E_0_0_4_L_M_N_N_1981_52_2017.bmp308278,Non-Alcohol,C:\PycharmProjects\Alcohol Detection\dataset\Grupo_0\E_0_0\IriTech\E_0_0_4\E_0_0_4_L_5\via_region_data.json
E_0_0_4_L_M_N_N_1981_53_2017.bmp308278,Non-Alcohol,C:\PycharmProjects\Alcohol Detection\dataset\Grupo_0\E_0_0\IriTech\E_0_0_4\E_0_0_4_L_5\via_region_data.json
E_0_0_4_L_M_N_N_1981_54_2017.bmp308278,Non-Alcohol,C:\PycharmProjects\Alcohol Detection\dataset\Grupo_0\E_0_0\IriTech\E_0_0_4\E_0_0_4_L_5\via_region_data.json
E_0_0_4_L_M_N_N_1981_55_2017.bmp308278,Non-Alcohol,C:\PycharmProjects\Alcohol Detection\dataset\Grupo_0\E_0_0\IriTech\E_0_0_4\E_0_0_4_L_5\via_region_data.json
E_0_0_4_L_M_N_N_1981_56_2017.bmp308278,Non-Alcohol,C:\PycharmProjects\Alcohol Detection\dataset\Grupo_0\E_0_0\IriTech\E_0_0_4\E_0_0_4_L_5\via_region_data.json
E_0_0_4_L_M_N_N_1981_57_2017.bmp308278,Non-Alcohol,C:\PycharmProjects\Alcohol Detection\dataset\Grupo_0\E_0_0\IriTech\E_0_0_4\E_0_0_4_L_5\via_region_data.json
E_0_0_4_L_M_N_N_1981_58_2017.bmp308278,Non-Alcohol,C:\PycharmProjects\Alcohol Detection\dataset\Grupo_0\E_0_0\IriTech\E_0_0_4\E_0_0_4_L_5\via_region_data.json
E_0_0_4_L_M_N_N_1981_59_2017.bmp308278,Non-Alcohol,C:\PycharmProjects\Alcohol Detection\dataset\Grupo_0\E_0_0\IriTech\E_0_0_4\E_0_0_4_L_5\via_region_data.json
E_0_0_4_L_M_N_N_1981_60_2017.bmp308278,Non-Alcohol,C:\PycharmProjects\Alcohol Detection\dataset\Grupo_0\E_0_0\IriTech\E_0_0_4\E_0_0_4_L_5\via_region_data.json
E_0_0_4_L_M_N_N_1981_61_2017.bmp308278,Non-Alcohol,C:\PycharmProjects\Alcohol Detection\dataset\Grupo_0\E_0_0\IriTech\E_0_0_4\E_0_0_4_L_5\via_region_data.json
E_0_0_4_L_M_N_N_1981_62_2017.bmp308278,Non-Alcohol,C:\PycharmProjects\Alcohol Detection\dataset\Grupo_0\E_0_0\IriTech\E_0_0_4\E_0_0_4_L_5\via_region_data.json
E_0_0_4_L_M_N_N_1981_63_2017.bmp308278,Non-Alcohol,C:\PycharmProjects\Alcohol Detection\dataset\Grupo_0\E_0_0\IriTech\E_0_0_4\E_0_0_4_L_5\via_region_data.json
E_0_0_4_L_M_N_N_1981_64_2017.bmp308278,Non-Alcohol,C:\PycharmProjects\Alcohol Detection\dataset\Grupo_0\E_0_0\IriTech\E_0_0_4\E_0_0_4_L_5\via_region_data.json
E_0_0_4_L_M_N_N_1981_65_2017.bmp308278,Non-Alcohol,C:\PycharmProjects\Alcohol Detection\dataset\Grupo_0\E_0_0\IriTech\E_0_0_4\E_0_0_4_L_5\via_region_data.json
E_0_0_4_L_M_N_N_1981_66_2017.bmp308278,Non-Alcohol,C:\PycharmProjects\Alcohol Detection\dataset\Grupo_0\E_0_0\IriTech\E_0_0_4\E_0_0_4_L_5\via_region_data.json
E_0_0_4_L_M_N_N_1981_67_2017.bmp308278,Non-Alcohol,C:\PycharmProjects\Alcohol Detection\dataset\Grupo_0\E_0_0\IriTech\E_0_0_4\E_0_0_4_L_5\via_region_data.json
E_0_0_4_L_M_N_N_1981_68_2017.bmp308278,Non-Alcohol,C:\PycharmProjects\Alcohol Detection\dataset\Grupo_0\E_0_0\IriTech\E_0_0_4\E_0_0_4_L_5\via_region_data.json
E_0_0_4_L_M_N_N_1981_69_2017.bmp308278,Non-Alcohol,C:\PycharmProjects\Alcohol Detection\dataset\Grupo_0\E_0_0\IriTech\E_0_0_4\E_0_0_4_L_5\via_region_data.json
E_0_0_4_L_M_N_N_1981_70_2017.bmp308278,Non-Alcohol,C:\PycharmProjects\Alcohol Detection\dataset\Grupo_0\E_0_0\IriTech\E_0_0_4\E_0_0_4_L_5\via_region_data.json
E_0_0_4_L_M_N_N_1981_71_2017.bmp308278,Non-Alcohol,C:\PycharmProjects\Alcohol Detection\dataset\Grupo_0\E_0_0\IriTech\E_0_0_4\E_0_0_4_L_5\via_region_data.json
E_0_0_4_L_M_N_N_1981_72_2017.bmp308278,Non-Alcohol,C:\PycharmProjects\Alcohol Detection\dataset\Grupo_0\E_0_0\IriTech\E_0_0_4\E_0_0_4_L_5\via_region_data.json
E_0_0_4_L_M_N_N_1981_73_2017.bmp308278,Non-Alcohol,C:\PycharmProjects\Alcohol Detection\dataset\Grupo_0\E_0_0\IriTech\E_0_0_4\E_0_0_4_L_5\via_region_data.json
E_0_0_4_L_M_N_N_1981_74_2017.bmp308278,Non-Alcohol,C:\PycharmProjects\Alcohol Detection\dataset\Grupo_0\E_0_0\IriTech\E_0_0_4\E_0_0_4_L_5\via_region_data.json
E_0_0_4_L_M_N_N_1981_75_2017.bmp308278,Non-Alcohol,C:\PycharmProjects\Alcohol Detection\dataset\Grupo_0\E_0_0\IriTech\E_0_0_4\E_0_0_4_L_5\via_region_data.json
E_0_0_4_L_M_N_N_1981_76_2017.bmp308278,Non-Alcohol,C:\PycharmProjects\Alcohol Detection\dataset\Grupo_0\E_0_0\IriTech\E_0_0_4\E_0_0_4_L_5\via_region_data.json
E_0_0_4_L_M_N_N_1981_77_2017.bmp308278,Non-Alcohol,C:\PycharmProjects\Alcohol Detection\dataset\Grupo_0\E_0_0\IriTech\E_0_0_4\E_0_0_4_L_5\via_region_data.json
E_0_0_4_R_M_N_N_1981_0_2017.bmp308278,Non-Alcohol,C:\PycharmProjects\Alcohol Detection\dataset\Grupo_0\E_0_0\IriTech\E_0_0_4\E_0_0_4_R_5\via_region_data.json
E_0_0_4_R_M_N_N_1981_1_2017.bmp308278,Non-Alcohol,C:\PycharmProjects\Alcohol Detection\dataset\Grupo_0\E_0_0\IriTech\E_0_0_4\E_0_0_4_R_5\via_region_data.json
E_0_0_4_R_M_N_N_1981_2_2017.bmp308278,Non-Alcohol,C:\PycharmProjects\Alcohol Detection\dataset\Grupo_0\E_0_0\IriTech\E_0_0_4\E_0_0_4_R_5\via_region_data.json
E_0_0_4_R_M_N_N_1981_3_2017.bmp308278,Non-Alcohol,C:\PycharmProjects\Alcohol Detection\dataset\Grupo_0\E_0_0\IriTech\E_0_0_4\E_0_0_4_R_5\via_region_data.json
E_0_0_4_R_M_N_N_1981_4_2017.bmp308278,Non-Alcohol,C:\PycharmProjects\Alcohol Detection\dataset\Grupo_0\E_0_0\IriTech\E_0_0_4\E_0_0_4_R_5\via_region_data.json
E_0_0_4_R_M_N_N_1981_5_2017.bmp308278,Non-Alcohol,C:\PycharmProjects\Alcohol Detection\dataset\Grupo_0\E_0_0\IriTech\E_0_0_4\E_0_0_4_R_5\via_region_data.json
E_0_0_4_R_M_N_N_1981_6_2017.bmp308278,Non-Alcohol,C:\PycharmProjects\Alcohol Detection\dataset\Grupo_0\E_0_0\IriTech\E_0_0_4\E_0_0_4_R_5\via_region_data.json
E_0_0_4_R_M_N_N_1981_7_2017.bmp308278,Non-Alcohol,C:\PycharmProjects\Alcohol Detection\dataset\Grupo_0\E_0_0\IriTech\E_0_0_4\E_0_0_4_R_5\via_region_data.json
E_0_0_4_R_M_N_N_1981_8_2017.bmp308278,Non-Alcohol,C:\PycharmProjects\Alcohol Detection\dataset\Grupo_0\E_0_0\IriTech\E_0_0_4\E_0_0_4_R_5\via_region_data.json
E_0_0_4_R_M_N_N_1981_9_2017.bmp308278,Non-Alcohol,C:\PycharmProjects\Alcohol Detection\dataset\Grupo_0\E_0_0\IriTech\E_0_0_4\E_0_0_4_R_5\via_region_data.json
E_0_0_4_R_M_N_N_1981_10_2017.bmp308278,Non-Alcohol,C:\PycharmProjects\Alcohol Detection\dataset\Grupo_0\E_0_0\IriTech\E_0_0_4\E_0_0_4_R_5\via_region_data.json
E_0_0_4_R_M_N_N_1981_11_2017.bmp308278,Non-Alcohol,C:\PycharmProjects\Alcohol Detection\dataset\Grupo_0\E_0_0\IriTech\E_0_0_4\E_0_0_4_R_5\via_region_data.json
E_0_0_4_R_M_N_N_1981_12_2017.bmp308278,Non-Alcohol,C:\PycharmProjects\Alcohol Detection\dataset\Grupo_0\E_0_0\IriTech\E_0_0_4\E_0_0_4_R_5\via_region_data.json
E_0_0_4_R_M_N_N_1981_13_2017.bmp308278,Non-Alcohol,C:\PycharmProjects\Alcohol Detection\dataset\Grupo_0\E_0_0\IriTech\E_0_0_4\E_0_0_4_R_5\via_region_data.json
E_0_0_4_R_M_N_N_1981_14_2017.bmp308278,Non-Alcohol,C:\PycharmProjects\Alcohol Detection\dataset\Grupo_0\E_0_0\IriTech\E_0_0_4\E_0_0_4_R_5\via_region_data.json
E_0_0_4_R_M_N_N_1981_15_2017.bmp308278,Non-Alcohol,C:\PycharmProjects\Alcohol Detection\dataset\Grupo_0\E_0_0\IriTech\E_0_0_4\E_0_0_4_R_5\via_region_data.json
E_0_0_4_R_M_N_N_1981_16_2017.bmp308278,Non-Alcohol,C:\PycharmProjects\Alcohol Detection\dataset\Grupo_0\E_0_0\IriTech\E_0_0_4\E_0_0_4_R_5\via_region_data.json
E_0_0_4_R_M_N_N_1981_17_2017.bmp308278,Non-Alcohol,C:\PycharmProjects\Alcohol Detection\dataset\Grupo_0\E_0_0\IriTech\E_0_0_4\E_0_0_4_R_5\via_region_data.json
E_0_0_4_R_M_N_N_1981_18_2017.bmp308278,Non-Alcohol,C:\PycharmProjects\Alcohol Detection\dataset\Grupo_0\E_0_0\IriTech\E_0_0_4\E_0_0_4_R_5\via_region_data.json
E_0_0_4_R_M_N_N_1981_19_2017.bmp308278,Non-Alcohol,C:\PycharmProjects\Alcohol Detection\dataset\Grupo_0\E_0_0\IriTech\E_0_0_4\E_0_0_4_R_5\via_region_data.json
E_0_0_4_R_M_N_N_1981_20_2017.bmp308278,Non-Alcohol,C:\PycharmProjects\Alcohol Detection\dataset\Grupo_0\E_0_0\IriTech\E_0_0_4\E_0_0_4_R_5\via_region_data.json
E_0_0_4_R_M_N_N_1981_21_2017.bmp308278,Non-Alcohol,C:\PycharmProjects\Alcohol Detection\dataset\Grupo_0\E_0_0\IriTech\E_0_0_4\E_0_0_4_R_5\via_region_data.json
E_0_0_4_R_M_N_N_1981_22_2017.bmp308278,Non-Alcohol,C:\PycharmProjects\Alcohol Detection\dataset\Grupo_0\E_0_0\IriTech\E_0_0_4\E_0_0_4_R_5\via_region_data.json
E_0_0_4_R_M_N_N_1981_23_2017.bmp308278,Non-Alcohol,C:\PycharmProjects\Alcohol Detection\dataset\Grupo_0\E_0_0\IriTech\E_0_0_4\E_0_0_4_R_5\via_region_data.json
E_0_0_4_R_M_N_N_1981_24_2017.bmp308278,Non-Alcohol,C:\PycharmProjects\Alcohol Detection\dataset\Grupo_0\E_0_0\IriTech\E_0_0_4\E_0_0_4_R_5\via_region_data.json
E_0_0_4_R_M_N_N_1981_25_2017.bmp308278,Non-Alcohol,C:\PycharmProjects\Alcohol Detection\dataset\Grupo_0\E_0_0\IriTech\E_0_0_4\E_0_0_4_R_5\via_region_data.json
E_0_0_4_R_M_N_N_1981_26_2017.bmp308278,Non-Alcohol,C:\PycharmProjects\Alcohol Detection\dataset\Grupo_0\E_0_0\IriTech\E_0_0_4\E_0_0_4_R_5\via_region_data.json
E_0_0_4_R_M_N_N_1981_27_2017.bmp308278,Non-Alcohol,C:\PycharmProjects\Alcohol Detection\dataset\Grupo_0\E_0_0\IriTech\E_0_0_4\E_0_0_4_R_5\via_region_data.json
E_0_0_4_R_M_N_N_1981_28_2017.bmp308278,Non-Alcohol,C:\PycharmProjects\Alcohol Detection\dataset\Grupo_0\E_0_0\IriTech\E_0_0_4\E_0_0_4_R_5\via_region_data.json
E_0_0_4_R_M_N_N_1981_29_2017.bmp308278,Non-Alcohol,C:\PycharmProjects\Alcohol Detection\dataset\Grupo_0\E_0_0\IriTech\E_0_0_4\E_0_0_4_R_5\via_region_data.json
E_0_0_4_R_M_N_N_1981_30_2017.bmp308278,Non-Alcohol,C:\PycharmProjects\Alcohol Detection\dataset\Grupo_0\E_0_0\IriTech\E_0_0_4\E_0_0_4_R_5\via_region_data.json
E_0_0_4_R_M_N_N_1981_31_2017.bmp308278,Non-Alcohol,C:\PycharmProjects\Alcohol Detection\dataset\Grupo_0\E_0_0\IriTech\E_0_0_4\E_0_0_4_R_5\via_region_data.json
E_0_0_4_R_M_N_N_1981_32_2017.bmp308278,Non-Alcohol,C:\PycharmProjects\Alcohol Detection\dataset\Grupo_0\E_0_0\IriTech\E_0_0_4\E_0_0_4_R_5\via_region_data.json
E_0_0_4_R_M_N_N_1981_33_2017.bmp308278,Non-Alcohol,C:\PycharmProjects\Alcohol Detection\dataset\Grupo_0\E_0_0\IriTech\E_0_0_4\E_0_0_4_R_5\via_region_data.json
E_0_0_4_R_M_N_N_1981_34_2017.bmp308278,Non-Alcohol,C:\PycharmProjects\Alcohol Detection\dataset\Grupo_0\E_0_0\IriTech\E_0_0_4\E_0_0_4_R_5\via_region_data.json
E_0_0_4_R_M_N_N_1981_35_2017.bmp308278,Non-Alcohol,C:\PycharmProjects\Alcohol Detection\dataset\Grupo_0\E_0_0\IriTech\E_0_0_4\E_0_0_4_R_5\via_region_data.json
E_0_0_4_R_M_N_N_1981_36_2017.bmp308278,Non-Alcohol,C:\PycharmProjects\Alcohol Detection\dataset\Grupo_0\E_0_0\IriTech\E_0_0_4\E_0_0_4_R_5\via_region_data.json
E_0_0_4_R_M_N_N_1981_37_2017.bmp308278,Non-Alcohol,C:\PycharmProjects\Alcohol Detection\dataset\Grupo_0\E_0_0\IriTech\E_0_0_4\E_0_0_4_R_5\via_region_data.json
E_0_0_4_R_M_N_N_1981_38_2017.bmp308278,Non-Alcohol,C:\PycharmProjects\Alcohol Detection\dataset\Grupo_0\E_0_0\IriTech\E_0_0_4\E_0_0_4_R_5\via_region_data.json
E_0_0_4_R_M_N_N_1981_39_2017.bmp308278,Non-Alcohol,C:\PycharmProjects\Alcohol Detection\dataset\Grupo_0\E_0_0\IriTech\E_0_0_4\E_0_0_4_R_5\via_region_data.json
E_0_0_4_R_M_N_N_1981_40_2017.bmp308278,Non-Alcohol,C:\PycharmProjects\Alcohol Detection\dataset\Grupo_0\E_0_0\IriTech\E_0_0_4\E_0_0_4_R_5\via_region_data.json
E_0_0_4_R_M_N_N_1981_41_2017.bmp308278,Non-Alcohol,C:\PycharmProjects\Alcohol Detection\dataset\Grupo_0\E_0_0\IriTech\E_0_0_4\E_0_0_4_R_5\via_region_data.json
E_0_0_4_R_M_N_N_1981_42_2017.bmp308278,Non-Alcohol,C:\PycharmProjects\Alcohol Detection\dataset\Grupo_0\E_0_0\IriTech\E_0_0_4\E_0_0_4_R_5\via_region_data.json
E_0_0_4_R_M_N_N_1981_43_2017.bmp308278,Non-Alcohol,C:\PycharmProjects\Alcohol Detection\dataset\Grupo_0\E_0_0\IriTech\E_0_0_4\E_0_0_4_R_5\via_region_data.json
E_0_0_4_R_M_N_N_1981_44_2017.bmp308278,Non-Alcohol,C:\PycharmProjects\Alcohol Detection\dataset\Grupo_0\E_0_0\IriTech\E_0_0_4\E_0_0_4_R_5\via_region_data.json
E_0_0_4_R_M_N_N_1981_45_2017.bmp308278,Non-Alcohol,C:\PycharmProjects\Alcohol Detection\dataset\Grupo_0\E_0_0\IriTech\E_0_0_4\E_0_0_4_R_5\via_region_data.json
E_0_0_4_R_M_N_N_1981_46_2017.bmp308278,Non-Alcohol,C:\PycharmProjects\Alcohol Detection\dataset\Grupo_0\E_0_0\IriTech\E_0_0_4\E_0_0_4_R_5\via_region_data.json
E_0_0_4_R_M_N_N_1981_47_2017.bmp308278,Non-Alcohol,C:\PycharmProjects\Alcohol Detection\dataset\Grupo_0\E_0_0\IriTech\E_0_0_4\E_0_0_4_R_5\via_region_data.json
E_0_0_4_R_M_N_N_1981_48_2017.bmp308278,Non-Alcohol,C:\PycharmProjects\Alcohol Detection\dataset\Grupo_0\E_0_0\IriTech\E_0_0_4\E_0_0_4_R_5\via_region_data.json
E_0_0_4_R_M_N_N_1981_49_2017.bmp308278,Non-Alcohol,C:\PycharmProjects\Alcohol Detection\dataset\Grupo_0\E_0_0\IriTech\E_0_0_4\E_0_0_4_R_5\via_region_data.json
E_0_0_4_R_M_N_N_1981_50_2017.bmp308278,Non-Alcohol,C:\PycharmProjects\Alcohol Detection\dataset\Grupo_0\E_0_0\IriTech\E_0_0_4\E_0_0_4_R_5\via_region_data.json
E_0_0_4_R_M_N_N_1981_51_2017.bmp308278,Non-Alcohol,C:\PycharmProjects\Alcohol Detection\dataset\Grupo_0\E_0_0\IriTech\E_0_0_4\E_0_0_4_R_5\via_region_data.json
E_0_0_4_R_M_N_N_1981_52_2017.bmp308278,Non-Alcohol,C:\PycharmProjects\Alcohol Detection\dataset\Grupo_0\E_0_0\IriTech\E_0_0_4\E_0_0_4_R_5\via_region_data.json
E_0_0_4_R_M_N_N_1981_53_2017.bmp308278,Non-Alcohol,C:\PycharmProjects\Alcohol Detection\dataset\Grupo_0\E_0_0\IriTech\E_0_0_4\E_0_0_4_R_5\via_region_data.json
E_0_0_4_R_M_N_N_1981_54_2017.bmp308278,Non-Alcohol,C:\PycharmProjects\Alcohol Detection\dataset\Grupo_0\E_0_0\IriTech\E_0_0_4\E_0_0_4_R_5\via_region_data.json
E_0_0_4_R_M_N_N_1981_55_2017.bmp308278,Non-Alcohol,C:\PycharmProjects\Alcohol Detection\dataset\Grupo_0\E_0_0\IriTech\E_0_0_4\E_0_0_4_R_5\via_region_data.json
E_0_0_4_R_M_N_N_1981_56_2017.bmp308278,Non-Alcohol,C:\PycharmProjects\Alcohol Detection\dataset\Grupo_0\E_0_0\IriTech\E_0_0_4\E_0_0_4_R_5\via_region_data.json
E_0_0_4_R_M_N_N_1981_57_2017.bmp308278,Non-Alcohol,C:\PycharmProjects\Alcohol Detection\dataset\Grupo_0\E_0_0\IriTech\E_0_0_4\E_0_0_4_R_5\via_region_data.json
E_0_0_4_R_M_N_N_1981_58_2017.bmp308278,Non-Alcohol,C:\PycharmProjects\Alcohol Detection\dataset\Grupo_0\E_0_0\IriTech\E_0_0_4\E_0_0_4_R_5\via_region_data.json
E_0_0_4_R_M_N_N_1981_59_2017.bmp308278,Non-Alcohol,C:\PycharmProjects\Alcohol Detection\dataset\Grupo_0\E_0_0\IriTech\E_0_0_4\E_0_0_4_R_5\via_region_data.json
E_0_0_4_R_M_N_N_1981_60_2017.bmp308278,Non-Alcohol,C:\PycharmProjects\Alcohol Detection\dataset\Grupo_0\E_0_0\IriTech\E_0_0_4\E_0_0_4_R_5\via_region_data.json
E_0_0_4_R_M_N_N_1981_61_2017.bmp308278,Non-Alcohol,C:\PycharmProjects\Alcohol Detection\dataset\Grupo_0\E_0_0\IriTech\E_0_0_4\E_0_0_4_R_5\via_region_data.json
E_0_0_4_R_M_N_N_1981_62_2017.bmp308278,Non-Alcohol,C:\PycharmProjects\Alcohol Detection\dataset\Grupo_0\E_0_0\IriTech\E_0_0_4\E_0_0_4_R_5\via_region_data.json
E_0_0_4_R_M_N_N_1981_63_2017.bmp308278,Non-Alcohol,C:\PycharmProjects\Alcohol Detection\dataset\Grupo_0\E_0_0\IriTech\E_0_0_4\E_0_0_4_R_5\via_region_data.json
E_0_0_4_R_M_N_N_1981_64_2017.bmp308278,Non-Alcohol,C:\PycharmProjects\Alcohol Detection\dataset\Grupo_0\E_0_0\IriTech\E_0_0_4\E_0_0_4_R_5\via_region_data.json
E_0_0_4_R_M_N_N_1981_65_2017.bmp308278,Non-Alcohol,C:\PycharmProjects\Alcohol Detection\dataset\Grupo_0\E_0_0\IriTech\E_0_0_4\E_0_0_4_R_5\via_region_data.json
E_0_0_4_R_M_N_N_1981_66_2017.bmp308278,Non-Alcohol,C:\PycharmProjects\Alcohol Detection\dataset\Grupo_0\E_0_0\IriTech\E_0_0_4\E_0_0_4_R_5\via_region_data.json
E_0_0_4_R_M_N_N_1981_67_2017.bmp308278,Non-Alcohol,C:\PycharmProjects\Alcohol Detection\dataset\Grupo_0\E_0_0\IriTech\E_0_0_4\E_0_0_4_R_5\via_region_data.json
E_0_0_4_R_M_N_N_1981_68_2017.bmp308278,Non-Alcohol,C:\PycharmProjects\Alcohol Detection\dataset\Grupo_0\E_0_0\IriTech\E_0_0_4\E_0_0_4_R_5\via_region_data.json
E_0_0_4_R_M_N_N_1981_69_2017.bmp308278,Non-Alcohol,C:\PycharmProjects\Alcohol Detection\dataset\Grupo_0\E_0_0\IriTech\E_0_0_4\E_0_0_4_R_5\via_region_data.json
E_0_0_4_R_M_N_N_1981_70_2017.bmp308278,Non-Alcohol,C:\PycharmProjects\Alcohol Detection\dataset\Grupo_0\E_0_0\IriTech\E_0_0_4\E_0_0_4_R_5\via_region_data.json
E_0_0_4_R_M_N_N_1981_71_2017.bmp308278,Non-Alcohol,C:\PycharmProjects\Alcohol Detection\dataset\Grupo_0\E_0_0\IriTech\E_0_0_4\E_0_0_4_R_5\via_region_data.json
E_0_0_4_R_M_N_N_1981_72_2017.bmp308278,Non-Alcohol,C:\PycharmProjects\Alcohol Detection\dataset\Grupo_0\E_0_0\IriTech\E_0_0_4\E_0_0_4_R_5\via_region_data.json
E_0_0_4_R_M_N_N_1981_73_2017.bmp308278,Non-Alcohol,C:\PycharmProjects\Alcohol Detection\dataset\Grupo_0\E_0_0\IriTech\E_0_0_4\E_0_0_4_R_5\via_region_data.json
E_0_0_4_R_M_N_N_1981_74_2017.bmp308278,Non-Alcohol,C:\PycharmProjects\Alcohol Detection\dataset\Grupo_0\E_0_0\IriTech\E_0_0_4\E_0_0_4_R_5\via_region_data.json
E_0_0_4_R_M_N_N_1981_75_2017.bmp308278,Non-Alcohol,C:\PycharmProjects\Alcohol Detection\dataset\Grupo_0\E_0_0\IriTech\E_0_0_4\E_0_0_4_R_5\via_region_data.json
E_0_0_4_R_M_N_N_1981_76_2017.bmp308278,Non-Alcohol,C:\PycharmProjects\Alcohol Detection\dataset\Grupo_0\E_0_0\IriTech\E_0_0_4\E_0_0_4_R_5\via_region_data.json
E_0_0_4_R_M_N_N_1981_77_2017.bmp308278,Non-Alcohol,C:\PycharmProjects\Alcohol Detection\dataset\Grupo_0\E_0_0\IriTech\E_0_0_4\E_0_0_4_R_5\via_region_data.json
E_0_0_4_R_M_N_N_1981_78_2017.bmp308278,Non-Alcohol,C:\PycharmProjects\Alcohol Detection\dataset\Grupo_0\E_0_0\IriTech\E_0_0_4\E_0_0_4_R_5\via_region_data.json
E_0_0_4_R_M_N_N_1981_79_2017.bmp308278,Non-Alcohol,C:\PycharmProjects\Alcohol Detection\dataset\Grupo_0\E_0_0\IriTech\E_0_0_4\E_0_0_4_R_5\via_region_data.json
E_0_0_0_L_M_N_N_1981_0_2017.bmp308278,Non-Alcohol,C:\PycharmProjects\Alcohol Detection\dataset\Grupo_0\E_0_0\LG\E_0_0_0\E_0_0_0_R_10\via_region_data.json
E_0_0_0_L_M_N_N_1981_1_2017.bmp308278,Non-Alcohol,C:\PycharmProjects\Alcohol Detection\dataset\Grupo_0\E_0_0\LG\E_0_0_0\E_0_0_0_R_10\via_region_data.json
E_0_0_0_L_M_N_N_1981_2_2017.bmp308278,Non-Alcohol,C:\PycharmProjects\Alcohol Detection\dataset\Grupo_0\E_0_0\LG\E_0_0_0\E_0_0_0_R_10\via_region_data.json
E_0_0_0_L_M_N_N_1981_3_2017.bmp308278,Non-Alcohol,C:\PycharmProjects\Alcohol Detection\dataset\Grupo_0\E_0_0\LG\E_0_0_0\E_0_0_0_R_10\via_region_data.json
E_0_0_0_L_M_N_N_1981_4_2017.bmp308278,Non-Alcohol,C:\PycharmProjects\Alcohol Detection\dataset\Grupo_0\E_0_0\LG\E_0_0_0\E_0_0_0_R_10\via_region_data.json
E_0_0_0_L_M_N_N_1981_5_2017.bmp308278,Non-Alcohol,C:\PycharmProjects\Alcohol Detection\dataset\Grupo_0\E_0_0\LG\E_0_0_0\E_0_0_0_R_10\via_region_data.json
E_0_0_0_L_M_N_N_1981_6_2017.bmp308278,Non-Alcohol,C:\PycharmProjects\Alcohol Detection\dataset\Grupo_0\E_0_0\LG\E_0_0_0\E_0_0_0_R_10\via_region_data.json
E_0_0_0_L_M_N_N_1981_7_2017.bmp308278,Non-Alcohol,C:\PycharmProjects\Alcohol Detection\dataset\Grupo_0\E_0_0\LG\E_0_0_0\E_0_0_0_R_10\via_region_data.json
E_0_0_0_L_M_N_N_1981_8_2017.bmp308278,Non-Alcohol,C:\PycharmProjects\Alcohol Detection\dataset\Grupo_0\E_0_0\LG\E_0_0_0\E_0_0_0_R_10\via_region_data.json
E_0_0_0_L_M_N_N_1981_9_2017.bmp308278,Non-Alcohol,C:\PycharmProjects\Alcohol Detection\dataset\Grupo_0\E_0_0\LG\E_0_0_0\E_0_0_0_R_10\via_region_data.json
E_0_0_0_R_M_N_N_1981_0_2017.bmp308278,Non-Alcohol,C:\PycharmProjects\Alcohol Detection\dataset\Grupo_0\E_0_0\LG\E_0_0_0\E_0_0_0_R_10\via_region_data.json
E_0_0_0_R_M_N_N_1981_1_2017.bmp308278,Non-Alcohol,C:\PycharmProjects\Alcohol Detection\dataset\Grupo_0\E_0_0\LG\E_0_0_0\E_0_0_0_R_10\via_region_data.json
E_0_0_0_R_M_N_N_1981_2_2017.bmp308278,Non-Alcohol,C:\PycharmProjects\Alcohol Detection\dataset\Grupo_0\E_0_0\LG\E_0_0_0\E_0_0_0_R_10\via_region_data.json
E_0_0_0_R_M_N_N_1981_3_2017.bmp308278,Non-Alcohol,C:\PycharmProjects\Alcohol Detection\dataset\Grupo_0\E_0_0\LG\E_0_0_0\E_0_0_0_R_10\via_region_data.json
E_0_0_0_R_M_N_N_1981_4_2017.bmp308278,Non-Alcohol,C:\PycharmProjects\Alcohol Detection\dataset\Grupo_0\E_0_0\LG\E_0_0_0\E_0_0_0_R_10\via_region_data.json
E_0_0_0_R_M_N_N_1981_5_2017.bmp308278,Non-Alcohol,C:\PycharmProjects\Alcohol Detection\dataset\Grupo_0\E_0_0\LG\E_0_0_0\E_0_0_0_R_10\via_region_data.json
E_0_0_0_R_M_N_N_1981_6_2017.bmp308278,Non-Alcohol,C:\PycharmProjects\Alcohol Detection\dataset\Grupo_0\E_0_0\LG\E_0_0_0\E_0_0_0_R_10\via_region_data.json
E_0_0_0_R_M_N_N_1981_7_2017.bmp308278,Non-Alcohol,C:\PycharmProjects\Alcohol Detection\dataset\Grupo_0\E_0_0\LG\E_0_0_0\E_0_0_0_R_10\via_region_data.json
E_0_0_0_R_M_N_N_1981_8_2017.bmp308278,Non-Alcohol,C:\PycharmProjects\Alcohol Detection\dataset\Grupo_0\E_0_0\LG\E_0_0_0\E_0_0_0_R_10\via_region_data.json
E_0_0_0_R_M_N_N_1981_9_2017.bmp308278,Non-Alcohol,C:\PycharmProjects\Alcohol Detection\dataset\Grupo_0\E_0_0\LG\E_0_0_0\E_0_0_0_R_10\via_region_data.json
E_0_0_1_L_M_N_N_1981_0_2017.bmp308278,Non-Alcohol,C:\PycharmProjects\Alcohol Detection\dataset\Grupo_0\E_0_0\LG\E_0_0_1\E_0_0_1_R_10\via_region_data.json
E_0_0_1_L_M_N_N_1981_1_2017.bmp308278,Non-Alcohol,C:\PycharmProjects\Alcohol Detection\dataset\Grupo_0\E_0_0\LG\E_0_0_1\E_0_0_1_R_10\via_region_data.json
E_0_0_1_L_M_N_N_1981_2_2017.bmp308278,Non-Alcohol,C:\PycharmProjects\Alcohol Detection\dataset\Grupo_0\E_0_0\LG\E_0_0_1\E_0_0_1_R_10\via_region_data.json
E_0_0_1_L_M_N_N_1981_3_2017.bmp308278,Non-Alcohol,C:\PycharmProjects\Alcohol Detection\dataset\Grupo_0\E_0_0\LG\E_0_0_1\E_0_0_1_R_10\via_region_data.json
E_0_0_1_L_M_N_N_1981_4_2017.bmp308278,Non-Alcohol,C:\PycharmProjects\Alcohol Detection\dataset\Grupo_0\E_0_0\LG\E_0_0_1\E_0_0_1_R_10\via_region_data.json
E_0_0_1_L_M_N_N_1981_5_2017.bmp308278,Non-Alcohol,C:\PycharmProjects\Alcohol Detection\dataset\Grupo_0\E_0_0\LG\E_0_0_1\E_0_0_1_R_10\via_region_data.json
E_0_0_1_L_M_N_N_1981_6_2017.bmp308278,Non-Alcohol,C:\PycharmProjects\Alcohol Detection\dataset\Grupo_0\E_0_0\LG\E_0_0_1\E_0_0_1_R_10\via_region_data.json
E_0_0_1_L_M_N_N_1981_7_2017.bmp308278,Non-Alcohol,C:\PycharmProjects\Alcohol Detection\dataset\Grupo_0\E_0_0\LG\E_0_0_1\E_0_0_1_R_10\via_region_data.json
E_0_0_1_L_M_N_N_1981_8_2017.bmp308278,Non-Alcohol,C:\PycharmProjects\Alcohol Detection\dataset\Grupo_0\E_0_0\LG\E_0_0_1\E_0_0_1_R_10\via_region_data.json
E_0_0_1_L_M_N_N_1981_9_2017.bmp308278,Non-Alcohol,C:\PycharmProjects\Alcohol Detection\dataset\Grupo_0\E_0_0\LG\E_0_0_1\E_0_0_1_R_10\via_region_data.json
E_0_0_1_R_M_N_N_1981_0_2017.bmp308278,Non-Alcohol,C:\PycharmProjects\Alcohol Detection\dataset\Grupo_0\E_0_0\LG\E_0_0_1\E_0_0_1_R_10\via_region_data.json
E_0_0_1_R_M_N_N_1981_1_2017.bmp308278,Non-Alcohol,C:\PycharmProjects\Alcohol Detection\dataset\Grupo_0\E_0_0\LG\E_0_0_1\E_0_0_1_R_10\via_region_data.json
E_0_0_1_R_M_N_N_1981_2_2017.bmp308278,Non-Alcohol,C:\PycharmProjects\Alcohol Detection\dataset\Grupo_0\E_0_0\LG\E_0_0_1\E_0_0_1_R_10\via_region_data.json
E_0_0_1_R_M_N_N_1981_3_2017.bmp308278,Non-Alcohol,C:\PycharmProjects\Alcohol Detection\dataset\Grupo_0\E_0_0\LG\E_0_0_1\E_0_0_1_R_10\via_region_data.json
E_0_0_1_R_M_N_N_1981_4_2017.bmp308278,Non-Alcohol,C:\PycharmProjects\Alcohol Detection\dataset\Grupo_0\E_0_0\LG\E_0_0_1\E_0_0_1_R_10\via_region_data.json
E_0_0_1_R_M_N_N_1981_5_2017.bmp308278,Non-Alcohol,C:\PycharmProjects\Alcohol Detection\dataset\Grupo_0\E_0_0\LG\E_0_0_1\E_0_0_1_R_10\via_region_data.json
E_0_0_1_R_M_N_N_1981_6_2017.bmp308278,Non-Alcohol,C:\PycharmProjects\Alcohol Detection\dataset\Grupo_0\E_0_0\LG\E_0_0_1\E_0_0_1_R_10\via_region_data.json
E_0_0_1_R_M_N_N_1981_7_2017.bmp308278,Non-Alcohol,C:\PycharmProjects\Alcohol Detection\dataset\Grupo_0\E_0_0\LG\E_0_0_1\E_0_0_1_R_10\via_region_data.json
E_0_0_1_R_M_N_N_1981_8_2017.bmp308278,Non-Alcohol,C:\PycharmProjects\Alcohol Detection\dataset\Grupo_0\E_0_0\LG\E_0_0_1\E_0_0_1_R_10\via_region_data.json
E_0_0_1_R_M_N_N_1981_9_2017.bmp308278,Non-Alcohol,C:\PycharmProjects\Alcohol Detection\dataset\Grupo_0\E_0_0\LG\E_0_0_1\E_0_0_1_R_10\via_region_data.json
E_0_0_2_L_M_N_N_1981_0_2017.bmp308278,Non-Alcohol,C:\PycharmProjects\Alcohol Detection\dataset\Grupo_0\E_0_0\LG\E_0_0_2\E_0_0_2_R_10\via_region_data.json
E_0_0_2_L_M_N_N_1981_1_2017.bmp308278,Non-Alcohol,C:\PycharmProjects\Alcohol Detection\dataset\Grupo_0\E_0_0\LG\E_0_0_2\E_0_0_2_R_10\via_region_data.json
E_0_0_2_L_M_N_N_1981_2_2017.bmp308278,Non-Alcohol,C:\PycharmProjects\Alcohol Detection\dataset\Grupo_0\E_0_0\LG\E_0_0_2\E_0_0_2_R_10\via_region_data.json
E_0_0_2_L_M_N_N_1981_3_2017.bmp308278,Non-Alcohol,C:\PycharmProjects\Alcohol Detection\dataset\Grupo_0\E_0_0\LG\E_0_0_2\E_0_0_2_R_10\via_region_data.json
E_0_0_2_L_M_N_N_1981_4_2017.bmp308278,Non-Alcohol,C:\PycharmProjects\Alcohol Detection\dataset\Grupo_0\E_0_0\LG\E_0_0_2\E_0_0_2_R_10\via_region_data.json
E_0_0_2_L_M_N_N_1981_5_2017.bmp308278,Non-Alcohol,C:\PycharmProjects\Alcohol Detection\dataset\Grupo_0\E_0_0\LG\E_0_0_2\E_0_0_2_R_10\via_region_data.json
E_0_0_2_L_M_N_N_1981_6_2017.bmp308278,Non-Alcohol,C:\PycharmProjects\Alcohol Detection\dataset\Grupo_0\E_0_0\LG\E_0_0_2\E_0_0_2_R_10\via_region_data.json
E_0_0_2_L_M_N_N_1981_7_2017.bmp308278,Non-Alcohol,C:\PycharmProjects\Alcohol Detection\dataset\Grupo_0\E_0_0\LG\E_0_0_2\E_0_0_2_R_10\via_region_data.json
E_0_0_2_L_M_N_N_1981_8_2017.bmp308278,Non-Alcohol,C:\PycharmProjects\Alcohol Detection\dataset\Grupo_0\E_0_0\LG\E_0_0_2\E_0_0_2_R_10\via_region_data.json
E_0_0_2_L_M_N_N_1981_9_2017.bmp308278,Non-Alcohol,C:\PycharmProjects\Alcohol Detection\dataset\Grupo_0\E_0_0\LG\E_0_0_2\E_0_0_2_R_10\via_region_data.json
E_0_0_2_R_M_N_N_1981_0_2017.bmp308278,Non-Alcohol,C:\PycharmProjects\Alcohol Detection\dataset\Grupo_0\E_0_0\LG\E_0_0_2\E_0_0_2_R_10\via_region_data.json
E_0_0_2_R_M_N_N_1981_1_2017.bmp308278,Non-Alcohol,C:\PycharmProjects\Alcohol Detection\dataset\Grupo_0\E_0_0\LG\E_0_0_2\E_0_0_2_R_10\via_region_data.json
E_0_0_2_R_M_N_N_1981_2_2017.bmp308278,Non-Alcohol,C:\PycharmProjects\Alcohol Detection\dataset\Grupo_0\E_0_0\LG\E_0_0_2\E_0_0_2_R_10\via_region_data.json
E_0_0_2_R_M_N_N_1981_3_2017.bmp308278,Non-Alcohol,C:\PycharmProjects\Alcohol Detection\dataset\Grupo_0\E_0_0\LG\E_0_0_2\E_0_0_2_R_10\via_region_data.json
E_0_0_2_R_M_N_N_1981_4_2017.bmp308278,Non-Alcohol,C:\PycharmProjects\Alcohol Detection\dataset\Grupo_0\E_0_0\LG\E_0_0_2\E_0_0_2_R_10\via_region_data.json
E_0_0_2_R_M_N_N_1981_5_2017.bmp308278,Non-Alcohol,C:\PycharmProjects\Alcohol Detection\dataset\Grupo_0\E_0_0\LG\E_0_0_2\E_0_0_2_R_10\via_region_data.json
E_0_0_2_R_M_N_N_1981_6_2017.bmp308278,Non-Alcohol,C:\PycharmProjects\Alcohol Detection\dataset\Grupo_0\E_0_0\LG\E_0_0_2\E_0_0_2_R_10\via_region_data.json
E_0_0_2_R_M_N_N_1981_7_2017.bmp308278,Non-Alcohol,C:\PycharmProjects\Alcohol Detection\dataset\Grupo_0\E_0_0\LG\E_0_0_2\E_0_0_2_R_10\via_region_data.json
E_0_0_2_R_M_N_N_1981_8_2017.bmp308278,Non-Alcohol,C:\PycharmProjects\Alcohol Detection\dataset\Grupo_0\E_0_0\LG\E_0_0_2\E_0_0_2_R_10\via_region_data.json
E_0_0_2_R_M_N_N_1981_9_2017.bmp308278,Non-Alcohol,C:\PycharmProjects\Alcohol Detection\dataset\Grupo_0\E_0_0\LG\E_0_0_2\E_0_0_2_R_10\via_region_data.json
E_0_0_3_L_M_N_N_1981_0_2017.bmp308278,Non-Alcohol,C:\PycharmProjects\Alcohol Detection\dataset\Grupo_0\E_0_0\LG\E_0_0_3\E_0_0_3_R_10\via_region_data.json
E_0_0_3_L_M_N_N_1981_1_2017.bmp308278,Non-Alcohol,C:\PycharmProjects\Alcohol Detection\dataset\Grupo_0\E_0_0\LG\E_0_0_3\E_0_0_3_R_10\via_region_data.json
E_0_0_3_L_M_N_N_1981_2_2017.bmp308278,Non-Alcohol,C:\PycharmProjects\Alcohol Detection\dataset\Grupo_0\E_0_0\LG\E_0_0_3\E_0_0_3_R_10\via_region_data.json
E_0_0_3_L_M_N_N_1981_3_2017.bmp308278,Non-Alcohol,C:\PycharmProjects\Alcohol Detection\dataset\Grupo_0\E_0_0\LG\E_0_0_3\E_0_0_3_R_10\via_region_data.json
E_0_0_3_L_M_N_N_1981_4_2017.bmp308278,Non-Alcohol,C:\PycharmProjects\Alcohol Detection\dataset\Grupo_0\E_0_0\LG\E_0_0_3\E_0_0_3_R_10\via_region_data.json
E_0_0_3_L_M_N_N_1981_5_2017.bmp308278,Non-Alcohol,C:\PycharmProjects\Alcohol Detection\dataset\Grupo_0\E_0_0\LG\E_0_0_3\E_0_0_3_R_10\via_region_data.json
E_0_0_3_L_M_N_N_1981_6_2017.bmp308278,Non-Alcohol,C:\PycharmProjects\Alcohol Detection\dataset\Grupo_0\E_0_0\LG\E_0_0_3\E_0_0_3_R_10\via_region_data.json
E_0_0_3_L_M_N_N_1981_7_2017.bmp308278,Non-Alcohol,C:\PycharmProjects\Alcohol Detection\dataset\Grupo_0\E_0_0\LG\E_0_0_3\E_0_0_3_R_10\via_region_data.json
E_0_0_3_L_M_N_N_1981_8_2017.bmp308278,Non-Alcohol,C:\PycharmProjects\Alcohol Detection\dataset\Grupo_0\E_0_0\LG\E_0_0_3\E_0_0_3_R_10\via_region_data.json
E_0_0_3_L_M_N_N_1981_9_2017.bmp308278,Non-Alcohol,C:\PycharmProjects\Alcohol Detection\dataset\Grupo_0\E_0_0\LG\E_0_0_3\E_0_0_3_R_10\via_region_data.json
E_0_0_3_R_M_N_N_1981_0_2017.bmp308278,Non-Alcohol,C:\PycharmProjects\Alcohol Detection\dataset\Grupo_0\E_0_0\LG\E_0_0_3\E_0_0_3_R_10\via_region_data.json
E_0_0_3_R_M_N_N_1981_1_2017.bmp308278,Non-Alcohol,C:\PycharmProjects\Alcohol Detection\dataset\Grupo_0\E_0_0\LG\E_0_0_3\E_0_0_3_R_10\via_region_data.json
E_0_0_3_R_M_N_N_1981_2_2017.bmp308278,Non-Alcohol,C:\PycharmProjects\Alcohol Detection\dataset\Grupo_0\E_0_0\LG\E_0_0_3\E_0_0_3_R_10\via_region_data.json
E_0_0_3_R_M_N_N_1981_3_2017.bmp308278,Non-Alcohol,C:\PycharmProjects\Alcohol Detection\dataset\Grupo_0\E_0_0\LG\E_0_0_3\E_0_0_3_R_10\via_region_data.json
E_0_0_3_R_M_N_N_1981_4_2017.bmp308278,Non-Alcohol,C:\PycharmProjects\Alcohol Detection\dataset\Grupo_0\E_0_0\LG\E_0_0_3\E_0_0_3_R_10\via_region_data.json
E_0_0_3_R_M_N_N_1981_5_2017.bmp308278,Non-Alcohol,C:\PycharmProjects\Alcohol Detection\dataset\Grupo_0\E_0_0\LG\E_0_0_3\E_0_0_3_R_10\via_region_data.json
E_0_0_3_R_M_N_N_1981_6_2017.bmp308278,Non-Alcohol,C:\PycharmProjects\Alcohol Detection\dataset\Grupo_0\E_0_0\LG\E_0_0_3\E_0_0_3_R_10\via_region_data.json
E_0_0_3_R_M_N_N_1981_7_2017.bmp308278,Non-Alcohol,C:\PycharmProjects\Alcohol Detection\dataset\Grupo_0\E_0_0\LG\E_0_0_3\E_0_0_3_R_10\via_region_data.json
E_0_0_3_R_M_N_N_1981_8_2017.bmp308278,Non-Alcohol,C:\PycharmProjects\Alcohol Detection\dataset\Grupo_0\E_0_0\LG\E_0_0_3\E_0_0_3_R_10\via_region_data.json
E_0_0_3_R_M_N_N_1981_9_2017.bmp308278,Non-Alcohol,C:\PycharmProjects\Alcohol Detection\dataset\Grupo_0\E_0_0\LG\E_0_0_3\E_0_0_3_R_10\via_region_data.json
E_0_0_4_L_M_N_N_1981_0_2017.bmp308278,Non-Alcohol,C:\PycharmProjects\Alcohol Detection\dataset\Grupo_0\E_0_0\LG\E_0_0_4\E_0_0_4_R_10\via_region_data.json
E_0_0_4_L_M_N_N_1981_1_2017.bmp308278,Non-Alcohol,C:\PycharmProjects\Alcohol Detection\dataset\Grupo_0\E_0_0\LG\E_0_0_4\E_0_0_4_R_10\via_region_data.json
E_0_0_4_L_M_N_N_1981_2_2017.bmp308278,Non-Alcohol,C:\PycharmProjects\Alcohol Detection\dataset\Grupo_0\E_0_0\LG\E_0_0_4\E_0_0_4_R_10\via_region_data.json
E_0_0_4_L_M_N_N_1981_3_2017.bmp308278,Non-Alcohol,C:\PycharmProjects\Alcohol Detection\dataset\Grupo_0\E_0_0\LG\E_0_0_4\E_0_0_4_R_10\via_region_data.json
E_0_0_4_L_M_N_N_1981_4_2017.bmp308278,Non-Alcohol,C:\PycharmProjects\Alcohol Detection\dataset\Grupo_0\E_0_0\LG\E_0_0_4\E_0_0_4_R_10\via_region_data.json
E_0_0_4_L_M_N_N_1981_5_2017.bmp308278,Non-Alcohol,C:\PycharmProjects\Alcohol Detection\dataset\Grupo_0\E_0_0\LG\E_0_0_4\E_0_0_4_R_10\via_region_data.json
E_0_0_4_L_M_N_N_1981_6_2017.bmp308278,Non-Alcohol,C:\PycharmProjects\Alcohol Detection\dataset\Grupo_0\E_0_0\LG\E_0_0_4\E_0_0_4_R_10\via_region_data.json
E_0_0_4_L_M_N_N_1981_7_2017.bmp308278,Non-Alcohol,C:\PycharmProjects\Alcohol Detection\dataset\Grupo_0\E_0_0\LG\E_0_0_4\E_0_0_4_R_10\via_region_data.json
E_0_0_4_L_M_N_N_1981_8_2017.bmp308278,Non-Alcohol,C:\PycharmProjects\Alcohol Detection\dataset\Grupo_0\E_0_0\LG\E_0_0_4\E_0_0_4_R_10\via_region_data.json
E_0_0_4_L_M_N_N_1981_9_2017.bmp308278,Non-Alcohol,C:\PycharmProjects\Alcohol Detection\dataset\Grupo_0\E_0_0\LG\E_0_0_4\E_0_0_4_R_10\via_region_data.json
E_0_0_4_R_M_N_N_1981_0_2017.bmp308278,Non-Alcohol,C:\PycharmProjects\Alcohol Detection\dataset\Grupo_0\E_0_0\LG\E_0_0_4\E_0_0_4_R_10\via_region_data.json
E_0_0_4_R_M_N_N_1981_1_2017.bmp308278,Non-Alcohol,C:\PycharmProjects\Alcohol Detection\dataset\Grupo_0\E_0_0\LG\E_0_0_4\E_0_0_4_R_10\via_region_data.json
E_0_0_4_R_M_N_N_1981_2_2017.bmp308278,Non-Alcohol,C:\PycharmProjects\Alcohol Detection\dataset\Grupo_0\E_0_0\LG\E_0_0_4\E_0_0_4_R_10\via_region_data.json
E_0_0_4_R_M_N_N_1981_3_2017.bmp308278,Non-Alcohol,C:\PycharmProjects\Alcohol Detection\dataset\Grupo_0\E_0_0\LG\E_0_0_4\E_0_0_4_R_10\via_region_data.json
E_0_0_4_R_M_N_N_1981_4_2017.bmp308278,Non-Alcohol,C:\PycharmProjects\Alcohol Detection\dataset\Grupo_0\E_0_0\LG\E_0_0_4\E_0_0_4_R_10\via_region_data.json
E_0_0_4_R_M_N_N_1981_5_2017.bmp308278,Non-Alcohol,C:\PycharmProjects\Alcohol Detection\dataset\Grupo_0\E_0_0\LG\E_0_0_4\E_0_0_4_R_10\via_region_data.json
E_0_0_4_R_M_N_N_1981_6_2017.bmp308278,Non-Alcohol,C:\PycharmProjects\Alcohol Detection\dataset\Grupo_0\E_0_0\LG\E_0_0_4\E_0_0_4_R_10\via_region_data.json
E_0_0_4_R_M_N_N_1981_7_2017.bmp308278,Non-Alcohol,C:\PycharmProjects\Alcohol Detection\dataset\Grupo_0\E_0_0\LG\E_0_0_4\E_0_0_4_R_10\via_region_data.json
E_0_0_4_R_M_N_N_1981_8_2017.bmp308278,Non-Alcohol,C:\PycharmProjects\Alcohol Detection\dataset\Grupo_0\E_0_0\LG\E_0_0_4\E_0_0_4_R_10\via_region_data.json
E_0_0_4_R_M_N_N_1981_9_2017.bmp308278,Non-Alcohol,C:\PycharmProjects\Alcohol Detection\dataset\Grupo_0\E_0_0\LG\E_0_0_4\E_0_0_4_R_10\via_region_data.json
E_0_1_0_L_M_N_N_1982_0_2017.bmp308278,Non-Alcohol,C:\PycharmProjects\Alcohol Detection\dataset\Grupo_0\E_0_1\Iritech\E_0_1_0\via_region_data.json
E_0_1_0_R_M_N_N_1982_0_2017.bmp308278,Non-Alcohol,C:\PycharmProjects\Alcohol Detection\dataset\Grupo_0\E_0_1\Iritech\E_0_1_0\via_region_data.json
E_0_1_0_L_M_N_N_1982_0_2017.bmp308278,Non-Alcohol,C:\PycharmProjects\Alcohol Detection\dataset\Grupo_0\E_0_1\Iritech\E_0_1_0\E_0_1_0_L_5\via_region_data.json
E_0_1_0_L_M_N_N_1982_1_2017.bmp308278,Non-Alcohol,C:\PycharmProjects\Alcohol Detection\dataset\Grupo_0\E_0_1\Iritech\E_0_1_0\E_0_1_0_L_5\via_region_data.json
E_0_1_0_L_M_N_N_1982_2_2017.bmp308278,Non-Alcohol,C:\PycharmProjects\Alcohol Detection\dataset\Grupo_0\E_0_1\Iritech\E_0_1_0\E_0_1_0_L_5\via_region_data.json
E_0_1_0_L_M_N_N_1982_3_2017.bmp308278,Non-Alcohol,C:\PycharmProjects\Alcohol Detection\dataset\Grupo_0\E_0_1\Iritech\E_0_1_0\E_0_1_0_L_5\via_region_data.json
E_0_1_0_L_M_N_N_1982_4_2017.bmp308278,Non-Alcohol,C:\PycharmProjects\Alcohol Detection\dataset\Grupo_0\E_0_1\Iritech\E_0_1_0\E_0_1_0_L_5\via_region_data.json
E_0_1_0_L_M_N_N_1982_5_2017.bmp308278,Non-Alcohol,C:\PycharmProjects\Alcohol Detection\dataset\Grupo_0\E_0_1\Iritech\E_0_1_0\E_0_1_0_L_5\via_region_data.json
E_0_1_0_L_M_N_N_1982_6_2017.bmp308278,Non-Alcohol,C:\PycharmProjects\Alcohol Detection\dataset\Grupo_0\E_0_1\Iritech\E_0_1_0\E_0_1_0_L_5\via_region_data.json
E_0_1_0_L_M_N_N_1982_7_2017.bmp308278,Non-Alcohol,C:\PycharmProjects\Alcohol Detection\dataset\Grupo_0\E_0_1\Iritech\E_0_1_0\E_0_1_0_L_5\via_region_data.json
E_0_1_0_L_M_N_N_1982_8_2017.bmp308278,Non-Alcohol,C:\PycharmProjects\Alcohol Detection\dataset\Grupo_0\E_0_1\Iritech\E_0_1_0\E_0_1_0_L_5\via_region_data.json
E_0_1_0_L_M_N_N_1982_9_2017.bmp308278,Non-Alcohol,C:\PycharmProjects\Alcohol Detection\dataset\Grupo_0\E_0_1\Iritech\E_0_1_0\E_0_1_0_L_5\via_region_data.json
E_0_1_0_L_M_N_N_1982_10_2017.bmp308278,Non-Alcohol,C:\PycharmProjects\Alcohol Detection\dataset\Grupo_0\E_0_1\Iritech\E_0_1_0\E_0_1_0_L_5\via_region_data.json
E_0_1_0_L_M_N_N_1982_11_2017.bmp308278,Non-Alcohol,C:\PycharmProjects\Alcohol Detection\dataset\Grupo_0\E_0_1\Iritech\E_0_1_0\E_0_1_0_L_5\via_region_data.json
E_0_1_0_L_M_N_N_1982_12_2017.bmp308278,Non-Alcohol,C:\PycharmProjects\Alcohol Detection\dataset\Grupo_0\E_0_1\Iritech\E_0_1_0\E_0_1_0_L_5\via_region_data.json
E_0_1_0_L_M_N_N_1982_13_2017.bmp308278,Non-Alcohol,C:\PycharmProjects\Alcohol Detection\dataset\Grupo_0\E_0_1\Iritech\E_0_1_0\E_0_1_0_L_5\via_region_data.json
E_0_1_0_L_M_N_N_1982_14_2017.bmp308278,Non-Alcohol,C:\PycharmProjects\Alcohol Detection\dataset\Grupo_0\E_0_1\Iritech\E_0_1_0\E_0_1_0_L_5\via_region_data.json
E_0_1_0_L_M_N_N_1982_15_2017.bmp308278,Non-Alcohol,C:\PycharmProjects\Alcohol Detection\dataset\Grupo_0\E_0_1\Iritech\E_0_1_0\E_0_1_0_L_5\via_region_data.json
E_0_1_0_L_M_N_N_1982_16_2017.bmp308278,Non-Alcohol,C:\PycharmProjects\Alcohol Detection\dataset\Grupo_0\E_0_1\Iritech\E_0_1_0\E_0_1_0_L_5\via_region_data.json
E_0_1_0_L_M_N_N_1982_17_2017.bmp308278,Non-Alcohol,C:\PycharmProjects\Alcohol Detection\dataset\Grupo_0\E_0_1\Iritech\E_0_1_0\E_0_1_0_L_5\via_region_data.json
E_0_1_0_L_M_N_N_1982_18_2017.bmp308278,Non-Alcohol,C:\PycharmProjects\Alcohol Detection\dataset\Grupo_0\E_0_1\Iritech\E_0_1_0\E_0_1_0_L_5\via_region_data.json
E_0_1_0_L_M_N_N_1982_19_2017.bmp308278,Non-Alcohol,C:\PycharmProjects\Alcohol Detection\dataset\Grupo_0\E_0_1\Iritech\E_0_1_0\E_0_1_0_L_5\via_region_data.json
E_0_1_0_L_M_N_N_1982_20_2017.bmp308278,Non-Alcohol,C:\PycharmProjects\Alcohol Detection\dataset\Grupo_0\E_0_1\Iritech\E_0_1_0\E_0_1_0_L_5\via_region_data.json
E_0_1_0_L_M_N_N_1982_21_2017.bmp308278,Non-Alcohol,C:\PycharmProjects\Alcohol Detection\dataset\Grupo_0\E_0_1\Iritech\E_0_1_0\E_0_1_0_L_5\via_region_data.json
E_0_1_0_L_M_N_N_1982_22_2017.bmp308278,Non-Alcohol,C:\PycharmProjects\Alcohol Detection\dataset\Grupo_0\E_0_1\Iritech\E_0_1_0\E_0_1_0_L_5\via_region_data.json
E_0_1_0_L_M_N_N_1982_23_2017.bmp308278,Non-Alcohol,C:\PycharmProjects\Alcohol Detection\dataset\Grupo_0\E_0_1\Iritech\E_0_1_0\E_0_1_0_L_5\via_region_data.json
E_0_1_0_L_M_N_N_1982_24_2017.bmp308278,Non-Alcohol,C:\PycharmProjects\Alcohol Detection\dataset\Grupo_0\E_0_1\Iritech\E_0_1_0\E_0_1_0_L_5\via_region_data.json
E_0_1_0_L_M_N_N_1982_25_2017.bmp308278,Non-Alcohol,C:\PycharmProjects\Alcohol Detection\dataset\Grupo_0\E_0_1\Iritech\E_0_1_0\E_0_1_0_L_5\via_region_data.json
E_0_1_0_L_M_N_N_1982_26_2017.bmp308278,Non-Alcohol,C:\PycharmProjects\Alcohol Detection\dataset\Grupo_0\E_0_1\Iritech\E_0_1_0\E_0_1_0_L_5\via_region_data.json
E_0_1_0_L_M_N_N_1982_27_2017.bmp308278,Non-Alcohol,C:\PycharmProjects\Alcohol Detection\dataset\Grupo_0\E_0_1\Iritech\E_0_1_0\E_0_1_0_L_5\via_region_data.json
E_0_1_0_L_M_N_N_1982_28_2017.bmp308278,Non-Alcohol,C:\PycharmProjects\Alcohol Detection\dataset\Grupo_0\E_0_1\Iritech\E_0_1_0\E_0_1_0_L_5\via_region_data.json
E_0_1_0_L_M_N_N_1982_29_2017.bmp308278,Non-Alcohol,C:\PycharmProjects\Alcohol Detection\dataset\Grupo_0\E_0_1\Iritech\E_0_1_0\E_0_1_0_L_5\via_region_data.json
E_0_1_0_L_M_N_N_1982_30_2017.bmp308278,Non-Alcohol,C:\PycharmProjects\Alcohol Detection\dataset\Grupo_0\E_0_1\Iritech\E_0_1_0\E_0_1_0_L_5\via_region_data.json
E_0_1_0_L_M_N_N_1982_31_2017.bmp308278,Non-Alcohol,C:\PycharmProjects\Alcohol Detection\dataset\Grupo_0\E_0_1\Iritech\E_0_1_0\E_0_1_0_L_5\via_region_data.json
E_0_1_0_L_M_N_N_1982_32_2017.bmp308278,Non-Alcohol,C:\PycharmProjects\Alcohol Detection\dataset\Grupo_0\E_0_1\Iritech\E_0_1_0\E_0_1_0_L_5\via_region_data.json
E_0_1_0_L_M_N_N_1982_33_2017.bmp308278,Non-Alcohol,C:\PycharmProjects\Alcohol Detection\dataset\Grupo_0\E_0_1\Iritech\E_0_1_0\E_0_1_0_L_5\via_region_data.json
E_0_1_0_L_M_N_N_1982_34_2017.bmp308278,Non-Alcohol,C:\PycharmProjects\Alcohol Detection\dataset\Grupo_0\E_0_1\Iritech\E_0_1_0\E_0_1_0_L_5\via_region_data.json
E_0_1_0_L_M_N_N_1982_35_2017.bmp308278,Non-Alcohol,C:\PycharmProjects\Alcohol Detection\dataset\Grupo_0\E_0_1\Iritech\E_0_1_0\E_0_1_0_L_5\via_region_data.json
E_0_1_0_L_M_N_N_1982_36_2017.bmp308278,Non-Alcohol,C:\PycharmProjects\Alcohol Detection\dataset\Grupo_0\E_0_1\Iritech\E_0_1_0\E_0_1_0_L_5\via_region_data.json
E_0_1_0_L_M_N_N_1982_37_2017.bmp308278,Non-Alcohol,C:\PycharmProjects\Alcohol Detection\dataset\Grupo_0\E_0_1\Iritech\E_0_1_0\E_0_1_0_L_5\via_region_data.json
E_0_1_0_L_M_N_N_1982_38_2017.bmp308278,Non-Alcohol,C:\PycharmProjects\Alcohol Detection\dataset\Grupo_0\E_0_1\Iritech\E_0_1_0\E_0_1_0_L_5\via_region_data.json
E_0_1_0_L_M_N_N_1982_39_2017.bmp308278,Non-Alcohol,C:\PycharmProjects\Alcohol Detection\dataset\Grupo_0\E_0_1\Iritech\E_0_1_0\E_0_1_0_L_5\via_region_data.json
E_0_1_0_L_M_N_N_1982_40_2017.bmp308278,Non-Alcohol,C:\PycharmProjects\Alcohol Detection\dataset\Grupo_0\E_0_1\Iritech\E_0_1_0\E_0_1_0_L_5\via_region_data.json
E_0_1_0_L_M_N_N_1982_41_2017.bmp308278,Non-Alcohol,C:\PycharmProjects\Alcohol Detection\dataset\Grupo_0\E_0_1\Iritech\E_0_1_0\E_0_1_0_L_5\via_region_data.json
E_0_1_0_L_M_N_N_1982_42_2017.bmp308278,Non-Alcohol,C:\PycharmProjects\Alcohol Detection\dataset\Grupo_0\E_0_1\Iritech\E_0_1_0\E_0_1_0_L_5\via_region_data.json
E_0_1_0_L_M_N_N_1982_43_2017.bmp308278,Non-Alcohol,C:\PycharmProjects\Alcohol Detection\dataset\Grupo_0\E_0_1\Iritech\E_0_1_0\E_0_1_0_L_5\via_region_data.json
E_0_1_0_L_M_N_N_1982_44_2017.bmp308278,Non-Alcohol,C:\PycharmProjects\Alcohol Detection\dataset\Grupo_0\E_0_1\Iritech\E_0_1_0\E_0_1_0_L_5\via_region_data.json
E_0_1_0_L_M_N_N_1982_45_2017.bmp308278,Non-Alcohol,C:\PycharmProjects\Alcohol Detection\dataset\Grupo_0\E_0_1\Iritech\E_0_1_0\E_0_1_0_L_5\via_region_data.json
E_0_1_0_L_M_N_N_1982_46_2017.bmp308278,Non-Alcohol,C:\PycharmProjects\Alcohol Detection\dataset\Grupo_0\E_0_1\Iritech\E_0_1_0\E_0_1_0_L_5\via_region_data.json
E_0_1_0_L_M_N_N_1982_47_2017.bmp308278,Non-Alcohol,C:\PycharmProjects\Alcohol Detection\dataset\Grupo_0\E_0_1\Iritech\E_0_1_0\E_0_1_0_L_5\via_region_data.json
E_0_1_0_L_M_N_N_1982_48_2017.bmp308278,Non-Alcohol,C:\PycharmProjects\Alcohol Detection\dataset\Grupo_0\E_0_1\Iritech\E_0_1_0\E_0_1_0_L_5\via_region_data.json
E_0_1_0_L_M_N_N_1982_49_2017.bmp308278,Non-Alcohol,C:\PycharmProjects\Alcohol Detection\dataset\Grupo_0\E_0_1\Iritech\E_0_1_0\E_0_1_0_L_5\via_region_data.json
E_0_1_0_L_M_N_N_1982_50_2017.bmp308278,Non-Alcohol,C:\PycharmProjects\Alcohol Detection\dataset\Grupo_0\E_0_1\Iritech\E_0_1_0\E_0_1_0_L_5\via_region_data.json
E_0_1_0_L_M_N_N_1982_51_2017.bmp308278,Non-Alcohol,C:\PycharmProjects\Alcohol Detection\dataset\Grupo_0\E_0_1\Iritech\E_0_1_0\E_0_1_0_L_5\via_region_data.json
E_0_1_0_L_M_N_N_1982_52_2017.bmp308278,Non-Alcohol,C:\PycharmProjects\Alcohol Detection\dataset\Grupo_0\E_0_1\Iritech\E_0_1_0\E_0_1_0_L_5\via_region_data.json
E_0_1_0_L_M_N_N_1982_53_2017.bmp308278,Non-Alcohol,C:\PycharmProjects\Alcohol Detection\dataset\Grupo_0\E_0_1\Iritech\E_0_1_0\E_0_1_0_L_5\via_region_data.json
E_0_1_0_L_M_N_N_1982_54_2017.bmp308278,Non-Alcohol,C:\PycharmProjects\Alcohol Detection\dataset\Grupo_0\E_0_1\Iritech\E_0_1_0\E_0_1_0_L_5\via_region_data.json
E_0_1_0_L_M_N_N_1982_55_2017.bmp308278,Non-Alcohol,C:\PycharmProjects\Alcohol Detection\dataset\Grupo_0\E_0_1\Iritech\E_0_1_0\E_0_1_0_L_5\via_region_data.json
E_0_1_0_L_M_N_N_1982_56_2017.bmp308278,Non-Alcohol,C:\PycharmProjects\Alcohol Detection\dataset\Grupo_0\E_0_1\Iritech\E_0_1_0\E_0_1_0_L_5\via_region_data.json
E_0_1_0_L_M_N_N_1982_57_2017.bmp308278,Non-Alcohol,C:\PycharmProjects\Alcohol Detection\dataset\Grupo_0\E_0_1\Iritech\E_0_1_0\E_0_1_0_L_5\via_region_data.json
E_0_1_0_L_M_N_N_1982_58_2017.bmp308278,Non-Alcohol,C:\PycharmProjects\Alcohol Detection\dataset\Grupo_0\E_0_1\Iritech\E_0_1_0\E_0_1_0_L_5\via_region_data.json
E_0_1_0_L_M_N_N_1982_59_2017.bmp308278,Non-Alcohol,C:\PycharmProjects\Alcohol Detection\dataset\Grupo_0\E_0_1\Iritech\E_0_1_0\E_0_1_0_L_5\via_region_data.json
E_0_1_0_L_M_N_N_1982_60_2017.bmp308278,Non-Alcohol,C:\PycharmProjects\Alcohol Detection\dataset\Grupo_0\E_0_1\Iritech\E_0_1_0\E_0_1_0_L_5\via_region_data.json
E_0_1_0_L_M_N_N_1982_61_2017.bmp308278,Non-Alcohol,C:\PycharmProjects\Alcohol Detection\dataset\Grupo_0\E_0_1\Iritech\E_0_1_0\E_0_1_0_L_5\via_region_data.json
E_0_1_0_L_M_N_N_1982_62_2017.bmp308278,Non-Alcohol,C:\PycharmProjects\Alcohol Detection\dataset\Grupo_0\E_0_1\Iritech\E_0_1_0\E_0_1_0_L_5\via_region_data.json
E_0_1_0_L_M_N_N_1982_63_2017.bmp308278,Non-Alcohol,C:\PycharmProjects\Alcohol Detection\dataset\Grupo_0\E_0_1\Iritech\E_0_1_0\E_0_1_0_L_5\via_region_data.json
E_0_1_0_L_M_N_N_1982_64_2017.bmp308278,Non-Alcohol,C:\PycharmProjects\Alcohol Detection\dataset\Grupo_0\E_0_1\Iritech\E_0_1_0\E_0_1_0_L_5\via_region_data.json
E_0_1_0_L_M_N_N_1982_65_2017.bmp308278,Non-Alcohol,C:\PycharmProjects\Alcohol Detection\dataset\Grupo_0\E_0_1\Iritech\E_0_1_0\E_0_1_0_L_5\via_region_data.json
E_0_1_0_L_M_N_N_1982_66_2017.bmp308278,Non-Alcohol,C:\PycharmProjects\Alcohol Detection\dataset\Grupo_0\E_0_1\Iritech\E_0_1_0\E_0_1_0_L_5\via_region_data.json
E_0_1_0_L_M_N_N_1982_67_2017.bmp308278,Non-Alcohol,C:\PycharmProjects\Alcohol Detection\dataset\Grupo_0\E_0_1\Iritech\E_0_1_0\E_0_1_0_L_5\via_region_data.json
E_0_1_0_L_M_N_N_1982_68_2017.bmp308278,Non-Alcohol,C:\PycharmProjects\Alcohol Detection\dataset\Grupo_0\E_0_1\Iritech\E_0_1_0\E_0_1_0_L_5\via_region_data.json
E_0_1_0_L_M_N_N_1982_69_2017.bmp308278,Non-Alcohol,C:\PycharmProjects\Alcohol Detection\dataset\Grupo_0\E_0_1\Iritech\E_0_1_0\E_0_1_0_L_5\via_region_data.json
E_0_1_0_R_M_N_N_1982_0_2017.bmp308278,Non-Alcohol,C:\PycharmProjects\Alcohol Detection\dataset\Grupo_0\E_0_1\Iritech\E_0_1_0\E_0_1_0_R_5\via_region_data.json
E_0_1_0_R_M_N_N_1982_1_2017.bmp308278,Non-Alcohol,C:\PycharmProjects\Alcohol Detection\dataset\Grupo_0\E_0_1\Iritech\E_0_1_0\E_0_1_0_R_5\via_region_data.json
E_0_1_0_R_M_N_N_1982_2_2017.bmp308278,Non-Alcohol,C:\PycharmProjects\Alcohol Detection\dataset\Grupo_0\E_0_1\Iritech\E_0_1_0\E_0_1_0_R_5\via_region_data.json
E_0_1_0_R_M_N_N_1982_3_2017.bmp308278,Non-Alcohol,C:\PycharmProjects\Alcohol Detection\dataset\Grupo_0\E_0_1\Iritech\E_0_1_0\E_0_1_0_R_5\via_region_data.json
E_0_1_0_R_M_N_N_1982_4_2017.bmp308278,Non-Alcohol,C:\PycharmProjects\Alcohol Detection\dataset\Grupo_0\E_0_1\Iritech\E_0_1_0\E_0_1_0_R_5\via_region_data.json
E_0_1_0_R_M_N_N_1982_5_2017.bmp308278,Non-Alcohol,C:\PycharmProjects\Alcohol Detection\dataset\Grupo_0\E_0_1\Iritech\E_0_1_0\E_0_1_0_R_5\via_region_data.json
E_0_1_0_R_M_N_N_1982_6_2017.bmp308278,Non-Alcohol,C:\PycharmProjects\Alcohol Detection\dataset\Grupo_0\E_0_1\Iritech\E_0_1_0\E_0_1_0_R_5\via_region_data.json
E_0_1_0_R_M_N_N_1982_7_2017.bmp308278,Non-Alcohol,C:\PycharmProjects\Alcohol Detection\dataset\Grupo_0\E_0_1\Iritech\E_0_1_0\E_0_1_0_R_5\via_region_data.json
E_0_1_0_R_M_N_N_1982_8_2017.bmp308278,Non-Alcohol,C:\PycharmProjects\Alcohol Detection\dataset\Grupo_0\E_0_1\Iritech\E_0_1_0\E_0_1_0_R_5\via_region_data.json
E_0_1_0_R_M_N_N_1982_9_2017.bmp308278,Non-Alcohol,C:\PycharmProjects\Alcohol Detection\dataset\Grupo_0\E_0_1\Iritech\E_0_1_0\E_0_1_0_R_5\via_region_data.json
E_0_1_0_R_M_N_N_1982_10_2017.bmp308278,Non-Alcohol,C:\PycharmProjects\Alcohol Detection\dataset\Grupo_0\E_0_1\Iritech\E_0_1_0\E_0_1_0_R_5\via_region_data.json
E_0_1_0_R_M_N_N_1982_11_2017.bmp308278,Non-Alcohol,C:\PycharmProjects\Alcohol Detection\dataset\Grupo_0\E_0_1\Iritech\E_0_1_0\E_0_1_0_R_5\via_region_data.json
E_0_1_0_R_M_N_N_1982_12_2017.bmp308278,Non-Alcohol,C:\PycharmProjects\Alcohol Detection\dataset\Grupo_0\E_0_1\Iritech\E_0_1_0\E_0_1_0_R_5\via_region_data.json
E_0_1_0_R_M_N_N_1982_13_2017.bmp308278,Non-Alcohol,C:\PycharmProjects\Alcohol Detection\dataset\Grupo_0\E_0_1\Iritech\E_0_1_0\E_0_1_0_R_5\via_region_data.json
E_0_1_0_R_M_N_N_1982_14_2017.bmp308278,Non-Alcohol,C:\PycharmProjects\Alcohol Detection\dataset\Grupo_0\E_0_1\Iritech\E_0_1_0\E_0_1_0_R_5\via_region_data.json
E_0_1_0_R_M_N_N_1982_15_2017.bmp308278,Non-Alcohol,C:\PycharmProjects\Alcohol Detection\dataset\Grupo_0\E_0_1\Iritech\E_0_1_0\E_0_1_0_R_5\via_region_data.json
E_0_1_0_R_M_N_N_1982_16_2017.bmp308278,Non-Alcohol,C:\PycharmProjects\Alcohol Detection\dataset\Grupo_0\E_0_1\Iritech\E_0_1_0\E_0_1_0_R_5\via_region_data.json
E_0_1_0_R_M_N_N_1982_17_2017.bmp308278,Non-Alcohol,C:\PycharmProjects\Alcohol Detection\dataset\Grupo_0\E_0_1\Iritech\E_0_1_0\E_0_1_0_R_5\via_region_data.json
E_0_1_0_R_M_N_N_1982_18_2017.bmp308278,Non-Alcohol,C:\PycharmProjects\Alcohol Detection\dataset\Grupo_0\E_0_1\Iritech\E_0_1_0\E_0_1_0_R_5\via_region_data.json
E_0_1_0_R_M_N_N_1982_19_2017.bmp308278,Non-Alcohol,C:\PycharmProjects\Alcohol Detection\dataset\Grupo_0\E_0_1\Iritech\E_0_1_0\E_0_1_0_R_5\via_region_data.json
E_0_1_0_R_M_N_N_1982_20_2017.bmp308278,Non-Alcohol,C:\PycharmProjects\Alcohol Detection\dataset\Grupo_0\E_0_1\Iritech\E_0_1_0\E_0_1_0_R_5\via_region_data.json
E_0_1_0_R_M_N_N_1982_21_2017.bmp308278,Non-Alcohol,C:\PycharmProjects\Alcohol Detection\dataset\Grupo_0\E_0_1\Iritech\E_0_1_0\E_0_1_0_R_5\via_region_data.json
E_0_1_0_R_M_N_N_1982_22_2017.bmp308278,Non-Alcohol,C:\PycharmProjects\Alcohol Detection\dataset\Grupo_0\E_0_1\Iritech\E_0_1_0\E_0_1_0_R_5\via_region_data.json
E_0_1_0_R_M_N_N_1982_23_2017.bmp308278,Non-Alcohol,C:\PycharmProjects\Alcohol Detection\dataset\Grupo_0\E_0_1\Iritech\E_0_1_0\E_0_1_0_R_5\via_region_data.json
E_0_1_0_R_M_N_N_1982_24_2017.bmp308278,Non-Alcohol,C:\PycharmProjects\Alcohol Detection\dataset\Grupo_0\E_0_1\Iritech\E_0_1_0\E_0_1_0_R_5\via_region_data.json
E_0_1_0_R_M_N_N_1982_25_2017.bmp308278,Non-Alcohol,C:\PycharmProjects\Alcohol Detection\dataset\Grupo_0\E_0_1\Iritech\E_0_1_0\E_0_1_0_R_5\via_region_data.json
E_0_1_0_R_M_N_N_1982_26_2017.bmp308278,Non-Alcohol,C:\PycharmProjects\Alcohol Detection\dataset\Grupo_0\E_0_1\Iritech\E_0_1_0\E_0_1_0_R_5\via_region_data.json
E_0_1_0_R_M_N_N_1982_27_2017.bmp308278,Non-Alcohol,C:\PycharmProjects\Alcohol Detection\dataset\Grupo_0\E_0_1\Iritech\E_0_1_0\E_0_1_0_R_5\via_region_data.json
E_0_1_0_R_M_N_N_1982_28_2017.bmp308278,Non-Alcohol,C:\PycharmProjects\Alcohol Detection\dataset\Grupo_0\E_0_1\Iritech\E_0_1_0\E_0_1_0_R_5\via_region_data.json
E_0_1_0_R_M_N_N_1982_29_2017.bmp308278,Non-Alcohol,C:\PycharmProjects\Alcohol Detection\dataset\Grupo_0\E_0_1\Iritech\E_0_1_0\E_0_1_0_R_5\via_region_data.json
E_0_1_0_R_M_N_N_1982_30_2017.bmp308278,Non-Alcohol,C:\PycharmProjects\Alcohol Detection\dataset\Grupo_0\E_0_1\Iritech\E_0_1_0\E_0_1_0_R_5\via_region_data.json
E_0_1_0_R_M_N_N_1982_31_2017.bmp308278,Non-Alcohol,C:\PycharmProjects\Alcohol Detection\dataset\Grupo_0\E_0_1\Iritech\E_0_1_0\E_0_1_0_R_5\via_region_data.json
E_0_1_0_R_M_N_N_1982_32_2017.bmp308278,Non-Alcohol,C:\PycharmProjects\Alcohol Detection\dataset\Grupo_0\E_0_1\Iritech\E_0_1_0\E_0_1_0_R_5\via_region_data.json
E_0_1_0_R_M_N_N_1982_33_2017.bmp308278,Non-Alcohol,C:\PycharmProjects\Alcohol Detection\dataset\Grupo_0\E_0_1\Iritech\E_0_1_0\E_0_1_0_R_5\via_region_data.json
E_0_1_0_R_M_N_N_1982_34_2017.bmp308278,Non-Alcohol,C:\PycharmProjects\Alcohol Detection\dataset\Grupo_0\E_0_1\Iritech\E_0_1_0\E_0_1_0_R_5\via_region_data.json
E_0_1_0_R_M_N_N_1982_35_2017.bmp308278,Non-Alcohol,C:\PycharmProjects\Alcohol Detection\dataset\Grupo_0\E_0_1\Iritech\E_0_1_0\E_0_1_0_R_5\via_region_data.json
E_0_1_0_R_M_N_N_1982_36_2017.bmp308278,Non-Alcohol,C:\PycharmProjects\Alcohol Detection\dataset\Grupo_0\E_0_1\Iritech\E_0_1_0\E_0_1_0_R_5\via_region_data.json
E_0_1_0_R_M_N_N_1982_37_2017.bmp308278,Non-Alcohol,C:\PycharmProjects\Alcohol Detection\dataset\Grupo_0\E_0_1\Iritech\E_0_1_0\E_0_1_0_R_5\via_region_data.json
E_0_1_0_R_M_N_N_1982_38_2017.bmp308278,Non-Alcohol,C:\PycharmProjects\Alcohol Detection\dataset\Grupo_0\E_0_1\Iritech\E_0_1_0\E_0_1_0_R_5\via_region_data.json
E_0_1_0_R_M_N_N_1982_39_2017.bmp308278,Non-Alcohol,C:\PycharmProjects\Alcohol Detection\dataset\Grupo_0\E_0_1\Iritech\E_0_1_0\E_0_1_0_R_5\via_region_data.json
E_0_1_0_R_M_N_N_1982_40_2017.bmp308278,Non-Alcohol,C:\PycharmProjects\Alcohol Detection\dataset\Grupo_0\E_0_1\Iritech\E_0_1_0\E_0_1_0_R_5\via_region_data.json
E_0_1_0_R_M_N_N_1982_41_2017.bmp308278,Non-Alcohol,C:\PycharmProjects\Alcohol Detection\dataset\Grupo_0\E_0_1\Iritech\E_0_1_0\E_0_1_0_R_5\via_region_data.json
E_0_1_0_R_M_N_N_1982_42_2017.bmp308278,Non-Alcohol,C:\PycharmProjects\Alcohol Detection\dataset\Grupo_0\E_0_1\Iritech\E_0_1_0\E_0_1_0_R_5\via_region_data.json
E_0_1_0_R_M_N_N_1982_43_2017.bmp308278,Non-Alcohol,C:\PycharmProjects\Alcohol Detection\dataset\Grupo_0\E_0_1\Iritech\E_0_1_0\E_0_1_0_R_5\via_region_data.json
E_0_1_0_R_M_N_N_1982_44_2017.bmp308278,Non-Alcohol,C:\PycharmProjects\Alcohol Detection\dataset\Grupo_0\E_0_1\Iritech\E_0_1_0\E_0_1_0_R_5\via_region_data.json
E_0_1_0_R_M_N_N_1982_45_2017.bmp308278,Non-Alcohol,C:\PycharmProjects\Alcohol Detection\dataset\Grupo_0\E_0_1\Iritech\E_0_1_0\E_0_1_0_R_5\via_region_data.json
E_0_1_0_R_M_N_N_1982_46_2017.bmp308278,Non-Alcohol,C:\PycharmProjects\Alcohol Detection\dataset\Grupo_0\E_0_1\Iritech\E_0_1_0\E_0_1_0_R_5\via_region_data.json
E_0_1_0_R_M_N_N_1982_47_2017.bmp308278,Non-Alcohol,C:\PycharmProjects\Alcohol Detection\dataset\Grupo_0\E_0_1\Iritech\E_0_1_0\E_0_1_0_R_5\via_region_data.json
E_0_1_0_R_M_N_N_1982_48_2017.bmp308278,Non-Alcohol,C:\PycharmProjects\Alcohol Detection\dataset\Grupo_0\E_0_1\Iritech\E_0_1_0\E_0_1_0_R_5\via_region_data.json
E_0_1_0_R_M_N_N_1982_49_2017.bmp308278,Non-Alcohol,C:\PycharmProjects\Alcohol Detection\dataset\Grupo_0\E_0_1\Iritech\E_0_1_0\E_0_1_0_R_5\via_region_data.json
E_0_1_0_R_M_N_N_1982_50_2017.bmp308278,Non-Alcohol,C:\PycharmProjects\Alcohol Detection\dataset\Grupo_0\E_0_1\Iritech\E_0_1_0\E_0_1_0_R_5\via_region_data.json
E_0_1_0_R_M_N_N_1982_51_2017.bmp308278,Non-Alcohol,C:\PycharmProjects\Alcohol Detection\dataset\Grupo_0\E_0_1\Iritech\E_0_1_0\E_0_1_0_R_5\via_region_data.json
E_0_1_0_R_M_N_N_1982_52_2017.bmp308278,Non-Alcohol,C:\PycharmProjects\Alcohol Detection\dataset\Grupo_0\E_0_1\Iritech\E_0_1_0\E_0_1_0_R_5\via_region_data.json
E_0_1_0_R_M_N_N_1982_53_2017.bmp308278,Non-Alcohol,C:\PycharmProjects\Alcohol Detection\dataset\Grupo_0\E_0_1\Iritech\E_0_1_0\E_0_1_0_R_5\via_region_data.json
E_0_1_0_R_M_N_N_1982_54_2017.bmp308278,Non-Alcohol,C:\PycharmProjects\Alcohol Detection\dataset\Grupo_0\E_0_1\Iritech\E_0_1_0\E_0_1_0_R_5\via_region_data.json
E_0_1_0_R_M_N_N_1982_55_2017.bmp308278,Non-Alcohol,C:\PycharmProjects\Alcohol Detection\dataset\Grupo_0\E_0_1\Iritech\E_0_1_0\E_0_1_0_R_5\via_region_data.json
E_0_1_0_R_M_N_N_1982_56_2017.bmp308278,Non-Alcohol,C:\PycharmProjects\Alcohol Detection\dataset\Grupo_0\E_0_1\Iritech\E_0_1_0\E_0_1_0_R_5\via_region_data.json
E_0_1_0_R_M_N_N_1982_57_2017.bmp308278,Non-Alcohol,C:\PycharmProjects\Alcohol Detection\dataset\Grupo_0\E_0_1\Iritech\E_0_1_0\E_0_1_0_R_5\via_region_data.json
E_0_1_0_R_M_N_N_1982_58_2017.bmp308278,Non-Alcohol,C:\PycharmProjects\Alcohol Detection\dataset\Grupo_0\E_0_1\Iritech\E_0_1_0\E_0_1_0_R_5\via_region_data.json
E_0_1_0_R_M_N_N_1982_59_2017.bmp308278,Non-Alcohol,C:\PycharmProjects\Alcohol Detection\dataset\Grupo_0\E_0_1\Iritech\E_0_1_0\E_0_1_0_R_5\via_region_data.json
E_0_1_0_R_M_N_N_1982_60_2017.bmp308278,Non-Alcohol,C:\PycharmProjects\Alcohol Detection\dataset\Grupo_0\E_0_1\Iritech\E_0_1_0\E_0_1_0_R_5\via_region_data.json
E_0_1_0_R_M_N_N_1982_61_2017.bmp308278,Non-Alcohol,C:\PycharmProjects\Alcohol Detection\dataset\Grupo_0\E_0_1\Iritech\E_0_1_0\E_0_1_0_R_5\via_region_data.json
E_0_1_0_R_M_N_N_1982_62_2017.bmp308278,Non-Alcohol,C:\PycharmProjects\Alcohol Detection\dataset\Grupo_0\E_0_1\Iritech\E_0_1_0\E_0_1_0_R_5\via_region_data.json
E_0_1_0_R_M_N_N_1982_63_2017.bmp308278,Non-Alcohol,C:\PycharmProjects\Alcohol Detection\dataset\Grupo_0\E_0_1\Iritech\E_0_1_0\E_0_1_0_R_5\via_region_data.json
E_0_1_0_R_M_N_N_1982_64_2017.bmp308278,Non-Alcohol,C:\PycharmProjects\Alcohol Detection\dataset\Grupo_0\E_0_1\Iritech\E_0_1_0\E_0_1_0_R_5\via_region_data.json
E_0_1_0_R_M_N_N_1982_65_2017.bmp308278,Non-Alcohol,C:\PycharmProjects\Alcohol Detection\dataset\Grupo_0\E_0_1\Iritech\E_0_1_0\E_0_1_0_R_5\via_region_data.json
E_0_1_0_R_M_N_N_1982_66_2017.bmp308278,Non-Alcohol,C:\PycharmProjects\Alcohol Detection\dataset\Grupo_0\E_0_1\Iritech\E_0_1_0\E_0_1_0_R_5\via_region_data.json
E_0_1_0_R_M_N_N_1982_67_2017.bmp308278,Non-Alcohol,C:\PycharmProjects\Alcohol Detection\dataset\Grupo_0\E_0_1\Iritech\E_0_1_0\E_0_1_0_R_5\via_region_data.json
E_0_1_0_R_M_N_N_1982_68_2017.bmp308278,Non-Alcohol,C:\PycharmProjects\Alcohol Detection\dataset\Grupo_0\E_0_1\Iritech\E_0_1_0\E_0_1_0_R_5\via_region_data.json
E_0_1_0_R_M_N_N_1982_69_2017.bmp308278,Non-Alcohol,C:\PycharmProjects\Alcohol Detection\dataset\Grupo_0\E_0_1\Iritech\E_0_1_0\E_0_1_0_R_5\via_region_data.json
E_0_1_0_R_M_N_N_1982_70_2017.bmp308278,Non-Alcohol,C:\PycharmProjects\Alcohol Detection\dataset\Grupo_0\E_0_1\Iritech\E_0_1_0\E_0_1_0_R_5\via_region_data.json
E_0_1_0_R_M_N_N_1982_71_2017.bmp308278,Non-Alcohol,C:\PycharmProjects\Alcohol Detection\dataset\Grupo_0\E_0_1\Iritech\E_0_1_0\E_0_1_0_R_5\via_region_data.json
E_0_1_0_R_M_N_N_1982_72_2017.bmp308278,Non-Alcohol,C:\PycharmProjects\Alcohol Detection\dataset\Grupo_0\E_0_1\Iritech\E_0_1_0\E_0_1_0_R_5\via_region_data.json
E_0_1_0_R_M_N_N_1982_73_2017.bmp308278,Non-Alcohol,C:\PycharmProjects\Alcohol Detection\dataset\Grupo_0\E_0_1\Iritech\E_0_1_0\E_0_1_0_R_5\via_region_data.json
E_0_1_0_R_M_N_N_1982_74_2017.bmp308278,Non-Alcohol,C:\PycharmProjects\Alcohol Detection\dataset\Grupo_0\E_0_1\Iritech\E_0_1_0\E_0_1_0_R_5\via_region_data.json
E_0_1_0_R_M_N_N_1982_75_2017.bmp308278,Non-Alcohol,C:\PycharmProjects\Alcohol Detection\dataset\Grupo_0\E_0_1\Iritech\E_0_1_0\E_0_1_0_R_5\via_region_data.json
E_0_1_1_L_M_N_N_1982_0_2017.bmp308278,Non-Alcohol,C:\PycharmProjects\Alcohol Detection\dataset\Grupo_0\E_0_1\Iritech\E_0_1_1\via_region_data.json
E_0_1_1_R_M_N_N_1982_0_2017.bmp308278,Non-Alcohol,C:\PycharmProjects\Alcohol Detection\dataset\Grupo_0\E_0_1\Iritech\E_0_1_1\via_region_data.json
E_0_1_1_L_M_N_N_1982_0_2017.bmp308278,Non-Alcohol,C:\PycharmProjects\Alcohol Detection\dataset\Grupo_0\E_0_1\Iritech\E_0_1_1\E_0_1_1_L_5\via_region_data.json
E_0_1_1_L_M_N_N_1982_1_2017.bmp308278,Non-Alcohol,C:\PycharmProjects\Alcohol Detection\dataset\Grupo_0\E_0_1\Iritech\E_0_1_1\E_0_1_1_L_5\via_region_data.json
E_0_1_1_L_M_N_N_1982_2_2017.bmp308278,Non-Alcohol,C:\PycharmProjects\Alcohol Detection\dataset\Grupo_0\E_0_1\Iritech\E_0_1_1\E_0_1_1_L_5\via_region_data.json
E_0_1_1_L_M_N_N_1982_3_2017.bmp308278,Non-Alcohol,C:\PycharmProjects\Alcohol Detection\dataset\Grupo_0\E_0_1\Iritech\E_0_1_1\E_0_1_1_L_5\via_region_data.json
E_0_1_1_L_M_N_N_1982_4_2017.bmp308278,Non-Alcohol,C:\PycharmProjects\Alcohol Detection\dataset\Grupo_0\E_0_1\Iritech\E_0_1_1\E_0_1_1_L_5\via_region_data.json
E_0_1_1_L_M_N_N_1982_5_2017.bmp308278,Non-Alcohol,C:\PycharmProjects\Alcohol Detection\dataset\Grupo_0\E_0_1\Iritech\E_0_1_1\E_0_1_1_L_5\via_region_data.json
E_0_1_1_L_M_N_N_1982_6_2017.bmp308278,Non-Alcohol,C:\PycharmProjects\Alcohol Detection\dataset\Grupo_0\E_0_1\Iritech\E_0_1_1\E_0_1_1_L_5\via_region_data.json
E_0_1_1_L_M_N_N_1982_7_2017.bmp308278,Non-Alcohol,C:\PycharmProjects\Alcohol Detection\dataset\Grupo_0\E_0_1\Iritech\E_0_1_1\E_0_1_1_L_5\via_region_data.json
E_0_1_1_L_M_N_N_1982_8_2017.bmp308278,Non-Alcohol,C:\PycharmProjects\Alcohol Detection\dataset\Grupo_0\E_0_1\Iritech\E_0_1_1\E_0_1_1_L_5\via_region_data.json
E_0_1_1_L_M_N_N_1982_9_2017.bmp308278,Non-Alcohol,C:\PycharmProjects\Alcohol Detection\dataset\Grupo_0\E_0_1\Iritech\E_0_1_1\E_0_1_1_L_5\via_region_data.json
E_0_1_1_L_M_N_N_1982_10_2017.bmp308278,Non-Alcohol,C:\PycharmProjects\Alcohol Detection\dataset\Grupo_0\E_0_1\Iritech\E_0_1_1\E_0_1_1_L_5\via_region_data.json
E_0_1_1_L_M_N_N_1982_11_2017.bmp308278,Non-Alcohol,C:\PycharmProjects\Alcohol Detection\dataset\Grupo_0\E_0_1\Iritech\E_0_1_1\E_0_1_1_L_5\via_region_data.json
E_0_1_1_L_M_N_N_1982_12_2017.bmp308278,Non-Alcohol,C:\PycharmProjects\Alcohol Detection\dataset\Grupo_0\E_0_1\Iritech\E_0_1_1\E_0_1_1_L_5\via_region_data.json
E_0_1_1_L_M_N_N_1982_13_2017.bmp308278,Non-Alcohol,C:\PycharmProjects\Alcohol Detection\dataset\Grupo_0\E_0_1\Iritech\E_0_1_1\E_0_1_1_L_5\via_region_data.json
E_0_1_1_L_M_N_N_1982_14_2017.bmp308278,Non-Alcohol,C:\PycharmProjects\Alcohol Detection\dataset\Grupo_0\E_0_1\Iritech\E_0_1_1\E_0_1_1_L_5\via_region_data.json
E_0_1_1_L_M_N_N_1982_15_2017.bmp308278,Non-Alcohol,C:\PycharmProjects\Alcohol Detection\dataset\Grupo_0\E_0_1\Iritech\E_0_1_1\E_0_1_1_L_5\via_region_data.json
E_0_1_1_L_M_N_N_1982_16_2017.bmp308278,Non-Alcohol,C:\PycharmProjects\Alcohol Detection\dataset\Grupo_0\E_0_1\Iritech\E_0_1_1\E_0_1_1_L_5\via_region_data.json
E_0_1_1_L_M_N_N_1982_17_2017.bmp308278,Non-Alcohol,C:\PycharmProjects\Alcohol Detection\dataset\Grupo_0\E_0_1\Iritech\E_0_1_1\E_0_1_1_L_5\via_region_data.json
E_0_1_1_L_M_N_N_1982_18_2017.bmp308278,Non-Alcohol,C:\PycharmProjects\Alcohol Detection\dataset\Grupo_0\E_0_1\Iritech\E_0_1_1\E_0_1_1_L_5\via_region_data.json
E_0_1_1_L_M_N_N_1982_19_2017.bmp308278,Non-Alcohol,C:\PycharmProjects\Alcohol Detection\dataset\Grupo_0\E_0_1\Iritech\E_0_1_1\E_0_1_1_L_5\via_region_data.json
E_0_1_1_L_M_N_N_1982_20_2017.bmp308278,Non-Alcohol,C:\PycharmProjects\Alcohol Detection\dataset\Grupo_0\E_0_1\Iritech\E_0_1_1\E_0_1_1_L_5\via_region_data.json
E_0_1_1_L_M_N_N_1982_21_2017.bmp308278,Non-Alcohol,C:\PycharmProjects\Alcohol Detection\dataset\Grupo_0\E_0_1\Iritech\E_0_1_1\E_0_1_1_L_5\via_region_data.json
E_0_1_1_L_M_N_N_1982_22_2017.bmp308278,Non-Alcohol,C:\PycharmProjects\Alcohol Detection\dataset\Grupo_0\E_0_1\Iritech\E_0_1_1\E_0_1_1_L_5\via_region_data.json
E_0_1_1_L_M_N_N_1982_23_2017.bmp308278,Non-Alcohol,C:\PycharmProjects\Alcohol Detection\dataset\Grupo_0\E_0_1\Iritech\E_0_1_1\E_0_1_1_L_5\via_region_data.json
E_0_1_1_L_M_N_N_1982_24_2017.bmp308278,Non-Alcohol,C:\PycharmProjects\Alcohol Detection\dataset\Grupo_0\E_0_1\Iritech\E_0_1_1\E_0_1_1_L_5\via_region_data.json
E_0_1_1_L_M_N_N_1982_25_2017.bmp308278,Non-Alcohol,C:\PycharmProjects\Alcohol Detection\dataset\Grupo_0\E_0_1\Iritech\E_0_1_1\E_0_1_1_L_5\via_region_data.json
E_0_1_1_L_M_N_N_1982_26_2017.bmp308278,Non-Alcohol,C:\PycharmProjects\Alcohol Detection\dataset\Grupo_0\E_0_1\Iritech\E_0_1_1\E_0_1_1_L_5\via_region_data.json
E_0_1_1_L_M_N_N_1982_27_2017.bmp308278,Non-Alcohol,C:\PycharmProjects\Alcohol Detection\dataset\Grupo_0\E_0_1\Iritech\E_0_1_1\E_0_1_1_L_5\via_region_data.json
E_0_1_1_L_M_N_N_1982_28_2017.bmp308278,Non-Alcohol,C:\PycharmProjects\Alcohol Detection\dataset\Grupo_0\E_0_1\Iritech\E_0_1_1\E_0_1_1_L_5\via_region_data.json
E_0_1_1_L_M_N_N_1982_29_2017.bmp308278,Non-Alcohol,C:\PycharmProjects\Alcohol Detection\dataset\Grupo_0\E_0_1\Iritech\E_0_1_1\E_0_1_1_L_5\via_region_data.json
E_0_1_1_L_M_N_N_1982_30_2017.bmp308278,Non-Alcohol,C:\PycharmProjects\Alcohol Detection\dataset\Grupo_0\E_0_1\Iritech\E_0_1_1\E_0_1_1_L_5\via_region_data.json
E_0_1_1_L_M_N_N_1982_31_2017.bmp308278,Non-Alcohol,C:\PycharmProjects\Alcohol Detection\dataset\Grupo_0\E_0_1\Iritech\E_0_1_1\E_0_1_1_L_5\via_region_data.json
E_0_1_1_L_M_N_N_1982_32_2017.bmp308278,Non-Alcohol,C:\PycharmProjects\Alcohol Detection\dataset\Grupo_0\E_0_1\Iritech\E_0_1_1\E_0_1_1_L_5\via_region_data.json
E_0_1_1_L_M_N_N_1982_33_2017.bmp308278,Non-Alcohol,C:\PycharmProjects\Alcohol Detection\dataset\Grupo_0\E_0_1\Iritech\E_0_1_1\E_0_1_1_L_5\via_region_data.json
E_0_1_1_L_M_N_N_1982_34_2017.bmp308278,Non-Alcohol,C:\PycharmProjects\Alcohol Detection\dataset\Grupo_0\E_0_1\Iritech\E_0_1_1\E_0_1_1_L_5\via_region_data.json
E_0_1_1_L_M_N_N_1982_35_2017.bmp308278,Non-Alcohol,C:\PycharmProjects\Alcohol Detection\dataset\Grupo_0\E_0_1\Iritech\E_0_1_1\E_0_1_1_L_5\via_region_data.json
E_0_1_1_L_M_N_N_1982_36_2017.bmp308278,Non-Alcohol,C:\PycharmProjects\Alcohol Detection\dataset\Grupo_0\E_0_1\Iritech\E_0_1_1\E_0_1_1_L_5\via_region_data.json
E_0_1_1_L_M_N_N_1982_37_2017.bmp308278,Non-Alcohol,C:\PycharmProjects\Alcohol Detection\dataset\Grupo_0\E_0_1\Iritech\E_0_1_1\E_0_1_1_L_5\via_region_data.json
E_0_1_1_L_M_N_N_1982_38_2017.bmp308278,Non-Alcohol,C:\PycharmProjects\Alcohol Detection\dataset\Grupo_0\E_0_1\Iritech\E_0_1_1\E_0_1_1_L_5\via_region_data.json
E_0_1_1_L_M_N_N_1982_39_2017.bmp308278,Non-Alcohol,C:\PycharmProjects\Alcohol Detection\dataset\Grupo_0\E_0_1\Iritech\E_0_1_1\E_0_1_1_L_5\via_region_data.json
E_0_1_1_L_M_N_N_1982_40_2017.bmp308278,Non-Alcohol,C:\PycharmProjects\Alcohol Detection\dataset\Grupo_0\E_0_1\Iritech\E_0_1_1\E_0_1_1_L_5\via_region_data.json
E_0_1_1_L_M_N_N_1982_41_2017.bmp308278,Non-Alcohol,C:\PycharmProjects\Alcohol Detection\dataset\Grupo_0\E_0_1\Iritech\E_0_1_1\E_0_1_1_L_5\via_region_data.json
E_0_1_1_L_M_N_N_1982_42_2017.bmp308278,Non-Alcohol,C:\PycharmProjects\Alcohol Detection\dataset\Grupo_0\E_0_1\Iritech\E_0_1_1\E_0_1_1_L_5\via_region_data.json
E_0_1_1_L_M_N_N_1982_43_2017.bmp308278,Non-Alcohol,C:\PycharmProjects\Alcohol Detection\dataset\Grupo_0\E_0_1\Iritech\E_0_1_1\E_0_1_1_L_5\via_region_data.json
E_0_1_1_L_M_N_N_1982_44_2017.bmp308278,Non-Alcohol,C:\PycharmProjects\Alcohol Detection\dataset\Grupo_0\E_0_1\Iritech\E_0_1_1\E_0_1_1_L_5\via_region_data.json
E_0_1_1_L_M_N_N_1982_45_2017.bmp308278,Non-Alcohol,C:\PycharmProjects\Alcohol Detection\dataset\Grupo_0\E_0_1\Iritech\E_0_1_1\E_0_1_1_L_5\via_region_data.json
E_0_1_1_L_M_N_N_1982_46_2017.bmp308278,Non-Alcohol,C:\PycharmProjects\Alcohol Detection\dataset\Grupo_0\E_0_1\Iritech\E_0_1_1\E_0_1_1_L_5\via_region_data.json
E_0_1_1_L_M_N_N_1982_47_2017.bmp308278,Non-Alcohol,C:\PycharmProjects\Alcohol Detection\dataset\Grupo_0\E_0_1\Iritech\E_0_1_1\E_0_1_1_L_5\via_region_data.json
E_0_1_1_L_M_N_N_1982_48_2017.bmp308278,Non-Alcohol,C:\PycharmProjects\Alcohol Detection\dataset\Grupo_0\E_0_1\Iritech\E_0_1_1\E_0_1_1_L_5\via_region_data.json
E_0_1_1_L_M_N_N_1982_49_2017.bmp308278,Non-Alcohol,C:\PycharmProjects\Alcohol Detection\dataset\Grupo_0\E_0_1\Iritech\E_0_1_1\E_0_1_1_L_5\via_region_data.json
E_0_1_1_L_M_N_N_1982_50_2017.bmp308278,Non-Alcohol,C:\PycharmProjects\Alcohol Detection\dataset\Grupo_0\E_0_1\Iritech\E_0_1_1\E_0_1_1_L_5\via_region_data.json
E_0_1_1_L_M_N_N_1982_51_2017.bmp308278,Non-Alcohol,C:\PycharmProjects\Alcohol Detection\dataset\Grupo_0\E_0_1\Iritech\E_0_1_1\E_0_1_1_L_5\via_region_data.json
E_0_1_1_L_M_N_N_1982_52_2017.bmp308278,Non-Alcohol,C:\PycharmProjects\Alcohol Detection\dataset\Grupo_0\E_0_1\Iritech\E_0_1_1\E_0_1_1_L_5\via_region_data.json
E_0_1_1_L_M_N_N_1982_53_2017.bmp308278,Non-Alcohol,C:\PycharmProjects\Alcohol Detection\dataset\Grupo_0\E_0_1\Iritech\E_0_1_1\E_0_1_1_L_5\via_region_data.json
E_0_1_1_L_M_N_N_1982_54_2017.bmp308278,Non-Alcohol,C:\PycharmProjects\Alcohol Detection\dataset\Grupo_0\E_0_1\Iritech\E_0_1_1\E_0_1_1_L_5\via_region_data.json
E_0_1_1_L_M_N_N_1982_55_2017.bmp308278,Non-Alcohol,C:\PycharmProjects\Alcohol Detection\dataset\Grupo_0\E_0_1\Iritech\E_0_1_1\E_0_1_1_L_5\via_region_data.json
E_0_1_1_L_M_N_N_1982_56_2017.bmp308278,Non-Alcohol,C:\PycharmProjects\Alcohol Detection\dataset\Grupo_0\E_0_1\Iritech\E_0_1_1\E_0_1_1_L_5\via_region_data.json
E_0_1_1_L_M_N_N_1982_57_2017.bmp308278,Non-Alcohol,C:\PycharmProjects\Alcohol Detection\dataset\Grupo_0\E_0_1\Iritech\E_0_1_1\E_0_1_1_L_5\via_region_data.json
E_0_1_1_L_M_N_N_1982_58_2017.bmp308278,Non-Alcohol,C:\PycharmProjects\Alcohol Detection\dataset\Grupo_0\E_0_1\Iritech\E_0_1_1\E_0_1_1_L_5\via_region_data.json
E_0_1_1_L_M_N_N_1982_59_2017.bmp308278,Non-Alcohol,C:\PycharmProjects\Alcohol Detection\dataset\Grupo_0\E_0_1\Iritech\E_0_1_1\E_0_1_1_L_5\via_region_data.json
E_0_1_1_L_M_N_N_1982_60_2017.bmp308278,Non-Alcohol,C:\PycharmProjects\Alcohol Detection\dataset\Grupo_0\E_0_1\Iritech\E_0_1_1\E_0_1_1_L_5\via_region_data.json
E_0_1_1_L_M_N_N_1982_61_2017.bmp308278,Non-Alcohol,C:\PycharmProjects\Alcohol Detection\dataset\Grupo_0\E_0_1\Iritech\E_0_1_1\E_0_1_1_L_5\via_region_data.json
E_0_1_1_L_M_N_N_1982_62_2017.bmp308278,Non-Alcohol,C:\PycharmProjects\Alcohol Detection\dataset\Grupo_0\E_0_1\Iritech\E_0_1_1\E_0_1_1_L_5\via_region_data.json
E_0_1_1_L_M_N_N_1982_63_2017.bmp308278,Non-Alcohol,C:\PycharmProjects\Alcohol Detection\dataset\Grupo_0\E_0_1\Iritech\E_0_1_1\E_0_1_1_L_5\via_region_data.json
E_0_1_1_L_M_N_N_1982_64_2017.bmp308278,Non-Alcohol,C:\PycharmProjects\Alcohol Detection\dataset\Grupo_0\E_0_1\Iritech\E_0_1_1\E_0_1_1_L_5\via_region_data.json
E_0_1_1_L_M_N_N_1982_65_2017.bmp308278,Non-Alcohol,C:\PycharmProjects\Alcohol Detection\dataset\Grupo_0\E_0_1\Iritech\E_0_1_1\E_0_1_1_L_5\via_region_data.json
E_0_1_1_L_M_N_N_1982_66_2017.bmp308278,Non-Alcohol,C:\PycharmProjects\Alcohol Detection\dataset\Grupo_0\E_0_1\Iritech\E_0_1_1\E_0_1_1_L_5\via_region_data.json
E_0_1_1_L_M_N_N_1982_67_2017.bmp308278,Non-Alcohol,C:\PycharmProjects\Alcohol Detection\dataset\Grupo_0\E_0_1\Iritech\E_0_1_1\E_0_1_1_L_5\via_region_data.json
E_0_1_1_L_M_N_N_1982_68_2017.bmp308278,Non-Alcohol,C:\PycharmProjects\Alcohol Detection\dataset\Grupo_0\E_0_1\Iritech\E_0_1_1\E_0_1_1_L_5\via_region_data.json
E_0_1_1_L_M_N_N_1982_69_2017.bmp308278,Non-Alcohol,C:\PycharmProjects\Alcohol Detection\dataset\Grupo_0\E_0_1\Iritech\E_0_1_1\E_0_1_1_L_5\via_region_data.json
E_0_1_1_L_M_N_N_1982_70_2017.bmp308278,Non-Alcohol,C:\PycharmProjects\Alcohol Detection\dataset\Grupo_0\E_0_1\Iritech\E_0_1_1\E_0_1_1_L_5\via_region_data.json
E_0_1_1_L_M_N_N_1982_71_2017.bmp308278,Non-Alcohol,C:\PycharmProjects\Alcohol Detection\dataset\Grupo_0\E_0_1\Iritech\E_0_1_1\E_0_1_1_L_5\via_region_data.json
E_0_1_1_L_M_N_N_1982_72_2017.bmp308278,Non-Alcohol,C:\PycharmProjects\Alcohol Detection\dataset\Grupo_0\E_0_1\Iritech\E_0_1_1\E_0_1_1_L_5\via_region_data.json
E_0_1_1_L_M_N_N_1982_73_2017.bmp308278,Non-Alcohol,C:\PycharmProjects\Alcohol Detection\dataset\Grupo_0\E_0_1\Iritech\E_0_1_1\E_0_1_1_L_5\via_region_data.json
E_0_1_1_L_M_N_N_1982_74_2017.bmp308278,Non-Alcohol,C:\PycharmProjects\Alcohol Detection\dataset\Grupo_0\E_0_1\Iritech\E_0_1_1\E_0_1_1_L_5\via_region_data.json
E_0_1_1_L_M_N_N_1982_75_2017.bmp308278,Non-Alcohol,C:\PycharmProjects\Alcohol Detection\dataset\Grupo_0\E_0_1\Iritech\E_0_1_1\E_0_1_1_L_5\via_region_data.json
E_0_1_1_R_M_N_N_1982_0_2017.bmp308278,Non-Alcohol,C:\PycharmProjects\Alcohol Detection\dataset\Grupo_0\E_0_1\Iritech\E_0_1_1\E_0_1_1_R_5\via_region_data.json
E_0_1_1_R_M_N_N_1982_1_2017.bmp308278,Non-Alcohol,C:\PycharmProjects\Alcohol Detection\dataset\Grupo_0\E_0_1\Iritech\E_0_1_1\E_0_1_1_R_5\via_region_data.json
E_0_1_1_R_M_N_N_1982_2_2017.bmp308278,Non-Alcohol,C:\PycharmProjects\Alcohol Detection\dataset\Grupo_0\E_0_1\Iritech\E_0_1_1\E_0_1_1_R_5\via_region_data.json
E_0_1_1_R_M_N_N_1982_3_2017.bmp308278,Non-Alcohol,C:\PycharmProjects\Alcohol Detection\dataset\Grupo_0\E_0_1\Iritech\E_0_1_1\E_0_1_1_R_5\via_region_data.json
E_0_1_1_R_M_N_N_1982_4_2017.bmp308278,Non-Alcohol,C:\PycharmProjects\Alcohol Detection\dataset\Grupo_0\E_0_1\Iritech\E_0_1_1\E_0_1_1_R_5\via_region_data.json
E_0_1_1_R_M_N_N_1982_5_2017.bmp308278,Non-Alcohol,C:\PycharmProjects\Alcohol Detection\dataset\Grupo_0\E_0_1\Iritech\E_0_1_1\E_0_1_1_R_5\via_region_data.json
E_0_1_1_R_M_N_N_1982_6_2017.bmp308278,Non-Alcohol,C:\PycharmProjects\Alcohol Detection\dataset\Grupo_0\E_0_1\Iritech\E_0_1_1\E_0_1_1_R_5\via_region_data.json
E_0_1_1_R_M_N_N_1982_7_2017.bmp308278,Non-Alcohol,C:\PycharmProjects\Alcohol Detection\dataset\Grupo_0\E_0_1\Iritech\E_0_1_1\E_0_1_1_R_5\via_region_data.json
E_0_1_1_R_M_N_N_1982_8_2017.bmp308278,Non-Alcohol,C:\PycharmProjects\Alcohol Detection\dataset\Grupo_0\E_0_1\Iritech\E_0_1_1\E_0_1_1_R_5\via_region_data.json
E_0_1_1_R_M_N_N_1982_9_2017.bmp308278,Non-Alcohol,C:\PycharmProjects\Alcohol Detection\dataset\Grupo_0\E_0_1\Iritech\E_0_1_1\E_0_1_1_R_5\via_region_data.json
E_0_1_1_R_M_N_N_1982_10_2017.bmp308278,Non-Alcohol,C:\PycharmProjects\Alcohol Detection\dataset\Grupo_0\E_0_1\Iritech\E_0_1_1\E_0_1_1_R_5\via_region_data.json
E_0_1_1_R_M_N_N_1982_11_2017.bmp308278,Non-Alcohol,C:\PycharmProjects\Alcohol Detection\dataset\Grupo_0\E_0_1\Iritech\E_0_1_1\E_0_1_1_R_5\via_region_data.json
E_0_1_1_R_M_N_N_1982_12_2017.bmp308278,Non-Alcohol,C:\PycharmProjects\Alcohol Detection\dataset\Grupo_0\E_0_1\Iritech\E_0_1_1\E_0_1_1_R_5\via_region_data.json
E_0_1_1_R_M_N_N_1982_13_2017.bmp308278,Non-Alcohol,C:\PycharmProjects\Alcohol Detection\dataset\Grupo_0\E_0_1\Iritech\E_0_1_1\E_0_1_1_R_5\via_region_data.json
E_0_1_1_R_M_N_N_1982_14_2017.bmp308278,Non-Alcohol,C:\PycharmProjects\Alcohol Detection\dataset\Grupo_0\E_0_1\Iritech\E_0_1_1\E_0_1_1_R_5\via_region_data.json
E_0_1_1_R_M_N_N_1982_15_2017.bmp308278,Non-Alcohol,C:\PycharmProjects\Alcohol Detection\dataset\Grupo_0\E_0_1\Iritech\E_0_1_1\E_0_1_1_R_5\via_region_data.json
E_0_1_1_R_M_N_N_1982_16_2017.bmp308278,Non-Alcohol,C:\PycharmProjects\Alcohol Detection\dataset\Grupo_0\E_0_1\Iritech\E_0_1_1\E_0_1_1_R_5\via_region_data.json
E_0_1_1_R_M_N_N_1982_17_2017.bmp308278,Non-Alcohol,C:\PycharmProjects\Alcohol Detection\dataset\Grupo_0\E_0_1\Iritech\E_0_1_1\E_0_1_1_R_5\via_region_data.json
E_0_1_1_R_M_N_N_1982_18_2017.bmp308278,Non-Alcohol,C:\PycharmProjects\Alcohol Detection\dataset\Grupo_0\E_0_1\Iritech\E_0_1_1\E_0_1_1_R_5\via_region_data.json
E_0_1_1_R_M_N_N_1982_19_2017.bmp308278,Non-Alcohol,C:\PycharmProjects\Alcohol Detection\dataset\Grupo_0\E_0_1\Iritech\E_0_1_1\E_0_1_1_R_5\via_region_data.json
E_0_1_1_R_M_N_N_1982_20_2017.bmp308278,Non-Alcohol,C:\PycharmProjects\Alcohol Detection\dataset\Grupo_0\E_0_1\Iritech\E_0_1_1\E_0_1_1_R_5\via_region_data.json
E_0_1_1_R_M_N_N_1982_21_2017.bmp308278,Non-Alcohol,C:\PycharmProjects\Alcohol Detection\dataset\Grupo_0\E_0_1\Iritech\E_0_1_1\E_0_1_1_R_5\via_region_data.json
E_0_1_1_R_M_N_N_1982_22_2017.bmp308278,Non-Alcohol,C:\PycharmProjects\Alcohol Detection\dataset\Grupo_0\E_0_1\Iritech\E_0_1_1\E_0_1_1_R_5\via_region_data.json
E_0_1_1_R_M_N_N_1982_23_2017.bmp308278,Non-Alcohol,C:\PycharmProjects\Alcohol Detection\dataset\Grupo_0\E_0_1\Iritech\E_0_1_1\E_0_1_1_R_5\via_region_data.json
E_0_1_1_R_M_N_N_1982_24_2017.bmp308278,Non-Alcohol,C:\PycharmProjects\Alcohol Detection\dataset\Grupo_0\E_0_1\Iritech\E_0_1_1\E_0_1_1_R_5\via_region_data.json
E_0_1_1_R_M_N_N_1982_25_2017.bmp308278,Non-Alcohol,C:\PycharmProjects\Alcohol Detection\dataset\Grupo_0\E_0_1\Iritech\E_0_1_1\E_0_1_1_R_5\via_region_data.json
E_0_1_1_R_M_N_N_1982_26_2017.bmp308278,Non-Alcohol,C:\PycharmProjects\Alcohol Detection\dataset\Grupo_0\E_0_1\Iritech\E_0_1_1\E_0_1_1_R_5\via_region_data.json
E_0_1_1_R_M_N_N_1982_27_2017.bmp308278,Non-Alcohol,C:\PycharmProjects\Alcohol Detection\dataset\Grupo_0\E_0_1\Iritech\E_0_1_1\E_0_1_1_R_5\via_region_data.json
E_0_1_1_R_M_N_N_1982_28_2017.bmp308278,Non-Alcohol,C:\PycharmProjects\Alcohol Detection\dataset\Grupo_0\E_0_1\Iritech\E_0_1_1\E_0_1_1_R_5\via_region_data.json
E_0_1_1_R_M_N_N_1982_29_2017.bmp308278,Non-Alcohol,C:\PycharmProjects\Alcohol Detection\dataset\Grupo_0\E_0_1\Iritech\E_0_1_1\E_0_1_1_R_5\via_region_data.json
E_0_1_1_R_M_N_N_1982_30_2017.bmp308278,Non-Alcohol,C:\PycharmProjects\Alcohol Detection\dataset\Grupo_0\E_0_1\Iritech\E_0_1_1\E_0_1_1_R_5\via_region_data.json
E_0_1_1_R_M_N_N_1982_31_2017.bmp308278,Non-Alcohol,C:\PycharmProjects\Alcohol Detection\dataset\Grupo_0\E_0_1\Iritech\E_0_1_1\E_0_1_1_R_5\via_region_data.json
E_0_1_1_R_M_N_N_1982_32_2017.bmp308278,Non-Alcohol,C:\PycharmProjects\Alcohol Detection\dataset\Grupo_0\E_0_1\Iritech\E_0_1_1\E_0_1_1_R_5\via_region_data.json
E_0_1_1_R_M_N_N_1982_33_2017.bmp308278,Non-Alcohol,C:\PycharmProjects\Alcohol Detection\dataset\Grupo_0\E_0_1\Iritech\E_0_1_1\E_0_1_1_R_5\via_region_data.json
E_0_1_1_R_M_N_N_1982_34_2017.bmp308278,Non-Alcohol,C:\PycharmProjects\Alcohol Detection\dataset\Grupo_0\E_0_1\Iritech\E_0_1_1\E_0_1_1_R_5\via_region_data.json
E_0_1_1_R_M_N_N_1982_35_2017.bmp308278,Non-Alcohol,C:\PycharmProjects\Alcohol Detection\dataset\Grupo_0\E_0_1\Iritech\E_0_1_1\E_0_1_1_R_5\via_region_data.json
E_0_1_1_R_M_N_N_1982_36_2017.bmp308278,Non-Alcohol,C:\PycharmProjects\Alcohol Detection\dataset\Grupo_0\E_0_1\Iritech\E_0_1_1\E_0_1_1_R_5\via_region_data.json
E_0_1_1_R_M_N_N_1982_37_2017.bmp308278,Non-Alcohol,C:\PycharmProjects\Alcohol Detection\dataset\Grupo_0\E_0_1\Iritech\E_0_1_1\E_0_1_1_R_5\via_region_data.json
E_0_1_1_R_M_N_N_1982_38_2017.bmp308278,Non-Alcohol,C:\PycharmProjects\Alcohol Detection\dataset\Grupo_0\E_0_1\Iritech\E_0_1_1\E_0_1_1_R_5\via_region_data.json
E_0_1_1_R_M_N_N_1982_39_2017.bmp308278,Non-Alcohol,C:\PycharmProjects\Alcohol Detection\dataset\Grupo_0\E_0_1\Iritech\E_0_1_1\E_0_1_1_R_5\via_region_data.json
E_0_1_1_R_M_N_N_1982_40_2017.bmp308278,Non-Alcohol,C:\PycharmProjects\Alcohol Detection\dataset\Grupo_0\E_0_1\Iritech\E_0_1_1\E_0_1_1_R_5\via_region_data.json
E_0_1_1_R_M_N_N_1982_41_2017.bmp308278,Non-Alcohol,C:\PycharmProjects\Alcohol Detection\dataset\Grupo_0\E_0_1\Iritech\E_0_1_1\E_0_1_1_R_5\via_region_data.json
E_0_1_1_R_M_N_N_1982_42_2017.bmp308278,Non-Alcohol,C:\PycharmProjects\Alcohol Detection\dataset\Grupo_0\E_0_1\Iritech\E_0_1_1\E_0_1_1_R_5\via_region_data.json
E_0_1_1_R_M_N_N_1982_43_2017.bmp308278,Non-Alcohol,C:\PycharmProjects\Alcohol Detection\dataset\Grupo_0\E_0_1\Iritech\E_0_1_1\E_0_1_1_R_5\via_region_data.json
E_0_1_1_R_M_N_N_1982_44_2017.bmp308278,Non-Alcohol,C:\PycharmProjects\Alcohol Detection\dataset\Grupo_0\E_0_1\Iritech\E_0_1_1\E_0_1_1_R_5\via_region_data.json
E_0_1_1_R_M_N_N_1982_45_2017.bmp308278,Non-Alcohol,C:\PycharmProjects\Alcohol Detection\dataset\Grupo_0\E_0_1\Iritech\E_0_1_1\E_0_1_1_R_5\via_region_data.json
E_0_1_1_R_M_N_N_1982_46_2017.bmp308278,Non-Alcohol,C:\PycharmProjects\Alcohol Detection\dataset\Grupo_0\E_0_1\Iritech\E_0_1_1\E_0_1_1_R_5\via_region_data.json
E_0_1_1_R_M_N_N_1982_47_2017.bmp308278,Non-Alcohol,C:\PycharmProjects\Alcohol Detection\dataset\Grupo_0\E_0_1\Iritech\E_0_1_1\E_0_1_1_R_5\via_region_data.json
E_0_1_1_R_M_N_N_1982_48_2017.bmp308278,Non-Alcohol,C:\PycharmProjects\Alcohol Detection\dataset\Grupo_0\E_0_1\Iritech\E_0_1_1\E_0_1_1_R_5\via_region_data.json
E_0_1_1_R_M_N_N_1982_49_2017.bmp308278,Non-Alcohol,C:\PycharmProjects\Alcohol Detection\dataset\Grupo_0\E_0_1\Iritech\E_0_1_1\E_0_1_1_R_5\via_region_data.json
E_0_1_1_R_M_N_N_1982_50_2017.bmp308278,Non-Alcohol,C:\PycharmProjects\Alcohol Detection\dataset\Grupo_0\E_0_1\Iritech\E_0_1_1\E_0_1_1_R_5\via_region_data.json
E_0_1_1_R_M_N_N_1982_51_2017.bmp308278,Non-Alcohol,C:\PycharmProjects\Alcohol Detection\dataset\Grupo_0\E_0_1\Iritech\E_0_1_1\E_0_1_1_R_5\via_region_data.json
E_0_1_1_R_M_N_N_1982_52_2017.bmp308278,Non-Alcohol,C:\PycharmProjects\Alcohol Detection\dataset\Grupo_0\E_0_1\Iritech\E_0_1_1\E_0_1_1_R_5\via_region_data.json
E_0_1_1_R_M_N_N_1982_53_2017.bmp308278,Non-Alcohol,C:\PycharmProjects\Alcohol Detection\dataset\Grupo_0\E_0_1\Iritech\E_0_1_1\E_0_1_1_R_5\via_region_data.json
E_0_1_1_R_M_N_N_1982_54_2017.bmp308278,Non-Alcohol,C:\PycharmProjects\Alcohol Detection\dataset\Grupo_0\E_0_1\Iritech\E_0_1_1\E_0_1_1_R_5\via_region_data.json
E_0_1_1_R_M_N_N_1982_55_2017.bmp308278,Non-Alcohol,C:\PycharmProjects\Alcohol Detection\dataset\Grupo_0\E_0_1\Iritech\E_0_1_1\E_0_1_1_R_5\via_region_data.json
E_0_1_1_R_M_N_N_1982_56_2017.bmp308278,Non-Alcohol,C:\PycharmProjects\Alcohol Detection\dataset\Grupo_0\E_0_1\Iritech\E_0_1_1\E_0_1_1_R_5\via_region_data.json
E_0_1_1_R_M_N_N_1982_57_2017.bmp308278,Non-Alcohol,C:\PycharmProjects\Alcohol Detection\dataset\Grupo_0\E_0_1\Iritech\E_0_1_1\E_0_1_1_R_5\via_region_data.json
E_0_1_1_R_M_N_N_1982_58_2017.bmp308278,Non-Alcohol,C:\PycharmProjects\Alcohol Detection\dataset\Grupo_0\E_0_1\Iritech\E_0_1_1\E_0_1_1_R_5\via_region_data.json
E_0_1_1_R_M_N_N_1982_59_2017.bmp308278,Non-Alcohol,C:\PycharmProjects\Alcohol Detection\dataset\Grupo_0\E_0_1\Iritech\E_0_1_1\E_0_1_1_R_5\via_region_data.json
E_0_1_1_R_M_N_N_1982_60_2017.bmp308278,Non-Alcohol,C:\PycharmProjects\Alcohol Detection\dataset\Grupo_0\E_0_1\Iritech\E_0_1_1\E_0_1_1_R_5\via_region_data.json
E_0_1_1_R_M_N_N_1982_61_2017.bmp308278,Non-Alcohol,C:\PycharmProjects\Alcohol Detection\dataset\Grupo_0\E_0_1\Iritech\E_0_1_1\E_0_1_1_R_5\via_region_data.json
E_0_1_1_R_M_N_N_1982_62_2017.bmp308278,Non-Alcohol,C:\PycharmProjects\Alcohol Detection\dataset\Grupo_0\E_0_1\Iritech\E_0_1_1\E_0_1_1_R_5\via_region_data.json
E_0_1_1_R_M_N_N_1982_63_2017.bmp308278,Non-Alcohol,C:\PycharmProjects\Alcohol Detection\dataset\Grupo_0\E_0_1\Iritech\E_0_1_1\E_0_1_1_R_5\via_region_data.json
E_0_1_1_R_M_N_N_1982_64_2017.bmp308278,Non-Alcohol,C:\PycharmProjects\Alcohol Detection\dataset\Grupo_0\E_0_1\Iritech\E_0_1_1\E_0_1_1_R_5\via_region_data.json
E_0_1_1_R_M_N_N_1982_65_2017.bmp308278,Non-Alcohol,C:\PycharmProjects\Alcohol Detection\dataset\Grupo_0\E_0_1\Iritech\E_0_1_1\E_0_1_1_R_5\via_region_data.json
E_0_1_1_R_M_N_N_1982_66_2017.bmp308278,Non-Alcohol,C:\PycharmProjects\Alcohol Detection\dataset\Grupo_0\E_0_1\Iritech\E_0_1_1\E_0_1_1_R_5\via_region_data.json
E_0_1_1_R_M_N_N_1982_67_2017.bmp308278,Non-Alcohol,C:\PycharmProjects\Alcohol Detection\dataset\Grupo_0\E_0_1\Iritech\E_0_1_1\E_0_1_1_R_5\via_region_data.json
E_0_1_1_R_M_N_N_1982_68_2017.bmp308278,Non-Alcohol,C:\PycharmProjects\Alcohol Detection\dataset\Grupo_0\E_0_1\Iritech\E_0_1_1\E_0_1_1_R_5\via_region_data.json
E_0_1_1_R_M_N_N_1982_69_2017.bmp308278,Non-Alcohol,C:\PycharmProjects\Alcohol Detection\dataset\Grupo_0\E_0_1\Iritech\E_0_1_1\E_0_1_1_R_5\via_region_data.json
E_0_1_1_R_M_N_N_1982_70_2017.bmp308278,Non-Alcohol,C:\PycharmProjects\Alcohol Detection\dataset\Grupo_0\E_0_1\Iritech\E_0_1_1\E_0_1_1_R_5\via_region_data.json
E_0_1_1_R_M_N_N_1982_71_2017.bmp308278,Non-Alcohol,C:\PycharmProjects\Alcohol Detection\dataset\Grupo_0\E_0_1\Iritech\E_0_1_1\E_0_1_1_R_5\via_region_data.json
E_0_1_1_R_M_N_N_1982_72_2017.bmp308278,Non-Alcohol,C:\PycharmProjects\Alcohol Detection\dataset\Grupo_0\E_0_1\Iritech\E_0_1_1\E_0_1_1_R_5\via_region_data.json
E_0_1_1_R_M_N_N_1982_73_2017.bmp308278,Non-Alcohol,C:\PycharmProjects\Alcohol Detection\dataset\Grupo_0\E_0_1\Iritech\E_0_1_1\E_0_1_1_R_5\via_region_data.json
E_0_1_1_R_M_N_N_1982_74_2017.bmp308278,Non-Alcohol,C:\PycharmProjects\Alcohol Detection\dataset\Grupo_0\E_0_1\Iritech\E_0_1_1\E_0_1_1_R_5\via_region_data.json
E_0_1_1_R_M_N_N_1982_75_2017.bmp308278,Non-Alcohol,C:\PycharmProjects\Alcohol Detection\dataset\Grupo_0\E_0_1\Iritech\E_0_1_1\E_0_1_1_R_5\via_region_data.json
E_0_1_1_R_M_N_N_1982_76_2017.bmp308278,Non-Alcohol,C:\PycharmProjects\Alcohol Detection\dataset\Grupo_0\E_0_1\Iritech\E_0_1_1\E_0_1_1_R_5\via_region_data.json
E_0_1_1_R_M_N_N_1982_77_2017.bmp308278,Non-Alcohol,C:\PycharmProjects\Alcohol Detection\dataset\Grupo_0\E_0_1\Iritech\E_0_1_1\E_0_1_1_R_5\via_region_data.json
E_0_1_2_L_M_N_N_1982_0_2017.bmp308278,Non-Alcohol,C:\PycharmProjects\Alcohol Detection\dataset\Grupo_0\E_0_1\Iritech\E_0_1_2\via_region_data.json
E_0_1_2_R_M_N_N_1982_0_2017.bmp308278,Non-Alcohol,C:\PycharmProjects\Alcohol Detection\dataset\Grupo_0\E_0_1\Iritech\E_0_1_2\via_region_data.json
E_0_1_2_L_M_N_N_1982_0_2017.bmp308278,Non-Alcohol,C:\PycharmProjects\Alcohol Detection\dataset\Grupo_0\E_0_1\Iritech\E_0_1_2\E_0_1_2_L_5\via_region_data.json
E_0_1_2_L_M_N_N_1982_1_2017.bmp308278,Non-Alcohol,C:\PycharmProjects\Alcohol Detection\dataset\Grupo_0\E_0_1\Iritech\E_0_1_2\E_0_1_2_L_5\via_region_data.json
E_0_1_2_L_M_N_N_1982_2_2017.bmp308278,Non-Alcohol,C:\PycharmProjects\Alcohol Detection\dataset\Grupo_0\E_0_1\Iritech\E_0_1_2\E_0_1_2_L_5\via_region_data.json
E_0_1_2_L_M_N_N_1982_3_2017.bmp308278,Non-Alcohol,C:\PycharmProjects\Alcohol Detection\dataset\Grupo_0\E_0_1\Iritech\E_0_1_2\E_0_1_2_L_5\via_region_data.json
E_0_1_2_L_M_N_N_1982_4_2017.bmp308278,Non-Alcohol,C:\PycharmProjects\Alcohol Detection\dataset\Grupo_0\E_0_1\Iritech\E_0_1_2\E_0_1_2_L_5\via_region_data.json
E_0_1_2_L_M_N_N_1982_5_2017.bmp308278,Non-Alcohol,C:\PycharmProjects\Alcohol Detection\dataset\Grupo_0\E_0_1\Iritech\E_0_1_2\E_0_1_2_L_5\via_region_data.json
E_0_1_2_L_M_N_N_1982_6_2017.bmp308278,Non-Alcohol,C:\PycharmProjects\Alcohol Detection\dataset\Grupo_0\E_0_1\Iritech\E_0_1_2\E_0_1_2_L_5\via_region_data.json
E_0_1_2_L_M_N_N_1982_7_2017.bmp308278,Non-Alcohol,C:\PycharmProjects\Alcohol Detection\dataset\Grupo_0\E_0_1\Iritech\E_0_1_2\E_0_1_2_L_5\via_region_data.json
E_0_1_2_L_M_N_N_1982_8_2017.bmp308278,Non-Alcohol,C:\PycharmProjects\Alcohol Detection\dataset\Grupo_0\E_0_1\Iritech\E_0_1_2\E_0_1_2_L_5\via_region_data.json
E_0_1_2_L_M_N_N_1982_9_2017.bmp308278,Non-Alcohol,C:\PycharmProjects\Alcohol Detection\dataset\Grupo_0\E_0_1\Iritech\E_0_1_2\E_0_1_2_L_5\via_region_data.json
E_0_1_2_L_M_N_N_1982_10_2017.bmp308278,Non-Alcohol,C:\PycharmProjects\Alcohol Detection\dataset\Grupo_0\E_0_1\Iritech\E_0_1_2\E_0_1_2_L_5\via_region_data.json
E_0_1_2_L_M_N_N_1982_11_2017.bmp308278,Non-Alcohol,C:\PycharmProjects\Alcohol Detection\dataset\Grupo_0\E_0_1\Iritech\E_0_1_2\E_0_1_2_L_5\via_region_data.json
E_0_1_2_L_M_N_N_1982_12_2017.bmp308278,Non-Alcohol,C:\PycharmProjects\Alcohol Detection\dataset\Grupo_0\E_0_1\Iritech\E_0_1_2\E_0_1_2_L_5\via_region_data.json
E_0_1_2_L_M_N_N_1982_13_2017.bmp308278,Non-Alcohol,C:\PycharmProjects\Alcohol Detection\dataset\Grupo_0\E_0_1\Iritech\E_0_1_2\E_0_1_2_L_5\via_region_data.json
E_0_1_2_L_M_N_N_1982_14_2017.bmp308278,Non-Alcohol,C:\PycharmProjects\Alcohol Detection\dataset\Grupo_0\E_0_1\Iritech\E_0_1_2\E_0_1_2_L_5\via_region_data.json
E_0_1_2_L_M_N_N_1982_15_2017.bmp308278,Non-Alcohol,C:\PycharmProjects\Alcohol Detection\dataset\Grupo_0\E_0_1\Iritech\E_0_1_2\E_0_1_2_L_5\via_region_data.json
E_0_1_2_L_M_N_N_1982_16_2017.bmp308278,Non-Alcohol,C:\PycharmProjects\Alcohol Detection\dataset\Grupo_0\E_0_1\Iritech\E_0_1_2\E_0_1_2_L_5\via_region_data.json
E_0_1_2_L_M_N_N_1982_17_2017.bmp308278,Non-Alcohol,C:\PycharmProjects\Alcohol Detection\dataset\Grupo_0\E_0_1\Iritech\E_0_1_2\E_0_1_2_L_5\via_region_data.json
E_0_1_2_L_M_N_N_1982_18_2017.bmp308278,Non-Alcohol,C:\PycharmProjects\Alcohol Detection\dataset\Grupo_0\E_0_1\Iritech\E_0_1_2\E_0_1_2_L_5\via_region_data.json
E_0_1_2_L_M_N_N_1982_19_2017.bmp308278,Non-Alcohol,C:\PycharmProjects\Alcohol Detection\dataset\Grupo_0\E_0_1\Iritech\E_0_1_2\E_0_1_2_L_5\via_region_data.json
E_0_1_2_L_M_N_N_1982_20_2017.bmp308278,Non-Alcohol,C:\PycharmProjects\Alcohol Detection\dataset\Grupo_0\E_0_1\Iritech\E_0_1_2\E_0_1_2_L_5\via_region_data.json
E_0_1_2_L_M_N_N_1982_21_2017.bmp308278,Non-Alcohol,C:\PycharmProjects\Alcohol Detection\dataset\Grupo_0\E_0_1\Iritech\E_0_1_2\E_0_1_2_L_5\via_region_data.json
E_0_1_2_L_M_N_N_1982_22_2017.bmp308278,Non-Alcohol,C:\PycharmProjects\Alcohol Detection\dataset\Grupo_0\E_0_1\Iritech\E_0_1_2\E_0_1_2_L_5\via_region_data.json
E_0_1_2_L_M_N_N_1982_23_2017.bmp308278,Non-Alcohol,C:\PycharmProjects\Alcohol Detection\dataset\Grupo_0\E_0_1\Iritech\E_0_1_2\E_0_1_2_L_5\via_region_data.json
E_0_1_2_L_M_N_N_1982_24_2017.bmp308278,Non-Alcohol,C:\PycharmProjects\Alcohol Detection\dataset\Grupo_0\E_0_1\Iritech\E_0_1_2\E_0_1_2_L_5\via_region_data.json
E_0_1_2_L_M_N_N_1982_25_2017.bmp308278,Non-Alcohol,C:\PycharmProjects\Alcohol Detection\dataset\Grupo_0\E_0_1\Iritech\E_0_1_2\E_0_1_2_L_5\via_region_data.json
E_0_1_2_L_M_N_N_1982_26_2017.bmp308278,Non-Alcohol,C:\PycharmProjects\Alcohol Detection\dataset\Grupo_0\E_0_1\Iritech\E_0_1_2\E_0_1_2_L_5\via_region_data.json
E_0_1_2_L_M_N_N_1982_27_2017.bmp308278,Non-Alcohol,C:\PycharmProjects\Alcohol Detection\dataset\Grupo_0\E_0_1\Iritech\E_0_1_2\E_0_1_2_L_5\via_region_data.json
E_0_1_2_L_M_N_N_1982_28_2017.bmp308278,Non-Alcohol,C:\PycharmProjects\Alcohol Detection\dataset\Grupo_0\E_0_1\Iritech\E_0_1_2\E_0_1_2_L_5\via_region_data.json
E_0_1_2_L_M_N_N_1982_29_2017.bmp308278,Non-Alcohol,C:\PycharmProjects\Alcohol Detection\dataset\Grupo_0\E_0_1\Iritech\E_0_1_2\E_0_1_2_L_5\via_region_data.json
E_0_1_2_L_M_N_N_1982_30_2017.bmp308278,Non-Alcohol,C:\PycharmProjects\Alcohol Detection\dataset\Grupo_0\E_0_1\Iritech\E_0_1_2\E_0_1_2_L_5\via_region_data.json
E_0_1_2_L_M_N_N_1982_31_2017.bmp308278,Non-Alcohol,C:\PycharmProjects\Alcohol Detection\dataset\Grupo_0\E_0_1\Iritech\E_0_1_2\E_0_1_2_L_5\via_region_data.json
E_0_1_2_L_M_N_N_1982_32_2017.bmp308278,Non-Alcohol,C:\PycharmProjects\Alcohol Detection\dataset\Grupo_0\E_0_1\Iritech\E_0_1_2\E_0_1_2_L_5\via_region_data.json
E_0_1_2_L_M_N_N_1982_33_2017.bmp308278,Non-Alcohol,C:\PycharmProjects\Alcohol Detection\dataset\Grupo_0\E_0_1\Iritech\E_0_1_2\E_0_1_2_L_5\via_region_data.json
E_0_1_2_L_M_N_N_1982_34_2017.bmp308278,Non-Alcohol,C:\PycharmProjects\Alcohol Detection\dataset\Grupo_0\E_0_1\Iritech\E_0_1_2\E_0_1_2_L_5\via_region_data.json
E_0_1_2_L_M_N_N_1982_35_2017.bmp308278,Non-Alcohol,C:\PycharmProjects\Alcohol Detection\dataset\Grupo_0\E_0_1\Iritech\E_0_1_2\E_0_1_2_L_5\via_region_data.json
E_0_1_2_L_M_N_N_1982_36_2017.bmp308278,Non-Alcohol,C:\PycharmProjects\Alcohol Detection\dataset\Grupo_0\E_0_1\Iritech\E_0_1_2\E_0_1_2_L_5\via_region_data.json
E_0_1_2_L_M_N_N_1982_37_2017.bmp308278,Non-Alcohol,C:\PycharmProjects\Alcohol Detection\dataset\Grupo_0\E_0_1\Iritech\E_0_1_2\E_0_1_2_L_5\via_region_data.json
E_0_1_2_L_M_N_N_1982_38_2017.bmp308278,Non-Alcohol,C:\PycharmProjects\Alcohol Detection\dataset\Grupo_0\E_0_1\Iritech\E_0_1_2\E_0_1_2_L_5\via_region_data.json
E_0_1_2_L_M_N_N_1982_39_2017.bmp308278,Non-Alcohol,C:\PycharmProjects\Alcohol Detection\dataset\Grupo_0\E_0_1\Iritech\E_0_1_2\E_0_1_2_L_5\via_region_data.json
E_0_1_2_L_M_N_N_1982_40_2017.bmp308278,Non-Alcohol,C:\PycharmProjects\Alcohol Detection\dataset\Grupo_0\E_0_1\Iritech\E_0_1_2\E_0_1_2_L_5\via_region_data.json
E_0_1_2_L_M_N_N_1982_41_2017.bmp308278,Non-Alcohol,C:\PycharmProjects\Alcohol Detection\dataset\Grupo_0\E_0_1\Iritech\E_0_1_2\E_0_1_2_L_5\via_region_data.json
E_0_1_2_L_M_N_N_1982_42_2017.bmp308278,Non-Alcohol,C:\PycharmProjects\Alcohol Detection\dataset\Grupo_0\E_0_1\Iritech\E_0_1_2\E_0_1_2_L_5\via_region_data.json
E_0_1_2_L_M_N_N_1982_43_2017.bmp308278,Non-Alcohol,C:\PycharmProjects\Alcohol Detection\dataset\Grupo_0\E_0_1\Iritech\E_0_1_2\E_0_1_2_L_5\via_region_data.json
E_0_1_2_L_M_N_N_1982_44_2017.bmp308278,Non-Alcohol,C:\PycharmProjects\Alcohol Detection\dataset\Grupo_0\E_0_1\Iritech\E_0_1_2\E_0_1_2_L_5\via_region_data.json
E_0_1_2_L_M_N_N_1982_45_2017.bmp308278,Non-Alcohol,C:\PycharmProjects\Alcohol Detection\dataset\Grupo_0\E_0_1\Iritech\E_0_1_2\E_0_1_2_L_5\via_region_data.json
E_0_1_2_L_M_N_N_1982_46_2017.bmp308278,Non-Alcohol,C:\PycharmProjects\Alcohol Detection\dataset\Grupo_0\E_0_1\Iritech\E_0_1_2\E_0_1_2_L_5\via_region_data.json
E_0_1_2_L_M_N_N_1982_47_2017.bmp308278,Non-Alcohol,C:\PycharmProjects\Alcohol Detection\dataset\Grupo_0\E_0_1\Iritech\E_0_1_2\E_0_1_2_L_5\via_region_data.json
E_0_1_2_L_M_N_N_1982_48_2017.bmp308278,Non-Alcohol,C:\PycharmProjects\Alcohol Detection\dataset\Grupo_0\E_0_1\Iritech\E_0_1_2\E_0_1_2_L_5\via_region_data.json
E_0_1_2_L_M_N_N_1982_49_2017.bmp308278,Non-Alcohol,C:\PycharmProjects\Alcohol Detection\dataset\Grupo_0\E_0_1\Iritech\E_0_1_2\E_0_1_2_L_5\via_region_data.json
E_0_1_2_L_M_N_N_1982_50_2017.bmp308278,Non-Alcohol,C:\PycharmProjects\Alcohol Detection\dataset\Grupo_0\E_0_1\Iritech\E_0_1_2\E_0_1_2_L_5\via_region_data.json
E_0_1_2_L_M_N_N_1982_51_2017.bmp308278,Non-Alcohol,C:\PycharmProjects\Alcohol Detection\dataset\Grupo_0\E_0_1\Iritech\E_0_1_2\E_0_1_2_L_5\via_region_data.json
E_0_1_2_L_M_N_N_1982_52_2017.bmp308278,Non-Alcohol,C:\PycharmProjects\Alcohol Detection\dataset\Grupo_0\E_0_1\Iritech\E_0_1_2\E_0_1_2_L_5\via_region_data.json
E_0_1_2_L_M_N_N_1982_53_2017.bmp308278,Non-Alcohol,C:\PycharmProjects\Alcohol Detection\dataset\Grupo_0\E_0_1\Iritech\E_0_1_2\E_0_1_2_L_5\via_region_data.json
E_0_1_2_L_M_N_N_1982_54_2017.bmp308278,Non-Alcohol,C:\PycharmProjects\Alcohol Detection\dataset\Grupo_0\E_0_1\Iritech\E_0_1_2\E_0_1_2_L_5\via_region_data.json
E_0_1_2_L_M_N_N_1982_55_2017.bmp308278,Non-Alcohol,C:\PycharmProjects\Alcohol Detection\dataset\Grupo_0\E_0_1\Iritech\E_0_1_2\E_0_1_2_L_5\via_region_data.json
E_0_1_2_L_M_N_N_1982_56_2017.bmp308278,Non-Alcohol,C:\PycharmProjects\Alcohol Detection\dataset\Grupo_0\E_0_1\Iritech\E_0_1_2\E_0_1_2_L_5\via_region_data.json
E_0_1_2_L_M_N_N_1982_57_2017.bmp308278,Non-Alcohol,C:\PycharmProjects\Alcohol Detection\dataset\Grupo_0\E_0_1\Iritech\E_0_1_2\E_0_1_2_L_5\via_region_data.json
E_0_1_2_L_M_N_N_1982_58_2017.bmp308278,Non-Alcohol,C:\PycharmProjects\Alcohol Detection\dataset\Grupo_0\E_0_1\Iritech\E_0_1_2\E_0_1_2_L_5\via_region_data.json
E_0_1_2_L_M_N_N_1982_59_2017.bmp308278,Non-Alcohol,C:\PycharmProjects\Alcohol Detection\dataset\Grupo_0\E_0_1\Iritech\E_0_1_2\E_0_1_2_L_5\via_region_data.json
E_0_1_2_L_M_N_N_1982_60_2017.bmp308278,Non-Alcohol,C:\PycharmProjects\Alcohol Detection\dataset\Grupo_0\E_0_1\Iritech\E_0_1_2\E_0_1_2_L_5\via_region_data.json
E_0_1_2_L_M_N_N_1982_61_2017.bmp308278,Non-Alcohol,C:\PycharmProjects\Alcohol Detection\dataset\Grupo_0\E_0_1\Iritech\E_0_1_2\E_0_1_2_L_5\via_region_data.json
E_0_1_2_L_M_N_N_1982_62_2017.bmp308278,Non-Alcohol,C:\PycharmProjects\Alcohol Detection\dataset\Grupo_0\E_0_1\Iritech\E_0_1_2\E_0_1_2_L_5\via_region_data.json
E_0_1_2_L_M_N_N_1982_63_2017.bmp308278,Non-Alcohol,C:\PycharmProjects\Alcohol Detection\dataset\Grupo_0\E_0_1\Iritech\E_0_1_2\E_0_1_2_L_5\via_region_data.json
E_0_1_2_L_M_N_N_1982_64_2017.bmp308278,Non-Alcohol,C:\PycharmProjects\Alcohol Detection\dataset\Grupo_0\E_0_1\Iritech\E_0_1_2\E_0_1_2_L_5\via_region_data.json
E_0_1_2_L_M_N_N_1982_65_2017.bmp308278,Non-Alcohol,C:\PycharmProjects\Alcohol Detection\dataset\Grupo_0\E_0_1\Iritech\E_0_1_2\E_0_1_2_L_5\via_region_data.json
E_0_1_2_L_M_N_N_1982_66_2017.bmp308278,Non-Alcohol,C:\PycharmProjects\Alcohol Detection\dataset\Grupo_0\E_0_1\Iritech\E_0_1_2\E_0_1_2_L_5\via_region_data.json
E_0_1_2_L_M_N_N_1982_67_2017.bmp308278,Non-Alcohol,C:\PycharmProjects\Alcohol Detection\dataset\Grupo_0\E_0_1\Iritech\E_0_1_2\E_0_1_2_L_5\via_region_data.json
E_0_1_2_L_M_N_N_1982_68_2017.bmp308278,Non-Alcohol,C:\PycharmProjects\Alcohol Detection\dataset\Grupo_0\E_0_1\Iritech\E_0_1_2\E_0_1_2_L_5\via_region_data.json
E_0_1_2_L_M_N_N_1982_69_2017.bmp308278,Non-Alcohol,C:\PycharmProjects\Alcohol Detection\dataset\Grupo_0\E_0_1\Iritech\E_0_1_2\E_0_1_2_L_5\via_region_data.json
E_0_1_2_L_M_N_N_1982_70_2017.bmp308278,Non-Alcohol,C:\PycharmProjects\Alcohol Detection\dataset\Grupo_0\E_0_1\Iritech\E_0_1_2\E_0_1_2_L_5\via_region_data.json
E_0_1_2_L_M_N_N_1982_71_2017.bmp308278,Non-Alcohol,C:\PycharmProjects\Alcohol Detection\dataset\Grupo_0\E_0_1\Iritech\E_0_1_2\E_0_1_2_L_5\via_region_data.json
E_0_1_2_L_M_N_N_1982_72_2017.bmp308278,Non-Alcohol,C:\PycharmProjects\Alcohol Detection\dataset\Grupo_0\E_0_1\Iritech\E_0_1_2\E_0_1_2_L_5\via_region_data.json
E_0_1_2_L_M_N_N_1982_73_2017.bmp308278,Non-Alcohol,C:\PycharmProjects\Alcohol Detection\dataset\Grupo_0\E_0_1\Iritech\E_0_1_2\E_0_1_2_L_5\via_region_data.json
E_0_1_2_L_M_N_N_1982_74_2017.bmp308278,Non-Alcohol,C:\PycharmProjects\Alcohol Detection\dataset\Grupo_0\E_0_1\Iritech\E_0_1_2\E_0_1_2_L_5\via_region_data.json
E_0_1_2_L_M_N_N_1982_75_2017.bmp308278,Non-Alcohol,C:\PycharmProjects\Alcohol Detection\dataset\Grupo_0\E_0_1\Iritech\E_0_1_2\E_0_1_2_L_5\via_region_data.json
E_0_1_2_R_M_N_N_1982_0_2017.bmp308278,Non-Alcohol,C:\PycharmProjects\Alcohol Detection\dataset\Grupo_0\E_0_1\Iritech\E_0_1_2\E_0_1_2_R_5\via_region_data.json
E_0_1_2_R_M_N_N_1982_1_2017.bmp308278,Non-Alcohol,C:\PycharmProjects\Alcohol Detection\dataset\Grupo_0\E_0_1\Iritech\E_0_1_2\E_0_1_2_R_5\via_region_data.json
E_0_1_2_R_M_N_N_1982_2_2017.bmp308278,Non-Alcohol,C:\PycharmProjects\Alcohol Detection\dataset\Grupo_0\E_0_1\Iritech\E_0_1_2\E_0_1_2_R_5\via_region_data.json
E_0_1_2_R_M_N_N_1982_3_2017.bmp308278,Non-Alcohol,C:\PycharmProjects\Alcohol Detection\dataset\Grupo_0\E_0_1\Iritech\E_0_1_2\E_0_1_2_R_5\via_region_data.json
E_0_1_2_R_M_N_N_1982_4_2017.bmp308278,Non-Alcohol,C:\PycharmProjects\Alcohol Detection\dataset\Grupo_0\E_0_1\Iritech\E_0_1_2\E_0_1_2_R_5\via_region_data.json
E_0_1_2_R_M_N_N_1982_5_2017.bmp308278,Non-Alcohol,C:\PycharmProjects\Alcohol Detection\dataset\Grupo_0\E_0_1\Iritech\E_0_1_2\E_0_1_2_R_5\via_region_data.json
E_0_1_2_R_M_N_N_1982_6_2017.bmp308278,Non-Alcohol,C:\PycharmProjects\Alcohol Detection\dataset\Grupo_0\E_0_1\Iritech\E_0_1_2\E_0_1_2_R_5\via_region_data.json
E_0_1_2_R_M_N_N_1982_7_2017.bmp308278,Non-Alcohol,C:\PycharmProjects\Alcohol Detection\dataset\Grupo_0\E_0_1\Iritech\E_0_1_2\E_0_1_2_R_5\via_region_data.json
E_0_1_2_R_M_N_N_1982_8_2017.bmp308278,Non-Alcohol,C:\PycharmProjects\Alcohol Detection\dataset\Grupo_0\E_0_1\Iritech\E_0_1_2\E_0_1_2_R_5\via_region_data.json
E_0_1_2_R_M_N_N_1982_9_2017.bmp308278,Non-Alcohol,C:\PycharmProjects\Alcohol Detection\dataset\Grupo_0\E_0_1\Iritech\E_0_1_2\E_0_1_2_R_5\via_region_data.json
E_0_1_2_R_M_N_N_1982_10_2017.bmp308278,Non-Alcohol,C:\PycharmProjects\Alcohol Detection\dataset\Grupo_0\E_0_1\Iritech\E_0_1_2\E_0_1_2_R_5\via_region_data.json
E_0_1_2_R_M_N_N_1982_11_2017.bmp308278,Non-Alcohol,C:\PycharmProjects\Alcohol Detection\dataset\Grupo_0\E_0_1\Iritech\E_0_1_2\E_0_1_2_R_5\via_region_data.json
E_0_1_2_R_M_N_N_1982_12_2017.bmp308278,Non-Alcohol,C:\PycharmProjects\Alcohol Detection\dataset\Grupo_0\E_0_1\Iritech\E_0_1_2\E_0_1_2_R_5\via_region_data.json
E_0_1_2_R_M_N_N_1982_13_2017.bmp308278,Non-Alcohol,C:\PycharmProjects\Alcohol Detection\dataset\Grupo_0\E_0_1\Iritech\E_0_1_2\E_0_1_2_R_5\via_region_data.json
E_0_1_2_R_M_N_N_1982_14_2017.bmp308278,Non-Alcohol,C:\PycharmProjects\Alcohol Detection\dataset\Grupo_0\E_0_1\Iritech\E_0_1_2\E_0_1_2_R_5\via_region_data.json
E_0_1_2_R_M_N_N_1982_15_2017.bmp308278,Non-Alcohol,C:\PycharmProjects\Alcohol Detection\dataset\Grupo_0\E_0_1\Iritech\E_0_1_2\E_0_1_2_R_5\via_region_data.json
E_0_1_2_R_M_N_N_1982_16_2017.bmp308278,Non-Alcohol,C:\PycharmProjects\Alcohol Detection\dataset\Grupo_0\E_0_1\Iritech\E_0_1_2\E_0_1_2_R_5\via_region_data.json
E_0_1_2_R_M_N_N_1982_17_2017.bmp308278,Non-Alcohol,C:\PycharmProjects\Alcohol Detection\dataset\Grupo_0\E_0_1\Iritech\E_0_1_2\E_0_1_2_R_5\via_region_data.json
E_0_1_2_R_M_N_N_1982_18_2017.bmp308278,Non-Alcohol,C:\PycharmProjects\Alcohol Detection\dataset\Grupo_0\E_0_1\Iritech\E_0_1_2\E_0_1_2_R_5\via_region_data.json
E_0_1_2_R_M_N_N_1982_19_2017.bmp308278,Non-Alcohol,C:\PycharmProjects\Alcohol Detection\dataset\Grupo_0\E_0_1\Iritech\E_0_1_2\E_0_1_2_R_5\via_region_data.json
E_0_1_2_R_M_N_N_1982_20_2017.bmp308278,Non-Alcohol,C:\PycharmProjects\Alcohol Detection\dataset\Grupo_0\E_0_1\Iritech\E_0_1_2\E_0_1_2_R_5\via_region_data.json
E_0_1_2_R_M_N_N_1982_21_2017.bmp308278,Non-Alcohol,C:\PycharmProjects\Alcohol Detection\dataset\Grupo_0\E_0_1\Iritech\E_0_1_2\E_0_1_2_R_5\via_region_data.json
E_0_1_2_R_M_N_N_1982_22_2017.bmp308278,Non-Alcohol,C:\PycharmProjects\Alcohol Detection\dataset\Grupo_0\E_0_1\Iritech\E_0_1_2\E_0_1_2_R_5\via_region_data.json
E_0_1_2_R_M_N_N_1982_23_2017.bmp308278,Non-Alcohol,C:\PycharmProjects\Alcohol Detection\dataset\Grupo_0\E_0_1\Iritech\E_0_1_2\E_0_1_2_R_5\via_region_data.json
E_0_1_2_R_M_N_N_1982_24_2017.bmp308278,Non-Alcohol,C:\PycharmProjects\Alcohol Detection\dataset\Grupo_0\E_0_1\Iritech\E_0_1_2\E_0_1_2_R_5\via_region_data.json
E_0_1_2_R_M_N_N_1982_25_2017.bmp308278,Non-Alcohol,C:\PycharmProjects\Alcohol Detection\dataset\Grupo_0\E_0_1\Iritech\E_0_1_2\E_0_1_2_R_5\via_region_data.json
E_0_1_2_R_M_N_N_1982_26_2017.bmp308278,Non-Alcohol,C:\PycharmProjects\Alcohol Detection\dataset\Grupo_0\E_0_1\Iritech\E_0_1_2\E_0_1_2_R_5\via_region_data.json
E_0_1_2_R_M_N_N_1982_27_2017.bmp308278,Non-Alcohol,C:\PycharmProjects\Alcohol Detection\dataset\Grupo_0\E_0_1\Iritech\E_0_1_2\E_0_1_2_R_5\via_region_data.json
E_0_1_2_R_M_N_N_1982_28_2017.bmp308278,Non-Alcohol,C:\PycharmProjects\Alcohol Detection\dataset\Grupo_0\E_0_1\Iritech\E_0_1_2\E_0_1_2_R_5\via_region_data.json
E_0_1_2_R_M_N_N_1982_29_2017.bmp308278,Non-Alcohol,C:\PycharmProjects\Alcohol Detection\dataset\Grupo_0\E_0_1\Iritech\E_0_1_2\E_0_1_2_R_5\via_region_data.json
E_0_1_2_R_M_N_N_1982_30_2017.bmp308278,Non-Alcohol,C:\PycharmProjects\Alcohol Detection\dataset\Grupo_0\E_0_1\Iritech\E_0_1_2\E_0_1_2_R_5\via_region_data.json
E_0_1_2_R_M_N_N_1982_31_2017.bmp308278,Non-Alcohol,C:\PycharmProjects\Alcohol Detection\dataset\Grupo_0\E_0_1\Iritech\E_0_1_2\E_0_1_2_R_5\via_region_data.json
E_0_1_2_R_M_N_N_1982_32_2017.bmp308278,Non-Alcohol,C:\PycharmProjects\Alcohol Detection\dataset\Grupo_0\E_0_1\Iritech\E_0_1_2\E_0_1_2_R_5\via_region_data.json
E_0_1_2_R_M_N_N_1982_33_2017.bmp308278,Non-Alcohol,C:\PycharmProjects\Alcohol Detection\dataset\Grupo_0\E_0_1\Iritech\E_0_1_2\E_0_1_2_R_5\via_region_data.json
E_0_1_2_R_M_N_N_1982_34_2017.bmp308278,Non-Alcohol,C:\PycharmProjects\Alcohol Detection\dataset\Grupo_0\E_0_1\Iritech\E_0_1_2\E_0_1_2_R_5\via_region_data.json
E_0_1_2_R_M_N_N_1982_35_2017.bmp308278,Non-Alcohol,C:\PycharmProjects\Alcohol Detection\dataset\Grupo_0\E_0_1\Iritech\E_0_1_2\E_0_1_2_R_5\via_region_data.json
E_0_1_2_R_M_N_N_1982_36_2017.bmp308278,Non-Alcohol,C:\PycharmProjects\Alcohol Detection\dataset\Grupo_0\E_0_1\Iritech\E_0_1_2\E_0_1_2_R_5\via_region_data.json
E_0_1_2_R_M_N_N_1982_37_2017.bmp308278,Non-Alcohol,C:\PycharmProjects\Alcohol Detection\dataset\Grupo_0\E_0_1\Iritech\E_0_1_2\E_0_1_2_R_5\via_region_data.json
E_0_1_2_R_M_N_N_1982_38_2017.bmp308278,Non-Alcohol,C:\PycharmProjects\Alcohol Detection\dataset\Grupo_0\E_0_1\Iritech\E_0_1_2\E_0_1_2_R_5\via_region_data.json
E_0_1_2_R_M_N_N_1982_39_2017.bmp308278,Non-Alcohol,C:\PycharmProjects\Alcohol Detection\dataset\Grupo_0\E_0_1\Iritech\E_0_1_2\E_0_1_2_R_5\via_region_data.json
E_0_1_2_R_M_N_N_1982_40_2017.bmp308278,Non-Alcohol,C:\PycharmProjects\Alcohol Detection\dataset\Grupo_0\E_0_1\Iritech\E_0_1_2\E_0_1_2_R_5\via_region_data.json
E_0_1_2_R_M_N_N_1982_41_2017.bmp308278,Non-Alcohol,C:\PycharmProjects\Alcohol Detection\dataset\Grupo_0\E_0_1\Iritech\E_0_1_2\E_0_1_2_R_5\via_region_data.json
E_0_1_2_R_M_N_N_1982_42_2017.bmp308278,Non-Alcohol,C:\PycharmProjects\Alcohol Detection\dataset\Grupo_0\E_0_1\Iritech\E_0_1_2\E_0_1_2_R_5\via_region_data.json
E_0_1_2_R_M_N_N_1982_43_2017.bmp308278,Non-Alcohol,C:\PycharmProjects\Alcohol Detection\dataset\Grupo_0\E_0_1\Iritech\E_0_1_2\E_0_1_2_R_5\via_region_data.json
E_0_1_2_R_M_N_N_1982_44_2017.bmp308278,Non-Alcohol,C:\PycharmProjects\Alcohol Detection\dataset\Grupo_0\E_0_1\Iritech\E_0_1_2\E_0_1_2_R_5\via_region_data.json
E_0_1_2_R_M_N_N_1982_45_2017.bmp308278,Non-Alcohol,C:\PycharmProjects\Alcohol Detection\dataset\Grupo_0\E_0_1\Iritech\E_0_1_2\E_0_1_2_R_5\via_region_data.json
E_0_1_2_R_M_N_N_1982_46_2017.bmp308278,Non-Alcohol,C:\PycharmProjects\Alcohol Detection\dataset\Grupo_0\E_0_1\Iritech\E_0_1_2\E_0_1_2_R_5\via_region_data.json
E_0_1_2_R_M_N_N_1982_47_2017.bmp308278,Non-Alcohol,C:\PycharmProjects\Alcohol Detection\dataset\Grupo_0\E_0_1\Iritech\E_0_1_2\E_0_1_2_R_5\via_region_data.json
E_0_1_2_R_M_N_N_1982_48_2017.bmp308278,Non-Alcohol,C:\PycharmProjects\Alcohol Detection\dataset\Grupo_0\E_0_1\Iritech\E_0_1_2\E_0_1_2_R_5\via_region_data.json
E_0_1_2_R_M_N_N_1982_49_2017.bmp308278,Non-Alcohol,C:\PycharmProjects\Alcohol Detection\dataset\Grupo_0\E_0_1\Iritech\E_0_1_2\E_0_1_2_R_5\via_region_data.json
E_0_1_2_R_M_N_N_1982_50_2017.bmp308278,Non-Alcohol,C:\PycharmProjects\Alcohol Detection\dataset\Grupo_0\E_0_1\Iritech\E_0_1_2\E_0_1_2_R_5\via_region_data.json
E_0_1_2_R_M_N_N_1982_51_2017.bmp308278,Non-Alcohol,C:\PycharmProjects\Alcohol Detection\dataset\Grupo_0\E_0_1\Iritech\E_0_1_2\E_0_1_2_R_5\via_region_data.json
E_0_1_2_R_M_N_N_1982_52_2017.bmp308278,Non-Alcohol,C:\PycharmProjects\Alcohol Detection\dataset\Grupo_0\E_0_1\Iritech\E_0_1_2\E_0_1_2_R_5\via_region_data.json
E_0_1_2_R_M_N_N_1982_53_2017.bmp308278,Non-Alcohol,C:\PycharmProjects\Alcohol Detection\dataset\Grupo_0\E_0_1\Iritech\E_0_1_2\E_0_1_2_R_5\via_region_data.json
E_0_1_2_R_M_N_N_1982_54_2017.bmp308278,Non-Alcohol,C:\PycharmProjects\Alcohol Detection\dataset\Grupo_0\E_0_1\Iritech\E_0_1_2\E_0_1_2_R_5\via_region_data.json
E_0_1_2_R_M_N_N_1982_55_2017.bmp308278,Non-Alcohol,C:\PycharmProjects\Alcohol Detection\dataset\Grupo_0\E_0_1\Iritech\E_0_1_2\E_0_1_2_R_5\via_region_data.json
E_0_1_2_R_M_N_N_1982_56_2017.bmp308278,Non-Alcohol,C:\PycharmProjects\Alcohol Detection\dataset\Grupo_0\E_0_1\Iritech\E_0_1_2\E_0_1_2_R_5\via_region_data.json
E_0_1_2_R_M_N_N_1982_57_2017.bmp308278,Non-Alcohol,C:\PycharmProjects\Alcohol Detection\dataset\Grupo_0\E_0_1\Iritech\E_0_1_2\E_0_1_2_R_5\via_region_data.json
E_0_1_2_R_M_N_N_1982_58_2017.bmp308278,Non-Alcohol,C:\PycharmProjects\Alcohol Detection\dataset\Grupo_0\E_0_1\Iritech\E_0_1_2\E_0_1_2_R_5\via_region_data.json
E_0_1_2_R_M_N_N_1982_59_2017.bmp308278,Non-Alcohol,C:\PycharmProjects\Alcohol Detection\dataset\Grupo_0\E_0_1\Iritech\E_0_1_2\E_0_1_2_R_5\via_region_data.json
E_0_1_2_R_M_N_N_1982_60_2017.bmp308278,Non-Alcohol,C:\PycharmProjects\Alcohol Detection\dataset\Grupo_0\E_0_1\Iritech\E_0_1_2\E_0_1_2_R_5\via_region_data.json
E_0_1_2_R_M_N_N_1982_61_2017.bmp308278,Non-Alcohol,C:\PycharmProjects\Alcohol Detection\dataset\Grupo_0\E_0_1\Iritech\E_0_1_2\E_0_1_2_R_5\via_region_data.json
E_0_1_2_R_M_N_N_1982_62_2017.bmp308278,Non-Alcohol,C:\PycharmProjects\Alcohol Detection\dataset\Grupo_0\E_0_1\Iritech\E_0_1_2\E_0_1_2_R_5\via_region_data.json
E_0_1_2_R_M_N_N_1982_63_2017.bmp308278,Non-Alcohol,C:\PycharmProjects\Alcohol Detection\dataset\Grupo_0\E_0_1\Iritech\E_0_1_2\E_0_1_2_R_5\via_region_data.json
E_0_1_2_R_M_N_N_1982_64_2017.bmp308278,Non-Alcohol,C:\PycharmProjects\Alcohol Detection\dataset\Grupo_0\E_0_1\Iritech\E_0_1_2\E_0_1_2_R_5\via_region_data.json
E_0_1_2_R_M_N_N_1982_65_2017.bmp308278,Non-Alcohol,C:\PycharmProjects\Alcohol Detection\dataset\Grupo_0\E_0_1\Iritech\E_0_1_2\E_0_1_2_R_5\via_region_data.json
E_0_1_2_R_M_N_N_1982_66_2017.bmp308278,Non-Alcohol,C:\PycharmProjects\Alcohol Detection\dataset\Grupo_0\E_0_1\Iritech\E_0_1_2\E_0_1_2_R_5\via_region_data.json
E_0_1_2_R_M_N_N_1982_67_2017.bmp308278,Non-Alcohol,C:\PycharmProjects\Alcohol Detection\dataset\Grupo_0\E_0_1\Iritech\E_0_1_2\E_0_1_2_R_5\via_region_data.json
E_0_1_2_R_M_N_N_1982_68_2017.bmp308278,Non-Alcohol,C:\PycharmProjects\Alcohol Detection\dataset\Grupo_0\E_0_1\Iritech\E_0_1_2\E_0_1_2_R_5\via_region_data.json
E_0_1_2_R_M_N_N_1982_69_2017.bmp308278,Non-Alcohol,C:\PycharmProjects\Alcohol Detection\dataset\Grupo_0\E_0_1\Iritech\E_0_1_2\E_0_1_2_R_5\via_region_data.json
E_0_1_2_R_M_N_N_1982_70_2017.bmp308278,Non-Alcohol,C:\PycharmProjects\Alcohol Detection\dataset\Grupo_0\E_0_1\Iritech\E_0_1_2\E_0_1_2_R_5\via_region_data.json
E_0_1_2_R_M_N_N_1982_71_2017.bmp308278,Non-Alcohol,C:\PycharmProjects\Alcohol Detection\dataset\Grupo_0\E_0_1\Iritech\E_0_1_2\E_0_1_2_R_5\via_region_data.json
E_0_1_2_R_M_N_N_1982_72_2017.bmp308278,Non-Alcohol,C:\PycharmProjects\Alcohol Detection\dataset\Grupo_0\E_0_1\Iritech\E_0_1_2\E_0_1_2_R_5\via_region_data.json
E_0_1_2_R_M_N_N_1982_73_2017.bmp308278,Non-Alcohol,C:\PycharmProjects\Alcohol Detection\dataset\Grupo_0\E_0_1\Iritech\E_0_1_2\E_0_1_2_R_5\via_region_data.json
E_0_1_2_R_M_N_N_1982_74_2017.bmp308278,Non-Alcohol,C:\PycharmProjects\Alcohol Detection\dataset\Grupo_0\E_0_1\Iritech\E_0_1_2\E_0_1_2_R_5\via_region_data.json
E_0_1_2_R_M_N_N_1982_75_2017.bmp308278,Non-Alcohol,C:\PycharmProjects\Alcohol Detection\dataset\Grupo_0\E_0_1\Iritech\E_0_1_2\E_0_1_2_R_5\via_region_data.json
E_0_1_3_L_M_N_N_1982_0_2017.bmp308278,Non-Alcohol,C:\PycharmProjects\Alcohol Detection\dataset\Grupo_0\E_0_1\Iritech\E_0_1_3\via_region_data.json
E_0_1_3_R_M_N_N_1982_0_2017.bmp308278,Non-Alcohol,C:\PycharmProjects\Alcohol Detection\dataset\Grupo_0\E_0_1\Iritech\E_0_1_3\via_region_data.json
E_0_1_3_L_M_N_N_1982_0_2017.bmp308278,Non-Alcohol,C:\PycharmProjects\Alcohol Detection\dataset\Grupo_0\E_0_1\Iritech\E_0_1_3\E_0_1_3_L_5\via_region_data.json
E_0_1_3_L_M_N_N_1982_1_2017.bmp308278,Non-Alcohol,C:\PycharmProjects\Alcohol Detection\dataset\Grupo_0\E_0_1\Iritech\E_0_1_3\E_0_1_3_L_5\via_region_data.json
E_0_1_3_L_M_N_N_1982_2_2017.bmp308278,Non-Alcohol,C:\PycharmProjects\Alcohol Detection\dataset\Grupo_0\E_0_1\Iritech\E_0_1_3\E_0_1_3_L_5\via_region_data.json
E_0_1_3_L_M_N_N_1982_3_2017.bmp308278,Non-Alcohol,C:\PycharmProjects\Alcohol Detection\dataset\Grupo_0\E_0_1\Iritech\E_0_1_3\E_0_1_3_L_5\via_region_data.json
E_0_1_3_L_M_N_N_1982_4_2017.bmp308278,Non-Alcohol,C:\PycharmProjects\Alcohol Detection\dataset\Grupo_0\E_0_1\Iritech\E_0_1_3\E_0_1_3_L_5\via_region_data.json
E_0_1_3_L_M_N_N_1982_5_2017.bmp308278,Non-Alcohol,C:\PycharmProjects\Alcohol Detection\dataset\Grupo_0\E_0_1\Iritech\E_0_1_3\E_0_1_3_L_5\via_region_data.json
E_0_1_3_L_M_N_N_1982_6_2017.bmp308278,Non-Alcohol,C:\PycharmProjects\Alcohol Detection\dataset\Grupo_0\E_0_1\Iritech\E_0_1_3\E_0_1_3_L_5\via_region_data.json
E_0_1_3_L_M_N_N_1982_7_2017.bmp308278,Non-Alcohol,C:\PycharmProjects\Alcohol Detection\dataset\Grupo_0\E_0_1\Iritech\E_0_1_3\E_0_1_3_L_5\via_region_data.json
E_0_1_3_L_M_N_N_1982_8_2017.bmp308278,Non-Alcohol,C:\PycharmProjects\Alcohol Detection\dataset\Grupo_0\E_0_1\Iritech\E_0_1_3\E_0_1_3_L_5\via_region_data.json
E_0_1_3_L_M_N_N_1982_9_2017.bmp308278,Non-Alcohol,C:\PycharmProjects\Alcohol Detection\dataset\Grupo_0\E_0_1\Iritech\E_0_1_3\E_0_1_3_L_5\via_region_data.json
E_0_1_3_L_M_N_N_1982_10_2017.bmp308278,Non-Alcohol,C:\PycharmProjects\Alcohol Detection\dataset\Grupo_0\E_0_1\Iritech\E_0_1_3\E_0_1_3_L_5\via_region_data.json
E_0_1_3_L_M_N_N_1982_11_2017.bmp308278,Non-Alcohol,C:\PycharmProjects\Alcohol Detection\dataset\Grupo_0\E_0_1\Iritech\E_0_1_3\E_0_1_3_L_5\via_region_data.json
E_0_1_3_L_M_N_N_1982_12_2017.bmp308278,Non-Alcohol,C:\PycharmProjects\Alcohol Detection\dataset\Grupo_0\E_0_1\Iritech\E_0_1_3\E_0_1_3_L_5\via_region_data.json
E_0_1_3_L_M_N_N_1982_13_2017.bmp308278,Non-Alcohol,C:\PycharmProjects\Alcohol Detection\dataset\Grupo_0\E_0_1\Iritech\E_0_1_3\E_0_1_3_L_5\via_region_data.json
E_0_1_3_L_M_N_N_1982_14_2017.bmp308278,Non-Alcohol,C:\PycharmProjects\Alcohol Detection\dataset\Grupo_0\E_0_1\Iritech\E_0_1_3\E_0_1_3_L_5\via_region_data.json
E_0_1_3_L_M_N_N_1982_15_2017.bmp308278,Non-Alcohol,C:\PycharmProjects\Alcohol Detection\dataset\Grupo_0\E_0_1\Iritech\E_0_1_3\E_0_1_3_L_5\via_region_data.json
E_0_1_3_L_M_N_N_1982_16_2017.bmp308278,Non-Alcohol,C:\PycharmProjects\Alcohol Detection\dataset\Grupo_0\E_0_1\Iritech\E_0_1_3\E_0_1_3_L_5\via_region_data.json
E_0_1_3_L_M_N_N_1982_17_2017.bmp308278,Non-Alcohol,C:\PycharmProjects\Alcohol Detection\dataset\Grupo_0\E_0_1\Iritech\E_0_1_3\E_0_1_3_L_5\via_region_data.json
E_0_1_3_L_M_N_N_1982_18_2017.bmp308278,Non-Alcohol,C:\PycharmProjects\Alcohol Detection\dataset\Grupo_0\E_0_1\Iritech\E_0_1_3\E_0_1_3_L_5\via_region_data.json
E_0_1_3_L_M_N_N_1982_19_2017.bmp308278,Non-Alcohol,C:\PycharmProjects\Alcohol Detection\dataset\Grupo_0\E_0_1\Iritech\E_0_1_3\E_0_1_3_L_5\via_region_data.json
E_0_1_3_L_M_N_N_1982_20_2017.bmp308278,Non-Alcohol,C:\PycharmProjects\Alcohol Detection\dataset\Grupo_0\E_0_1\Iritech\E_0_1_3\E_0_1_3_L_5\via_region_data.json
E_0_1_3_L_M_N_N_1982_21_2017.bmp308278,Non-Alcohol,C:\PycharmProjects\Alcohol Detection\dataset\Grupo_0\E_0_1\Iritech\E_0_1_3\E_0_1_3_L_5\via_region_data.json
E_0_1_3_L_M_N_N_1982_22_2017.bmp308278,Non-Alcohol,C:\PycharmProjects\Alcohol Detection\dataset\Grupo_0\E_0_1\Iritech\E_0_1_3\E_0_1_3_L_5\via_region_data.json
E_0_1_3_L_M_N_N_1982_23_2017.bmp308278,Non-Alcohol,C:\PycharmProjects\Alcohol Detection\dataset\Grupo_0\E_0_1\Iritech\E_0_1_3\E_0_1_3_L_5\via_region_data.json
E_0_1_3_L_M_N_N_1982_24_2017.bmp308278,Non-Alcohol,C:\PycharmProjects\Alcohol Detection\dataset\Grupo_0\E_0_1\Iritech\E_0_1_3\E_0_1_3_L_5\via_region_data.json
E_0_1_3_L_M_N_N_1982_25_2017.bmp308278,Non-Alcohol,C:\PycharmProjects\Alcohol Detection\dataset\Grupo_0\E_0_1\Iritech\E_0_1_3\E_0_1_3_L_5\via_region_data.json
E_0_1_3_L_M_N_N_1982_26_2017.bmp308278,Non-Alcohol,C:\PycharmProjects\Alcohol Detection\dataset\Grupo_0\E_0_1\Iritech\E_0_1_3\E_0_1_3_L_5\via_region_data.json
E_0_1_3_L_M_N_N_1982_27_2017.bmp308278,Non-Alcohol,C:\PycharmProjects\Alcohol Detection\dataset\Grupo_0\E_0_1\Iritech\E_0_1_3\E_0_1_3_L_5\via_region_data.json
E_0_1_3_L_M_N_N_1982_28_2017.bmp308278,Non-Alcohol,C:\PycharmProjects\Alcohol Detection\dataset\Grupo_0\E_0_1\Iritech\E_0_1_3\E_0_1_3_L_5\via_region_data.json
E_0_1_3_L_M_N_N_1982_29_2017.bmp308278,Non-Alcohol,C:\PycharmProjects\Alcohol Detection\dataset\Grupo_0\E_0_1\Iritech\E_0_1_3\E_0_1_3_L_5\via_region_data.json
E_0_1_3_L_M_N_N_1982_30_2017.bmp308278,Non-Alcohol,C:\PycharmProjects\Alcohol Detection\dataset\Grupo_0\E_0_1\Iritech\E_0_1_3\E_0_1_3_L_5\via_region_data.json
E_0_1_3_L_M_N_N_1982_31_2017.bmp308278,Non-Alcohol,C:\PycharmProjects\Alcohol Detection\dataset\Grupo_0\E_0_1\Iritech\E_0_1_3\E_0_1_3_L_5\via_region_data.json
E_0_1_3_L_M_N_N_1982_32_2017.bmp308278,Non-Alcohol,C:\PycharmProjects\Alcohol Detection\dataset\Grupo_0\E_0_1\Iritech\E_0_1_3\E_0_1_3_L_5\via_region_data.json
E_0_1_3_L_M_N_N_1982_33_2017.bmp308278,Non-Alcohol,C:\PycharmProjects\Alcohol Detection\dataset\Grupo_0\E_0_1\Iritech\E_0_1_3\E_0_1_3_L_5\via_region_data.json
E_0_1_3_L_M_N_N_1982_34_2017.bmp308278,Non-Alcohol,C:\PycharmProjects\Alcohol Detection\dataset\Grupo_0\E_0_1\Iritech\E_0_1_3\E_0_1_3_L_5\via_region_data.json
E_0_1_3_L_M_N_N_1982_35_2017.bmp308278,Non-Alcohol,C:\PycharmProjects\Alcohol Detection\dataset\Grupo_0\E_0_1\Iritech\E_0_1_3\E_0_1_3_L_5\via_region_data.json
E_0_1_3_L_M_N_N_1982_36_2017.bmp308278,Non-Alcohol,C:\PycharmProjects\Alcohol Detection\dataset\Grupo_0\E_0_1\Iritech\E_0_1_3\E_0_1_3_L_5\via_region_data.json
E_0_1_3_L_M_N_N_1982_37_2017.bmp308278,Non-Alcohol,C:\PycharmProjects\Alcohol Detection\dataset\Grupo_0\E_0_1\Iritech\E_0_1_3\E_0_1_3_L_5\via_region_data.json
E_0_1_3_L_M_N_N_1982_38_2017.bmp308278,Non-Alcohol,C:\PycharmProjects\Alcohol Detection\dataset\Grupo_0\E_0_1\Iritech\E_0_1_3\E_0_1_3_L_5\via_region_data.json
E_0_1_3_L_M_N_N_1982_39_2017.bmp308278,Non-Alcohol,C:\PycharmProjects\Alcohol Detection\dataset\Grupo_0\E_0_1\Iritech\E_0_1_3\E_0_1_3_L_5\via_region_data.json
E_0_1_3_L_M_N_N_1982_40_2017.bmp308278,Non-Alcohol,C:\PycharmProjects\Alcohol Detection\dataset\Grupo_0\E_0_1\Iritech\E_0_1_3\E_0_1_3_L_5\via_region_data.json
E_0_1_3_L_M_N_N_1982_41_2017.bmp308278,Non-Alcohol,C:\PycharmProjects\Alcohol Detection\dataset\Grupo_0\E_0_1\Iritech\E_0_1_3\E_0_1_3_L_5\via_region_data.json
E_0_1_3_L_M_N_N_1982_42_2017.bmp308278,Non-Alcohol,C:\PycharmProjects\Alcohol Detection\dataset\Grupo_0\E_0_1\Iritech\E_0_1_3\E_0_1_3_L_5\via_region_data.json
E_0_1_3_L_M_N_N_1982_43_2017.bmp308278,Non-Alcohol,C:\PycharmProjects\Alcohol Detection\dataset\Grupo_0\E_0_1\Iritech\E_0_1_3\E_0_1_3_L_5\via_region_data.json
E_0_1_3_L_M_N_N_1982_44_2017.bmp308278,Non-Alcohol,C:\PycharmProjects\Alcohol Detection\dataset\Grupo_0\E_0_1\Iritech\E_0_1_3\E_0_1_3_L_5\via_region_data.json
E_0_1_3_L_M_N_N_1982_45_2017.bmp308278,Non-Alcohol,C:\PycharmProjects\Alcohol Detection\dataset\Grupo_0\E_0_1\Iritech\E_0_1_3\E_0_1_3_L_5\via_region_data.json
E_0_1_3_L_M_N_N_1982_46_2017.bmp308278,Non-Alcohol,C:\PycharmProjects\Alcohol Detection\dataset\Grupo_0\E_0_1\Iritech\E_0_1_3\E_0_1_3_L_5\via_region_data.json
E_0_1_3_L_M_N_N_1982_47_2017.bmp308278,Non-Alcohol,C:\PycharmProjects\Alcohol Detection\dataset\Grupo_0\E_0_1\Iritech\E_0_1_3\E_0_1_3_L_5\via_region_data.json
E_0_1_3_L_M_N_N_1982_48_2017.bmp308278,Non-Alcohol,C:\PycharmProjects\Alcohol Detection\dataset\Grupo_0\E_0_1\Iritech\E_0_1_3\E_0_1_3_L_5\via_region_data.json
E_0_1_3_L_M_N_N_1982_49_2017.bmp308278,Non-Alcohol,C:\PycharmProjects\Alcohol Detection\dataset\Grupo_0\E_0_1\Iritech\E_0_1_3\E_0_1_3_L_5\via_region_data.json
E_0_1_3_L_M_N_N_1982_50_2017.bmp308278,Non-Alcohol,C:\PycharmProjects\Alcohol Detection\dataset\Grupo_0\E_0_1\Iritech\E_0_1_3\E_0_1_3_L_5\via_region_data.json
E_0_1_3_L_M_N_N_1982_51_2017.bmp308278,Non-Alcohol,C:\PycharmProjects\Alcohol Detection\dataset\Grupo_0\E_0_1\Iritech\E_0_1_3\E_0_1_3_L_5\via_region_data.json
E_0_1_3_L_M_N_N_1982_52_2017.bmp308278,Non-Alcohol,C:\PycharmProjects\Alcohol Detection\dataset\Grupo_0\E_0_1\Iritech\E_0_1_3\E_0_1_3_L_5\via_region_data.json
E_0_1_3_L_M_N_N_1982_53_2017.bmp308278,Non-Alcohol,C:\PycharmProjects\Alcohol Detection\dataset\Grupo_0\E_0_1\Iritech\E_0_1_3\E_0_1_3_L_5\via_region_data.json
E_0_1_3_L_M_N_N_1982_54_2017.bmp308278,Non-Alcohol,C:\PycharmProjects\Alcohol Detection\dataset\Grupo_0\E_0_1\Iritech\E_0_1_3\E_0_1_3_L_5\via_region_data.json
E_0_1_3_L_M_N_N_1982_55_2017.bmp308278,Non-Alcohol,C:\PycharmProjects\Alcohol Detection\dataset\Grupo_0\E_0_1\Iritech\E_0_1_3\E_0_1_3_L_5\via_region_data.json
E_0_1_3_L_M_N_N_1982_56_2017.bmp308278,Non-Alcohol,C:\PycharmProjects\Alcohol Detection\dataset\Grupo_0\E_0_1\Iritech\E_0_1_3\E_0_1_3_L_5\via_region_data.json
E_0_1_3_L_M_N_N_1982_57_2017.bmp308278,Non-Alcohol,C:\PycharmProjects\Alcohol Detection\dataset\Grupo_0\E_0_1\Iritech\E_0_1_3\E_0_1_3_L_5\via_region_data.json
E_0_1_3_L_M_N_N_1982_58_2017.bmp308278,Non-Alcohol,C:\PycharmProjects\Alcohol Detection\dataset\Grupo_0\E_0_1\Iritech\E_0_1_3\E_0_1_3_L_5\via_region_data.json
E_0_1_3_L_M_N_N_1982_59_2017.bmp308278,Non-Alcohol,C:\PycharmProjects\Alcohol Detection\dataset\Grupo_0\E_0_1\Iritech\E_0_1_3\E_0_1_3_L_5\via_region_data.json
E_0_1_3_L_M_N_N_1982_60_2017.bmp308278,Non-Alcohol,C:\PycharmProjects\Alcohol Detection\dataset\Grupo_0\E_0_1\Iritech\E_0_1_3\E_0_1_3_L_5\via_region_data.json
E_0_1_3_L_M_N_N_1982_61_2017.bmp308278,Non-Alcohol,C:\PycharmProjects\Alcohol Detection\dataset\Grupo_0\E_0_1\Iritech\E_0_1_3\E_0_1_3_L_5\via_region_data.json
E_0_1_3_L_M_N_N_1982_62_2017.bmp308278,Non-Alcohol,C:\PycharmProjects\Alcohol Detection\dataset\Grupo_0\E_0_1\Iritech\E_0_1_3\E_0_1_3_L_5\via_region_data.json
E_0_1_3_L_M_N_N_1982_63_2017.bmp308278,Non-Alcohol,C:\PycharmProjects\Alcohol Detection\dataset\Grupo_0\E_0_1\Iritech\E_0_1_3\E_0_1_3_L_5\via_region_data.json
E_0_1_3_L_M_N_N_1982_64_2017.bmp308278,Non-Alcohol,C:\PycharmProjects\Alcohol Detection\dataset\Grupo_0\E_0_1\Iritech\E_0_1_3\E_0_1_3_L_5\via_region_data.json
E_0_1_3_L_M_N_N_1982_65_2017.bmp308278,Non-Alcohol,C:\PycharmProjects\Alcohol Detection\dataset\Grupo_0\E_0_1\Iritech\E_0_1_3\E_0_1_3_L_5\via_region_data.json
E_0_1_3_L_M_N_N_1982_66_2017.bmp308278,Non-Alcohol,C:\PycharmProjects\Alcohol Detection\dataset\Grupo_0\E_0_1\Iritech\E_0_1_3\E_0_1_3_L_5\via_region_data.json
E_0_1_3_L_M_N_N_1982_67_2017.bmp308278,Non-Alcohol,C:\PycharmProjects\Alcohol Detection\dataset\Grupo_0\E_0_1\Iritech\E_0_1_3\E_0_1_3_L_5\via_region_data.json
E_0_1_3_L_M_N_N_1982_68_2017.bmp308278,Non-Alcohol,C:\PycharmProjects\Alcohol Detection\dataset\Grupo_0\E_0_1\Iritech\E_0_1_3\E_0_1_3_L_5\via_region_data.json
E_0_1_3_L_M_N_N_1982_69_2017.bmp308278,Non-Alcohol,C:\PycharmProjects\Alcohol Detection\dataset\Grupo_0\E_0_1\Iritech\E_0_1_3\E_0_1_3_L_5\via_region_data.json
E_0_1_3_L_M_N_N_1982_70_2017.bmp308278,Non-Alcohol,C:\PycharmProjects\Alcohol Detection\dataset\Grupo_0\E_0_1\Iritech\E_0_1_3\E_0_1_3_L_5\via_region_data.json
E_0_1_3_L_M_N_N_1982_71_2017.bmp308278,Non-Alcohol,C:\PycharmProjects\Alcohol Detection\dataset\Grupo_0\E_0_1\Iritech\E_0_1_3\E_0_1_3_L_5\via_region_data.json
E_0_1_3_L_M_N_N_1982_72_2017.bmp308278,Non-Alcohol,C:\PycharmProjects\Alcohol Detection\dataset\Grupo_0\E_0_1\Iritech\E_0_1_3\E_0_1_3_L_5\via_region_data.json
E_0_1_3_L_M_N_N_1982_73_2017.bmp308278,Non-Alcohol,C:\PycharmProjects\Alcohol Detection\dataset\Grupo_0\E_0_1\Iritech\E_0_1_3\E_0_1_3_L_5\via_region_data.json
E_0_1_3_L_M_N_N_1982_74_2017.bmp308278,Non-Alcohol,C:\PycharmProjects\Alcohol Detection\dataset\Grupo_0\E_0_1\Iritech\E_0_1_3\E_0_1_3_L_5\via_region_data.json
E_0_1_3_L_M_N_N_1982_75_2017.bmp308278,Non-Alcohol,C:\PycharmProjects\Alcohol Detection\dataset\Grupo_0\E_0_1\Iritech\E_0_1_3\E_0_1_3_L_5\via_region_data.json
E_0_1_3_L_M_N_N_1982_76_2017.bmp308278,Non-Alcohol,C:\PycharmProjects\Alcohol Detection\dataset\Grupo_0\E_0_1\Iritech\E_0_1_3\E_0_1_3_L_5\via_region_data.json
E_0_1_3_R_M_N_N_1982_0_2017.bmp308278,Non-Alcohol,C:\PycharmProjects\Alcohol Detection\dataset\Grupo_0\E_0_1\Iritech\E_0_1_3\E_0_1_3_R_5\via_region_data.json
E_0_1_3_R_M_N_N_1982_1_2017.bmp308278,Non-Alcohol,C:\PycharmProjects\Alcohol Detection\dataset\Grupo_0\E_0_1\Iritech\E_0_1_3\E_0_1_3_R_5\via_region_data.json
E_0_1_3_R_M_N_N_1982_2_2017.bmp308278,Non-Alcohol,C:\PycharmProjects\Alcohol Detection\dataset\Grupo_0\E_0_1\Iritech\E_0_1_3\E_0_1_3_R_5\via_region_data.json
E_0_1_3_R_M_N_N_1982_3_2017.bmp308278,Non-Alcohol,C:\PycharmProjects\Alcohol Detection\dataset\Grupo_0\E_0_1\Iritech\E_0_1_3\E_0_1_3_R_5\via_region_data.json
E_0_1_3_R_M_N_N_1982_4_2017.bmp308278,Non-Alcohol,C:\PycharmProjects\Alcohol Detection\dataset\Grupo_0\E_0_1\Iritech\E_0_1_3\E_0_1_3_R_5\via_region_data.json
E_0_1_3_R_M_N_N_1982_5_2017.bmp308278,Non-Alcohol,C:\PycharmProjects\Alcohol Detection\dataset\Grupo_0\E_0_1\Iritech\E_0_1_3\E_0_1_3_R_5\via_region_data.json
E_0_1_3_R_M_N_N_1982_6_2017.bmp308278,Non-Alcohol,C:\PycharmProjects\Alcohol Detection\dataset\Grupo_0\E_0_1\Iritech\E_0_1_3\E_0_1_3_R_5\via_region_data.json
E_0_1_3_R_M_N_N_1982_7_2017.bmp308278,Non-Alcohol,C:\PycharmProjects\Alcohol Detection\dataset\Grupo_0\E_0_1\Iritech\E_0_1_3\E_0_1_3_R_5\via_region_data.json
E_0_1_3_R_M_N_N_1982_8_2017.bmp308278,Non-Alcohol,C:\PycharmProjects\Alcohol Detection\dataset\Grupo_0\E_0_1\Iritech\E_0_1_3\E_0_1_3_R_5\via_region_data.json
E_0_1_3_R_M_N_N_1982_9_2017.bmp308278,Non-Alcohol,C:\PycharmProjects\Alcohol Detection\dataset\Grupo_0\E_0_1\Iritech\E_0_1_3\E_0_1_3_R_5\via_region_data.json
E_0_1_3_R_M_N_N_1982_10_2017.bmp308278,Non-Alcohol,C:\PycharmProjects\Alcohol Detection\dataset\Grupo_0\E_0_1\Iritech\E_0_1_3\E_0_1_3_R_5\via_region_data.json
E_0_1_3_R_M_N_N_1982_11_2017.bmp308278,Non-Alcohol,C:\PycharmProjects\Alcohol Detection\dataset\Grupo_0\E_0_1\Iritech\E_0_1_3\E_0_1_3_R_5\via_region_data.json
E_0_1_3_R_M_N_N_1982_12_2017.bmp308278,Non-Alcohol,C:\PycharmProjects\Alcohol Detection\dataset\Grupo_0\E_0_1\Iritech\E_0_1_3\E_0_1_3_R_5\via_region_data.json
E_0_1_3_R_M_N_N_1982_13_2017.bmp308278,Non-Alcohol,C:\PycharmProjects\Alcohol Detection\dataset\Grupo_0\E_0_1\Iritech\E_0_1_3\E_0_1_3_R_5\via_region_data.json
E_0_1_3_R_M_N_N_1982_14_2017.bmp308278,Non-Alcohol,C:\PycharmProjects\Alcohol Detection\dataset\Grupo_0\E_0_1\Iritech\E_0_1_3\E_0_1_3_R_5\via_region_data.json
E_0_1_3_R_M_N_N_1982_15_2017.bmp308278,Non-Alcohol,C:\PycharmProjects\Alcohol Detection\dataset\Grupo_0\E_0_1\Iritech\E_0_1_3\E_0_1_3_R_5\via_region_data.json
E_0_1_3_R_M_N_N_1982_16_2017.bmp308278,Non-Alcohol,C:\PycharmProjects\Alcohol Detection\dataset\Grupo_0\E_0_1\Iritech\E_0_1_3\E_0_1_3_R_5\via_region_data.json
E_0_1_3_R_M_N_N_1982_17_2017.bmp308278,Non-Alcohol,C:\PycharmProjects\Alcohol Detection\dataset\Grupo_0\E_0_1\Iritech\E_0_1_3\E_0_1_3_R_5\via_region_data.json
E_0_1_3_R_M_N_N_1982_18_2017.bmp308278,Non-Alcohol,C:\PycharmProjects\Alcohol Detection\dataset\Grupo_0\E_0_1\Iritech\E_0_1_3\E_0_1_3_R_5\via_region_data.json
E_0_1_3_R_M_N_N_1982_19_2017.bmp308278,Non-Alcohol,C:\PycharmProjects\Alcohol Detection\dataset\Grupo_0\E_0_1\Iritech\E_0_1_3\E_0_1_3_R_5\via_region_data.json
E_0_1_3_R_M_N_N_1982_20_2017.bmp308278,Non-Alcohol,C:\PycharmProjects\Alcohol Detection\dataset\Grupo_0\E_0_1\Iritech\E_0_1_3\E_0_1_3_R_5\via_region_data.json
E_0_1_3_R_M_N_N_1982_21_2017.bmp308278,Non-Alcohol,C:\PycharmProjects\Alcohol Detection\dataset\Grupo_0\E_0_1\Iritech\E_0_1_3\E_0_1_3_R_5\via_region_data.json
E_0_1_3_R_M_N_N_1982_22_2017.bmp308278,Non-Alcohol,C:\PycharmProjects\Alcohol Detection\dataset\Grupo_0\E_0_1\Iritech\E_0_1_3\E_0_1_3_R_5\via_region_data.json
E_0_1_3_R_M_N_N_1982_23_2017.bmp308278,Non-Alcohol,C:\PycharmProjects\Alcohol Detection\dataset\Grupo_0\E_0_1\Iritech\E_0_1_3\E_0_1_3_R_5\via_region_data.json
E_0_1_3_R_M_N_N_1982_24_2017.bmp308278,Non-Alcohol,C:\PycharmProjects\Alcohol Detection\dataset\Grupo_0\E_0_1\Iritech\E_0_1_3\E_0_1_3_R_5\via_region_data.json
E_0_1_3_R_M_N_N_1982_25_2017.bmp308278,Non-Alcohol,C:\PycharmProjects\Alcohol Detection\dataset\Grupo_0\E_0_1\Iritech\E_0_1_3\E_0_1_3_R_5\via_region_data.json
E_0_1_3_R_M_N_N_1982_26_2017.bmp308278,Non-Alcohol,C:\PycharmProjects\Alcohol Detection\dataset\Grupo_0\E_0_1\Iritech\E_0_1_3\E_0_1_3_R_5\via_region_data.json
E_0_1_3_R_M_N_N_1982_27_2017.bmp308278,Non-Alcohol,C:\PycharmProjects\Alcohol Detection\dataset\Grupo_0\E_0_1\Iritech\E_0_1_3\E_0_1_3_R_5\via_region_data.json
E_0_1_3_R_M_N_N_1982_28_2017.bmp308278,Non-Alcohol,C:\PycharmProjects\Alcohol Detection\dataset\Grupo_0\E_0_1\Iritech\E_0_1_3\E_0_1_3_R_5\via_region_data.json
E_0_1_3_R_M_N_N_1982_29_2017.bmp308278,Non-Alcohol,C:\PycharmProjects\Alcohol Detection\dataset\Grupo_0\E_0_1\Iritech\E_0_1_3\E_0_1_3_R_5\via_region_data.json
E_0_1_3_R_M_N_N_1982_30_2017.bmp308278,Non-Alcohol,C:\PycharmProjects\Alcohol Detection\dataset\Grupo_0\E_0_1\Iritech\E_0_1_3\E_0_1_3_R_5\via_region_data.json
E_0_1_3_R_M_N_N_1982_31_2017.bmp308278,Non-Alcohol,C:\PycharmProjects\Alcohol Detection\dataset\Grupo_0\E_0_1\Iritech\E_0_1_3\E_0_1_3_R_5\via_region_data.json
E_0_1_3_R_M_N_N_1982_32_2017.bmp308278,Non-Alcohol,C:\PycharmProjects\Alcohol Detection\dataset\Grupo_0\E_0_1\Iritech\E_0_1_3\E_0_1_3_R_5\via_region_data.json
E_0_1_3_R_M_N_N_1982_33_2017.bmp308278,Non-Alcohol,C:\PycharmProjects\Alcohol Detection\dataset\Grupo_0\E_0_1\Iritech\E_0_1_3\E_0_1_3_R_5\via_region_data.json
E_0_1_3_R_M_N_N_1982_34_2017.bmp308278,Non-Alcohol,C:\PycharmProjects\Alcohol Detection\dataset\Grupo_0\E_0_1\Iritech\E_0_1_3\E_0_1_3_R_5\via_region_data.json
E_0_1_3_R_M_N_N_1982_35_2017.bmp308278,Non-Alcohol,C:\PycharmProjects\Alcohol Detection\dataset\Grupo_0\E_0_1\Iritech\E_0_1_3\E_0_1_3_R_5\via_region_data.json
E_0_1_3_R_M_N_N_1982_36_2017.bmp308278,Non-Alcohol,C:\PycharmProjects\Alcohol Detection\dataset\Grupo_0\E_0_1\Iritech\E_0_1_3\E_0_1_3_R_5\via_region_data.json
E_0_1_3_R_M_N_N_1982_37_2017.bmp308278,Non-Alcohol,C:\PycharmProjects\Alcohol Detection\dataset\Grupo_0\E_0_1\Iritech\E_0_1_3\E_0_1_3_R_5\via_region_data.json
E_0_1_3_R_M_N_N_1982_38_2017.bmp308278,Non-Alcohol,C:\PycharmProjects\Alcohol Detection\dataset\Grupo_0\E_0_1\Iritech\E_0_1_3\E_0_1_3_R_5\via_region_data.json
E_0_1_3_R_M_N_N_1982_39_2017.bmp308278,Non-Alcohol,C:\PycharmProjects\Alcohol Detection\dataset\Grupo_0\E_0_1\Iritech\E_0_1_3\E_0_1_3_R_5\via_region_data.json
E_0_1_3_R_M_N_N_1982_40_2017.bmp308278,Non-Alcohol,C:\PycharmProjects\Alcohol Detection\dataset\Grupo_0\E_0_1\Iritech\E_0_1_3\E_0_1_3_R_5\via_region_data.json
E_0_1_3_R_M_N_N_1982_41_2017.bmp308278,Non-Alcohol,C:\PycharmProjects\Alcohol Detection\dataset\Grupo_0\E_0_1\Iritech\E_0_1_3\E_0_1_3_R_5\via_region_data.json
E_0_1_3_R_M_N_N_1982_42_2017.bmp308278,Non-Alcohol,C:\PycharmProjects\Alcohol Detection\dataset\Grupo_0\E_0_1\Iritech\E_0_1_3\E_0_1_3_R_5\via_region_data.json
E_0_1_3_R_M_N_N_1982_43_2017.bmp308278,Non-Alcohol,C:\PycharmProjects\Alcohol Detection\dataset\Grupo_0\E_0_1\Iritech\E_0_1_3\E_0_1_3_R_5\via_region_data.json
E_0_1_3_R_M_N_N_1982_44_2017.bmp308278,Non-Alcohol,C:\PycharmProjects\Alcohol Detection\dataset\Grupo_0\E_0_1\Iritech\E_0_1_3\E_0_1_3_R_5\via_region_data.json
E_0_1_3_R_M_N_N_1982_45_2017.bmp308278,Non-Alcohol,C:\PycharmProjects\Alcohol Detection\dataset\Grupo_0\E_0_1\Iritech\E_0_1_3\E_0_1_3_R_5\via_region_data.json
E_0_1_3_R_M_N_N_1982_46_2017.bmp308278,Non-Alcohol,C:\PycharmProjects\Alcohol Detection\dataset\Grupo_0\E_0_1\Iritech\E_0_1_3\E_0_1_3_R_5\via_region_data.json
E_0_1_3_R_M_N_N_1982_47_2017.bmp308278,Non-Alcohol,C:\PycharmProjects\Alcohol Detection\dataset\Grupo_0\E_0_1\Iritech\E_0_1_3\E_0_1_3_R_5\via_region_data.json
E_0_1_3_R_M_N_N_1982_48_2017.bmp308278,Non-Alcohol,C:\PycharmProjects\Alcohol Detection\dataset\Grupo_0\E_0_1\Iritech\E_0_1_3\E_0_1_3_R_5\via_region_data.json
E_0_1_3_R_M_N_N_1982_49_2017.bmp308278,Non-Alcohol,C:\PycharmProjects\Alcohol Detection\dataset\Grupo_0\E_0_1\Iritech\E_0_1_3\E_0_1_3_R_5\via_region_data.json
E_0_1_3_R_M_N_N_1982_50_2017.bmp308278,Non-Alcohol,C:\PycharmProjects\Alcohol Detection\dataset\Grupo_0\E_0_1\Iritech\E_0_1_3\E_0_1_3_R_5\via_region_data.json
E_0_1_3_R_M_N_N_1982_51_2017.bmp308278,Non-Alcohol,C:\PycharmProjects\Alcohol Detection\dataset\Grupo_0\E_0_1\Iritech\E_0_1_3\E_0_1_3_R_5\via_region_data.json
E_0_1_3_R_M_N_N_1982_52_2017.bmp308278,Non-Alcohol,C:\PycharmProjects\Alcohol Detection\dataset\Grupo_0\E_0_1\Iritech\E_0_1_3\E_0_1_3_R_5\via_region_data.json
E_0_1_3_R_M_N_N_1982_53_2017.bmp308278,Non-Alcohol,C:\PycharmProjects\Alcohol Detection\dataset\Grupo_0\E_0_1\Iritech\E_0_1_3\E_0_1_3_R_5\via_region_data.json
E_0_1_3_R_M_N_N_1982_54_2017.bmp308278,Non-Alcohol,C:\PycharmProjects\Alcohol Detection\dataset\Grupo_0\E_0_1\Iritech\E_0_1_3\E_0_1_3_R_5\via_region_data.json
E_0_1_3_R_M_N_N_1982_55_2017.bmp308278,Non-Alcohol,C:\PycharmProjects\Alcohol Detection\dataset\Grupo_0\E_0_1\Iritech\E_0_1_3\E_0_1_3_R_5\via_region_data.json
E_0_1_3_R_M_N_N_1982_56_2017.bmp308278,Non-Alcohol,C:\PycharmProjects\Alcohol Detection\dataset\Grupo_0\E_0_1\Iritech\E_0_1_3\E_0_1_3_R_5\via_region_data.json
E_0_1_3_R_M_N_N_1982_57_2017.bmp308278,Non-Alcohol,C:\PycharmProjects\Alcohol Detection\dataset\Grupo_0\E_0_1\Iritech\E_0_1_3\E_0_1_3_R_5\via_region_data.json
E_0_1_3_R_M_N_N_1982_58_2017.bmp308278,Non-Alcohol,C:\PycharmProjects\Alcohol Detection\dataset\Grupo_0\E_0_1\Iritech\E_0_1_3\E_0_1_3_R_5\via_region_data.json
E_0_1_3_R_M_N_N_1982_59_2017.bmp308278,Non-Alcohol,C:\PycharmProjects\Alcohol Detection\dataset\Grupo_0\E_0_1\Iritech\E_0_1_3\E_0_1_3_R_5\via_region_data.json
E_0_1_3_R_M_N_N_1982_60_2017.bmp308278,Non-Alcohol,C:\PycharmProjects\Alcohol Detection\dataset\Grupo_0\E_0_1\Iritech\E_0_1_3\E_0_1_3_R_5\via_region_data.json
E_0_1_3_R_M_N_N_1982_61_2017.bmp308278,Non-Alcohol,C:\PycharmProjects\Alcohol Detection\dataset\Grupo_0\E_0_1\Iritech\E_0_1_3\E_0_1_3_R_5\via_region_data.json
E_0_1_3_R_M_N_N_1982_62_2017.bmp308278,Non-Alcohol,C:\PycharmProjects\Alcohol Detection\dataset\Grupo_0\E_0_1\Iritech\E_0_1_3\E_0_1_3_R_5\via_region_data.json
E_0_1_3_R_M_N_N_1982_63_2017.bmp308278,Non-Alcohol,C:\PycharmProjects\Alcohol Detection\dataset\Grupo_0\E_0_1\Iritech\E_0_1_3\E_0_1_3_R_5\via_region_data.json
E_0_1_3_R_M_N_N_1982_64_2017.bmp308278,Non-Alcohol,C:\PycharmProjects\Alcohol Detection\dataset\Grupo_0\E_0_1\Iritech\E_0_1_3\E_0_1_3_R_5\via_region_data.json
E_0_1_3_R_M_N_N_1982_65_2017.bmp308278,Non-Alcohol,C:\PycharmProjects\Alcohol Detection\dataset\Grupo_0\E_0_1\Iritech\E_0_1_3\E_0_1_3_R_5\via_region_data.json
E_0_1_3_R_M_N_N_1982_66_2017.bmp308278,Non-Alcohol,C:\PycharmProjects\Alcohol Detection\dataset\Grupo_0\E_0_1\Iritech\E_0_1_3\E_0_1_3_R_5\via_region_data.json
E_0_1_3_R_M_N_N_1982_67_2017.bmp308278,Non-Alcohol,C:\PycharmProjects\Alcohol Detection\dataset\Grupo_0\E_0_1\Iritech\E_0_1_3\E_0_1_3_R_5\via_region_data.json
E_0_1_3_R_M_N_N_1982_68_2017.bmp308278,Non-Alcohol,C:\PycharmProjects\Alcohol Detection\dataset\Grupo_0\E_0_1\Iritech\E_0_1_3\E_0_1_3_R_5\via_region_data.json
E_0_1_3_R_M_N_N_1982_69_2017.bmp308278,Non-Alcohol,C:\PycharmProjects\Alcohol Detection\dataset\Grupo_0\E_0_1\Iritech\E_0_1_3\E_0_1_3_R_5\via_region_data.json
E_0_1_3_R_M_N_N_1982_70_2017.bmp308278,Non-Alcohol,C:\PycharmProjects\Alcohol Detection\dataset\Grupo_0\E_0_1\Iritech\E_0_1_3\E_0_1_3_R_5\via_region_data.json
E_0_1_3_R_M_N_N_1982_71_2017.bmp308278,Non-Alcohol,C:\PycharmProjects\Alcohol Detection\dataset\Grupo_0\E_0_1\Iritech\E_0_1_3\E_0_1_3_R_5\via_region_data.json
E_0_1_3_R_M_N_N_1982_72_2017.bmp308278,Non-Alcohol,C:\PycharmProjects\Alcohol Detection\dataset\Grupo_0\E_0_1\Iritech\E_0_1_3\E_0_1_3_R_5\via_region_data.json
E_0_1_3_R_M_N_N_1982_73_2017.bmp308278,Non-Alcohol,C:\PycharmProjects\Alcohol Detection\dataset\Grupo_0\E_0_1\Iritech\E_0_1_3\E_0_1_3_R_5\via_region_data.json
E_0_1_3_R_M_N_N_1982_74_2017.bmp308278,Non-Alcohol,C:\PycharmProjects\Alcohol Detection\dataset\Grupo_0\E_0_1\Iritech\E_0_1_3\E_0_1_3_R_5\via_region_data.json
E_0_1_3_R_M_N_N_1982_75_2017.bmp308278,Non-Alcohol,C:\PycharmProjects\Alcohol Detection\dataset\Grupo_0\E_0_1\Iritech\E_0_1_3\E_0_1_3_R_5\via_region_data.json
E_0_1_3_R_M_N_N_1982_76_2017.bmp308278,Non-Alcohol,C:\PycharmProjects\Alcohol Detection\dataset\Grupo_0\E_0_1\Iritech\E_0_1_3\E_0_1_3_R_5\via_region_data.json
E_0_1_4_L_M_N_N_1982_0_2017.bmp308278,Non-Alcohol,C:\PycharmProjects\Alcohol Detection\dataset\Grupo_0\E_0_1\Iritech\E_0_1_4\via_region_data.json
E_0_1_4_R_M_N_N_1982_0_2017.bmp308278,Non-Alcohol,C:\PycharmProjects\Alcohol Detection\dataset\Grupo_0\E_0_1\Iritech\E_0_1_4\via_region_data.json
E_0_1_4_L_M_N_N_1982_0_2017.bmp308278,Non-Alcohol,C:\PycharmProjects\Alcohol Detection\dataset\Grupo_0\E_0_1\Iritech\E_0_1_4\E_0_1_4_L_5\via_region_data.json
E_0_1_4_L_M_N_N_1982_1_2017.bmp308278,Non-Alcohol,C:\PycharmProjects\Alcohol Detection\dataset\Grupo_0\E_0_1\Iritech\E_0_1_4\E_0_1_4_L_5\via_region_data.json
E_0_1_4_L_M_N_N_1982_2_2017.bmp308278,Non-Alcohol,C:\PycharmProjects\Alcohol Detection\dataset\Grupo_0\E_0_1\Iritech\E_0_1_4\E_0_1_4_L_5\via_region_data.json
E_0_1_4_L_M_N_N_1982_3_2017.bmp308278,Non-Alcohol,C:\PycharmProjects\Alcohol Detection\dataset\Grupo_0\E_0_1\Iritech\E_0_1_4\E_0_1_4_L_5\via_region_data.json
E_0_1_4_L_M_N_N_1982_4_2017.bmp308278,Non-Alcohol,C:\PycharmProjects\Alcohol Detection\dataset\Grupo_0\E_0_1\Iritech\E_0_1_4\E_0_1_4_L_5\via_region_data.json
E_0_1_4_L_M_N_N_1982_5_2017.bmp308278,Non-Alcohol,C:\PycharmProjects\Alcohol Detection\dataset\Grupo_0\E_0_1\Iritech\E_0_1_4\E_0_1_4_L_5\via_region_data.json
E_0_1_4_L_M_N_N_1982_6_2017.bmp308278,Non-Alcohol,C:\PycharmProjects\Alcohol Detection\dataset\Grupo_0\E_0_1\Iritech\E_0_1_4\E_0_1_4_L_5\via_region_data.json
E_0_1_4_L_M_N_N_1982_7_2017.bmp308278,Non-Alcohol,C:\PycharmProjects\Alcohol Detection\dataset\Grupo_0\E_0_1\Iritech\E_0_1_4\E_0_1_4_L_5\via_region_data.json
E_0_1_4_L_M_N_N_1982_8_2017.bmp308278,Non-Alcohol,C:\PycharmProjects\Alcohol Detection\dataset\Grupo_0\E_0_1\Iritech\E_0_1_4\E_0_1_4_L_5\via_region_data.json
E_0_1_4_L_M_N_N_1982_9_2017.bmp308278,Non-Alcohol,C:\PycharmProjects\Alcohol Detection\dataset\Grupo_0\E_0_1\Iritech\E_0_1_4\E_0_1_4_L_5\via_region_data.json
E_0_1_4_L_M_N_N_1982_10_2017.bmp308278,Non-Alcohol,C:\PycharmProjects\Alcohol Detection\dataset\Grupo_0\E_0_1\Iritech\E_0_1_4\E_0_1_4_L_5\via_region_data.json
E_0_1_4_L_M_N_N_1982_11_2017.bmp308278,Non-Alcohol,C:\PycharmProjects\Alcohol Detection\dataset\Grupo_0\E_0_1\Iritech\E_0_1_4\E_0_1_4_L_5\via_region_data.json
E_0_1_4_L_M_N_N_1982_12_2017.bmp308278,Non-Alcohol,C:\PycharmProjects\Alcohol Detection\dataset\Grupo_0\E_0_1\Iritech\E_0_1_4\E_0_1_4_L_5\via_region_data.json
E_0_1_4_L_M_N_N_1982_13_2017.bmp308278,Non-Alcohol,C:\PycharmProjects\Alcohol Detection\dataset\Grupo_0\E_0_1\Iritech\E_0_1_4\E_0_1_4_L_5\via_region_data.json
E_0_1_4_L_M_N_N_1982_14_2017.bmp308278,Non-Alcohol,C:\PycharmProjects\Alcohol Detection\dataset\Grupo_0\E_0_1\Iritech\E_0_1_4\E_0_1_4_L_5\via_region_data.json
E_0_1_4_L_M_N_N_1982_15_2017.bmp308278,Non-Alcohol,C:\PycharmProjects\Alcohol Detection\dataset\Grupo_0\E_0_1\Iritech\E_0_1_4\E_0_1_4_L_5\via_region_data.json
E_0_1_4_L_M_N_N_1982_16_2017.bmp308278,Non-Alcohol,C:\PycharmProjects\Alcohol Detection\dataset\Grupo_0\E_0_1\Iritech\E_0_1_4\E_0_1_4_L_5\via_region_data.json
E_0_1_4_L_M_N_N_1982_17_2017.bmp308278,Non-Alcohol,C:\PycharmProjects\Alcohol Detection\dataset\Grupo_0\E_0_1\Iritech\E_0_1_4\E_0_1_4_L_5\via_region_data.json
E_0_1_4_L_M_N_N_1982_18_2017.bmp308278,Non-Alcohol,C:\PycharmProjects\Alcohol Detection\dataset\Grupo_0\E_0_1\Iritech\E_0_1_4\E_0_1_4_L_5\via_region_data.json
E_0_1_4_L_M_N_N_1982_19_2017.bmp308278,Non-Alcohol,C:\PycharmProjects\Alcohol Detection\dataset\Grupo_0\E_0_1\Iritech\E_0_1_4\E_0_1_4_L_5\via_region_data.json
E_0_1_4_L_M_N_N_1982_20_2017.bmp308278,Non-Alcohol,C:\PycharmProjects\Alcohol Detection\dataset\Grupo_0\E_0_1\Iritech\E_0_1_4\E_0_1_4_L_5\via_region_data.json
E_0_1_4_L_M_N_N_1982_21_2017.bmp308278,Non-Alcohol,C:\PycharmProjects\Alcohol Detection\dataset\Grupo_0\E_0_1\Iritech\E_0_1_4\E_0_1_4_L_5\via_region_data.json
E_0_1_4_L_M_N_N_1982_22_2017.bmp308278,Non-Alcohol,C:\PycharmProjects\Alcohol Detection\dataset\Grupo_0\E_0_1\Iritech\E_0_1_4\E_0_1_4_L_5\via_region_data.json
E_0_1_4_L_M_N_N_1982_23_2017.bmp308278,Non-Alcohol,C:\PycharmProjects\Alcohol Detection\dataset\Grupo_0\E_0_1\Iritech\E_0_1_4\E_0_1_4_L_5\via_region_data.json
E_0_1_4_L_M_N_N_1982_24_2017.bmp308278,Non-Alcohol,C:\PycharmProjects\Alcohol Detection\dataset\Grupo_0\E_0_1\Iritech\E_0_1_4\E_0_1_4_L_5\via_region_data.json
E_0_1_4_L_M_N_N_1982_25_2017.bmp308278,Non-Alcohol,C:\PycharmProjects\Alcohol Detection\dataset\Grupo_0\E_0_1\Iritech\E_0_1_4\E_0_1_4_L_5\via_region_data.json
E_0_1_4_L_M_N_N_1982_26_2017.bmp308278,Non-Alcohol,C:\PycharmProjects\Alcohol Detection\dataset\Grupo_0\E_0_1\Iritech\E_0_1_4\E_0_1_4_L_5\via_region_data.json
E_0_1_4_L_M_N_N_1982_27_2017.bmp308278,Non-Alcohol,C:\PycharmProjects\Alcohol Detection\dataset\Grupo_0\E_0_1\Iritech\E_0_1_4\E_0_1_4_L_5\via_region_data.json
E_0_1_4_L_M_N_N_1982_28_2017.bmp308278,Non-Alcohol,C:\PycharmProjects\Alcohol Detection\dataset\Grupo_0\E_0_1\Iritech\E_0_1_4\E_0_1_4_L_5\via_region_data.json
E_0_1_4_L_M_N_N_1982_29_2017.bmp308278,Non-Alcohol,C:\PycharmProjects\Alcohol Detection\dataset\Grupo_0\E_0_1\Iritech\E_0_1_4\E_0_1_4_L_5\via_region_data.json
E_0_1_4_L_M_N_N_1982_30_2017.bmp308278,Non-Alcohol,C:\PycharmProjects\Alcohol Detection\dataset\Grupo_0\E_0_1\Iritech\E_0_1_4\E_0_1_4_L_5\via_region_data.json
E_0_1_4_L_M_N_N_1982_31_2017.bmp308278,Non-Alcohol,C:\PycharmProjects\Alcohol Detection\dataset\Grupo_0\E_0_1\Iritech\E_0_1_4\E_0_1_4_L_5\via_region_data.json
E_0_1_4_L_M_N_N_1982_32_2017.bmp308278,Non-Alcohol,C:\PycharmProjects\Alcohol Detection\dataset\Grupo_0\E_0_1\Iritech\E_0_1_4\E_0_1_4_L_5\via_region_data.json
E_0_1_4_L_M_N_N_1982_33_2017.bmp308278,Non-Alcohol,C:\PycharmProjects\Alcohol Detection\dataset\Grupo_0\E_0_1\Iritech\E_0_1_4\E_0_1_4_L_5\via_region_data.json
E_0_1_4_L_M_N_N_1982_34_2017.bmp308278,Non-Alcohol,C:\PycharmProjects\Alcohol Detection\dataset\Grupo_0\E_0_1\Iritech\E_0_1_4\E_0_1_4_L_5\via_region_data.json
E_0_1_4_L_M_N_N_1982_35_2017.bmp308278,Non-Alcohol,C:\PycharmProjects\Alcohol Detection\dataset\Grupo_0\E_0_1\Iritech\E_0_1_4\E_0_1_4_L_5\via_region_data.json
E_0_1_4_L_M_N_N_1982_36_2017.bmp308278,Non-Alcohol,C:\PycharmProjects\Alcohol Detection\dataset\Grupo_0\E_0_1\Iritech\E_0_1_4\E_0_1_4_L_5\via_region_data.json
E_0_1_4_L_M_N_N_1982_37_2017.bmp308278,Non-Alcohol,C:\PycharmProjects\Alcohol Detection\dataset\Grupo_0\E_0_1\Iritech\E_0_1_4\E_0_1_4_L_5\via_region_data.json
E_0_1_4_L_M_N_N_1982_38_2017.bmp308278,Non-Alcohol,C:\PycharmProjects\Alcohol Detection\dataset\Grupo_0\E_0_1\Iritech\E_0_1_4\E_0_1_4_L_5\via_region_data.json
E_0_1_4_L_M_N_N_1982_39_2017.bmp308278,Non-Alcohol,C:\PycharmProjects\Alcohol Detection\dataset\Grupo_0\E_0_1\Iritech\E_0_1_4\E_0_1_4_L_5\via_region_data.json
E_0_1_4_L_M_N_N_1982_40_2017.bmp308278,Non-Alcohol,C:\PycharmProjects\Alcohol Detection\dataset\Grupo_0\E_0_1\Iritech\E_0_1_4\E_0_1_4_L_5\via_region_data.json
E_0_1_4_L_M_N_N_1982_41_2017.bmp308278,Non-Alcohol,C:\PycharmProjects\Alcohol Detection\dataset\Grupo_0\E_0_1\Iritech\E_0_1_4\E_0_1_4_L_5\via_region_data.json
E_0_1_4_L_M_N_N_1982_42_2017.bmp308278,Non-Alcohol,C:\PycharmProjects\Alcohol Detection\dataset\Grupo_0\E_0_1\Iritech\E_0_1_4\E_0_1_4_L_5\via_region_data.json
E_0_1_4_L_M_N_N_1982_43_2017.bmp308278,Non-Alcohol,C:\PycharmProjects\Alcohol Detection\dataset\Grupo_0\E_0_1\Iritech\E_0_1_4\E_0_1_4_L_5\via_region_data.json
E_0_1_4_L_M_N_N_1982_44_2017.bmp308278,Non-Alcohol,C:\PycharmProjects\Alcohol Detection\dataset\Grupo_0\E_0_1\Iritech\E_0_1_4\E_0_1_4_L_5\via_region_data.json
E_0_1_4_L_M_N_N_1982_45_2017.bmp308278,Non-Alcohol,C:\PycharmProjects\Alcohol Detection\dataset\Grupo_0\E_0_1\Iritech\E_0_1_4\E_0_1_4_L_5\via_region_data.json
E_0_1_4_L_M_N_N_1982_46_2017.bmp308278,Non-Alcohol,C:\PycharmProjects\Alcohol Detection\dataset\Grupo_0\E_0_1\Iritech\E_0_1_4\E_0_1_4_L_5\via_region_data.json
E_0_1_4_L_M_N_N_1982_47_2017.bmp308278,Non-Alcohol,C:\PycharmProjects\Alcohol Detection\dataset\Grupo_0\E_0_1\Iritech\E_0_1_4\E_0_1_4_L_5\via_region_data.json
E_0_1_4_L_M_N_N_1982_48_2017.bmp308278,Non-Alcohol,C:\PycharmProjects\Alcohol Detection\dataset\Grupo_0\E_0_1\Iritech\E_0_1_4\E_0_1_4_L_5\via_region_data.json
E_0_1_4_L_M_N_N_1982_49_2017.bmp308278,Non-Alcohol,C:\PycharmProjects\Alcohol Detection\dataset\Grupo_0\E_0_1\Iritech\E_0_1_4\E_0_1_4_L_5\via_region_data.json
E_0_1_4_L_M_N_N_1982_50_2017.bmp308278,Non-Alcohol,C:\PycharmProjects\Alcohol Detection\dataset\Grupo_0\E_0_1\Iritech\E_0_1_4\E_0_1_4_L_5\via_region_data.json
E_0_1_4_L_M_N_N_1982_51_2017.bmp308278,Non-Alcohol,C:\PycharmProjects\Alcohol Detection\dataset\Grupo_0\E_0_1\Iritech\E_0_1_4\E_0_1_4_L_5\via_region_data.json
E_0_1_4_L_M_N_N_1982_52_2017.bmp308278,Non-Alcohol,C:\PycharmProjects\Alcohol Detection\dataset\Grupo_0\E_0_1\Iritech\E_0_1_4\E_0_1_4_L_5\via_region_data.json
E_0_1_4_L_M_N_N_1982_53_2017.bmp308278,Non-Alcohol,C:\PycharmProjects\Alcohol Detection\dataset\Grupo_0\E_0_1\Iritech\E_0_1_4\E_0_1_4_L_5\via_region_data.json
E_0_1_4_L_M_N_N_1982_54_2017.bmp308278,Non-Alcohol,C:\PycharmProjects\Alcohol Detection\dataset\Grupo_0\E_0_1\Iritech\E_0_1_4\E_0_1_4_L_5\via_region_data.json
E_0_1_4_L_M_N_N_1982_55_2017.bmp308278,Non-Alcohol,C:\PycharmProjects\Alcohol Detection\dataset\Grupo_0\E_0_1\Iritech\E_0_1_4\E_0_1_4_L_5\via_region_data.json
E_0_1_4_L_M_N_N_1982_56_2017.bmp308278,Non-Alcohol,C:\PycharmProjects\Alcohol Detection\dataset\Grupo_0\E_0_1\Iritech\E_0_1_4\E_0_1_4_L_5\via_region_data.json
E_0_1_4_L_M_N_N_1982_57_2017.bmp308278,Non-Alcohol,C:\PycharmProjects\Alcohol Detection\dataset\Grupo_0\E_0_1\Iritech\E_0_1_4\E_0_1_4_L_5\via_region_data.json
E_0_1_4_L_M_N_N_1982_58_2017.bmp308278,Non-Alcohol,C:\PycharmProjects\Alcohol Detection\dataset\Grupo_0\E_0_1\Iritech\E_0_1_4\E_0_1_4_L_5\via_region_data.json
E_0_1_4_L_M_N_N_1982_59_2017.bmp308278,Non-Alcohol,C:\PycharmProjects\Alcohol Detection\dataset\Grupo_0\E_0_1\Iritech\E_0_1_4\E_0_1_4_L_5\via_region_data.json
E_0_1_4_L_M_N_N_1982_60_2017.bmp308278,Non-Alcohol,C:\PycharmProjects\Alcohol Detection\dataset\Grupo_0\E_0_1\Iritech\E_0_1_4\E_0_1_4_L_5\via_region_data.json
E_0_1_4_L_M_N_N_1982_61_2017.bmp308278,Non-Alcohol,C:\PycharmProjects\Alcohol Detection\dataset\Grupo_0\E_0_1\Iritech\E_0_1_4\E_0_1_4_L_5\via_region_data.json
E_0_1_4_L_M_N_N_1982_62_2017.bmp308278,Non-Alcohol,C:\PycharmProjects\Alcohol Detection\dataset\Grupo_0\E_0_1\Iritech\E_0_1_4\E_0_1_4_L_5\via_region_data.json
E_0_1_4_L_M_N_N_1982_63_2017.bmp308278,Non-Alcohol,C:\PycharmProjects\Alcohol Detection\dataset\Grupo_0\E_0_1\Iritech\E_0_1_4\E_0_1_4_L_5\via_region_data.json
E_0_1_4_L_M_N_N_1982_64_2017.bmp308278,Non-Alcohol,C:\PycharmProjects\Alcohol Detection\dataset\Grupo_0\E_0_1\Iritech\E_0_1_4\E_0_1_4_L_5\via_region_data.json
E_0_1_4_L_M_N_N_1982_65_2017.bmp308278,Non-Alcohol,C:\PycharmProjects\Alcohol Detection\dataset\Grupo_0\E_0_1\Iritech\E_0_1_4\E_0_1_4_L_5\via_region_data.json
E_0_1_4_L_M_N_N_1982_66_2017.bmp308278,Non-Alcohol,C:\PycharmProjects\Alcohol Detection\dataset\Grupo_0\E_0_1\Iritech\E_0_1_4\E_0_1_4_L_5\via_region_data.json
E_0_1_4_L_M_N_N_1982_67_2017.bmp308278,Non-Alcohol,C:\PycharmProjects\Alcohol Detection\dataset\Grupo_0\E_0_1\Iritech\E_0_1_4\E_0_1_4_L_5\via_region_data.json
E_0_1_4_L_M_N_N_1982_68_2017.bmp308278,Non-Alcohol,C:\PycharmProjects\Alcohol Detection\dataset\Grupo_0\E_0_1\Iritech\E_0_1_4\E_0_1_4_L_5\via_region_data.json
E_0_1_4_L_M_N_N_1982_69_2017.bmp308278,Non-Alcohol,C:\PycharmProjects\Alcohol Detection\dataset\Grupo_0\E_0_1\Iritech\E_0_1_4\E_0_1_4_L_5\via_region_data.json
E_0_1_4_L_M_N_N_1982_70_2017.bmp308278,Non-Alcohol,C:\PycharmProjects\Alcohol Detection\dataset\Grupo_0\E_0_1\Iritech\E_0_1_4\E_0_1_4_L_5\via_region_data.json
E_0_1_4_L_M_N_N_1982_71_2017.bmp308278,Non-Alcohol,C:\PycharmProjects\Alcohol Detection\dataset\Grupo_0\E_0_1\Iritech\E_0_1_4\E_0_1_4_L_5\via_region_data.json
E_0_1_4_L_M_N_N_1982_72_2017.bmp308278,Non-Alcohol,C:\PycharmProjects\Alcohol Detection\dataset\Grupo_0\E_0_1\Iritech\E_0_1_4\E_0_1_4_L_5\via_region_data.json
E_0_1_4_L_M_N_N_1982_73_2017.bmp308278,Non-Alcohol,C:\PycharmProjects\Alcohol Detection\dataset\Grupo_0\E_0_1\Iritech\E_0_1_4\E_0_1_4_L_5\via_region_data.json
E_0_1_4_L_M_N_N_1982_74_2017.bmp308278,Non-Alcohol,C:\PycharmProjects\Alcohol Detection\dataset\Grupo_0\E_0_1\Iritech\E_0_1_4\E_0_1_4_L_5\via_region_data.json
E_0_1_4_L_M_N_N_1982_75_2017.bmp308278,Non-Alcohol,C:\PycharmProjects\Alcohol Detection\dataset\Grupo_0\E_0_1\Iritech\E_0_1_4\E_0_1_4_L_5\via_region_data.json
E_0_1_4_L_M_N_N_1982_76_2017.bmp308278,Non-Alcohol,C:\PycharmProjects\Alcohol Detection\dataset\Grupo_0\E_0_1\Iritech\E_0_1_4\E_0_1_4_L_5\via_region_data.json
E_0_1_4_L_M_N_N_1982_77_2017.bmp308278,Non-Alcohol,C:\PycharmProjects\Alcohol Detection\dataset\Grupo_0\E_0_1\Iritech\E_0_1_4\E_0_1_4_L_5\via_region_data.json
E_0_1_4_R_M_N_N_1982_0_2017.bmp308278,Non-Alcohol,C:\PycharmProjects\Alcohol Detection\dataset\Grupo_0\E_0_1\Iritech\E_0_1_4\E_0_1_4_R_5\via_region_data.json
E_0_1_4_R_M_N_N_1982_1_2017.bmp308278,Non-Alcohol,C:\PycharmProjects\Alcohol Detection\dataset\Grupo_0\E_0_1\Iritech\E_0_1_4\E_0_1_4_R_5\via_region_data.json
E_0_1_4_R_M_N_N_1982_2_2017.bmp308278,Non-Alcohol,C:\PycharmProjects\Alcohol Detection\dataset\Grupo_0\E_0_1\Iritech\E_0_1_4\E_0_1_4_R_5\via_region_data.json
E_0_1_4_R_M_N_N_1982_3_2017.bmp308278,Non-Alcohol,C:\PycharmProjects\Alcohol Detection\dataset\Grupo_0\E_0_1\Iritech\E_0_1_4\E_0_1_4_R_5\via_region_data.json
E_0_1_4_R_M_N_N_1982_4_2017.bmp308278,Non-Alcohol,C:\PycharmProjects\Alcohol Detection\dataset\Grupo_0\E_0_1\Iritech\E_0_1_4\E_0_1_4_R_5\via_region_data.json
E_0_1_4_R_M_N_N_1982_5_2017.bmp308278,Non-Alcohol,C:\PycharmProjects\Alcohol Detection\dataset\Grupo_0\E_0_1\Iritech\E_0_1_4\E_0_1_4_R_5\via_region_data.json
E_0_1_4_R_M_N_N_1982_6_2017.bmp308278,Non-Alcohol,C:\PycharmProjects\Alcohol Detection\dataset\Grupo_0\E_0_1\Iritech\E_0_1_4\E_0_1_4_R_5\via_region_data.json
E_0_1_4_R_M_N_N_1982_7_2017.bmp308278,Non-Alcohol,C:\PycharmProjects\Alcohol Detection\dataset\Grupo_0\E_0_1\Iritech\E_0_1_4\E_0_1_4_R_5\via_region_data.json
E_0_1_4_R_M_N_N_1982_8_2017.bmp308278,Non-Alcohol,C:\PycharmProjects\Alcohol Detection\dataset\Grupo_0\E_0_1\Iritech\E_0_1_4\E_0_1_4_R_5\via_region_data.json
E_0_1_4_R_M_N_N_1982_9_2017.bmp308278,Non-Alcohol,C:\PycharmProjects\Alcohol Detection\dataset\Grupo_0\E_0_1\Iritech\E_0_1_4\E_0_1_4_R_5\via_region_data.json
E_0_1_4_R_M_N_N_1982_10_2017.bmp308278,Non-Alcohol,C:\PycharmProjects\Alcohol Detection\dataset\Grupo_0\E_0_1\Iritech\E_0_1_4\E_0_1_4_R_5\via_region_data.json
E_0_1_4_R_M_N_N_1982_11_2017.bmp308278,Non-Alcohol,C:\PycharmProjects\Alcohol Detection\dataset\Grupo_0\E_0_1\Iritech\E_0_1_4\E_0_1_4_R_5\via_region_data.json
E_0_1_4_R_M_N_N_1982_12_2017.bmp308278,Non-Alcohol,C:\PycharmProjects\Alcohol Detection\dataset\Grupo_0\E_0_1\Iritech\E_0_1_4\E_0_1_4_R_5\via_region_data.json
E_0_1_4_R_M_N_N_1982_13_2017.bmp308278,Non-Alcohol,C:\PycharmProjects\Alcohol Detection\dataset\Grupo_0\E_0_1\Iritech\E_0_1_4\E_0_1_4_R_5\via_region_data.json
E_0_1_4_R_M_N_N_1982_14_2017.bmp308278,Non-Alcohol,C:\PycharmProjects\Alcohol Detection\dataset\Grupo_0\E_0_1\Iritech\E_0_1_4\E_0_1_4_R_5\via_region_data.json
E_0_1_4_R_M_N_N_1982_15_2017.bmp308278,Non-Alcohol,C:\PycharmProjects\Alcohol Detection\dataset\Grupo_0\E_0_1\Iritech\E_0_1_4\E_0_1_4_R_5\via_region_data.json
E_0_1_4_R_M_N_N_1982_16_2017.bmp308278,Non-Alcohol,C:\PycharmProjects\Alcohol Detection\dataset\Grupo_0\E_0_1\Iritech\E_0_1_4\E_0_1_4_R_5\via_region_data.json
E_0_1_4_R_M_N_N_1982_17_2017.bmp308278,Non-Alcohol,C:\PycharmProjects\Alcohol Detection\dataset\Grupo_0\E_0_1\Iritech\E_0_1_4\E_0_1_4_R_5\via_region_data.json
E_0_1_4_R_M_N_N_1982_18_2017.bmp308278,Non-Alcohol,C:\PycharmProjects\Alcohol Detection\dataset\Grupo_0\E_0_1\Iritech\E_0_1_4\E_0_1_4_R_5\via_region_data.json
E_0_1_4_R_M_N_N_1982_19_2017.bmp308278,Non-Alcohol,C:\PycharmProjects\Alcohol Detection\dataset\Grupo_0\E_0_1\Iritech\E_0_1_4\E_0_1_4_R_5\via_region_data.json
E_0_1_4_R_M_N_N_1982_20_2017.bmp308278,Non-Alcohol,C:\PycharmProjects\Alcohol Detection\dataset\Grupo_0\E_0_1\Iritech\E_0_1_4\E_0_1_4_R_5\via_region_data.json
E_0_1_4_R_M_N_N_1982_21_2017.bmp308278,Non-Alcohol,C:\PycharmProjects\Alcohol Detection\dataset\Grupo_0\E_0_1\Iritech\E_0_1_4\E_0_1_4_R_5\via_region_data.json
E_0_1_4_R_M_N_N_1982_22_2017.bmp308278,Non-Alcohol,C:\PycharmProjects\Alcohol Detection\dataset\Grupo_0\E_0_1\Iritech\E_0_1_4\E_0_1_4_R_5\via_region_data.json
E_0_1_4_R_M_N_N_1982_23_2017.bmp308278,Non-Alcohol,C:\PycharmProjects\Alcohol Detection\dataset\Grupo_0\E_0_1\Iritech\E_0_1_4\E_0_1_4_R_5\via_region_data.json
E_0_1_4_R_M_N_N_1982_24_2017.bmp308278,Non-Alcohol,C:\PycharmProjects\Alcohol Detection\dataset\Grupo_0\E_0_1\Iritech\E_0_1_4\E_0_1_4_R_5\via_region_data.json
E_0_1_4_R_M_N_N_1982_25_2017.bmp308278,Non-Alcohol,C:\PycharmProjects\Alcohol Detection\dataset\Grupo_0\E_0_1\Iritech\E_0_1_4\E_0_1_4_R_5\via_region_data.json
E_0_1_4_R_M_N_N_1982_26_2017.bmp308278,Non-Alcohol,C:\PycharmProjects\Alcohol Detection\dataset\Grupo_0\E_0_1\Iritech\E_0_1_4\E_0_1_4_R_5\via_region_data.json
E_0_1_4_R_M_N_N_1982_27_2017.bmp308278,Non-Alcohol,C:\PycharmProjects\Alcohol Detection\dataset\Grupo_0\E_0_1\Iritech\E_0_1_4\E_0_1_4_R_5\via_region_data.json
E_0_1_4_R_M_N_N_1982_28_2017.bmp308278,Non-Alcohol,C:\PycharmProjects\Alcohol Detection\dataset\Grupo_0\E_0_1\Iritech\E_0_1_4\E_0_1_4_R_5\via_region_data.json
E_0_1_4_R_M_N_N_1982_29_2017.bmp308278,Non-Alcohol,C:\PycharmProjects\Alcohol Detection\dataset\Grupo_0\E_0_1\Iritech\E_0_1_4\E_0_1_4_R_5\via_region_data.json
E_0_1_4_R_M_N_N_1982_30_2017.bmp308278,Non-Alcohol,C:\PycharmProjects\Alcohol Detection\dataset\Grupo_0\E_0_1\Iritech\E_0_1_4\E_0_1_4_R_5\via_region_data.json
E_0_1_4_R_M_N_N_1982_31_2017.bmp308278,Non-Alcohol,C:\PycharmProjects\Alcohol Detection\dataset\Grupo_0\E_0_1\Iritech\E_0_1_4\E_0_1_4_R_5\via_region_data.json
E_0_1_4_R_M_N_N_1982_32_2017.bmp308278,Non-Alcohol,C:\PycharmProjects\Alcohol Detection\dataset\Grupo_0\E_0_1\Iritech\E_0_1_4\E_0_1_4_R_5\via_region_data.json
E_0_1_4_R_M_N_N_1982_33_2017.bmp308278,Non-Alcohol,C:\PycharmProjects\Alcohol Detection\dataset\Grupo_0\E_0_1\Iritech\E_0_1_4\E_0_1_4_R_5\via_region_data.json
E_0_1_4_R_M_N_N_1982_34_2017.bmp308278,Non-Alcohol,C:\PycharmProjects\Alcohol Detection\dataset\Grupo_0\E_0_1\Iritech\E_0_1_4\E_0_1_4_R_5\via_region_data.json
E_0_1_4_R_M_N_N_1982_35_2017.bmp308278,Non-Alcohol,C:\PycharmProjects\Alcohol Detection\dataset\Grupo_0\E_0_1\Iritech\E_0_1_4\E_0_1_4_R_5\via_region_data.json
E_0_1_4_R_M_N_N_1982_36_2017.bmp308278,Non-Alcohol,C:\PycharmProjects\Alcohol Detection\dataset\Grupo_0\E_0_1\Iritech\E_0_1_4\E_0_1_4_R_5\via_region_data.json
E_0_1_4_R_M_N_N_1982_37_2017.bmp308278,Non-Alcohol,C:\PycharmProjects\Alcohol Detection\dataset\Grupo_0\E_0_1\Iritech\E_0_1_4\E_0_1_4_R_5\via_region_data.json
E_0_1_4_R_M_N_N_1982_38_2017.bmp308278,Non-Alcohol,C:\PycharmProjects\Alcohol Detection\dataset\Grupo_0\E_0_1\Iritech\E_0_1_4\E_0_1_4_R_5\via_region_data.json
E_0_1_4_R_M_N_N_1982_39_2017.bmp308278,Non-Alcohol,C:\PycharmProjects\Alcohol Detection\dataset\Grupo_0\E_0_1\Iritech\E_0_1_4\E_0_1_4_R_5\via_region_data.json
E_0_1_4_R_M_N_N_1982_40_2017.bmp308278,Non-Alcohol,C:\PycharmProjects\Alcohol Detection\dataset\Grupo_0\E_0_1\Iritech\E_0_1_4\E_0_1_4_R_5\via_region_data.json
E_0_1_4_R_M_N_N_1982_41_2017.bmp308278,Non-Alcohol,C:\PycharmProjects\Alcohol Detection\dataset\Grupo_0\E_0_1\Iritech\E_0_1_4\E_0_1_4_R_5\via_region_data.json
E_0_1_4_R_M_N_N_1982_42_2017.bmp308278,Non-Alcohol,C:\PycharmProjects\Alcohol Detection\dataset\Grupo_0\E_0_1\Iritech\E_0_1_4\E_0_1_4_R_5\via_region_data.json
E_0_1_4_R_M_N_N_1982_43_2017.bmp308278,Non-Alcohol,C:\PycharmProjects\Alcohol Detection\dataset\Grupo_0\E_0_1\Iritech\E_0_1_4\E_0_1_4_R_5\via_region_data.json
E_0_1_4_R_M_N_N_1982_44_2017.bmp308278,Non-Alcohol,C:\PycharmProjects\Alcohol Detection\dataset\Grupo_0\E_0_1\Iritech\E_0_1_4\E_0_1_4_R_5\via_region_data.json
E_0_1_4_R_M_N_N_1982_45_2017.bmp308278,Non-Alcohol,C:\PycharmProjects\Alcohol Detection\dataset\Grupo_0\E_0_1\Iritech\E_0_1_4\E_0_1_4_R_5\via_region_data.json
E_0_1_4_R_M_N_N_1982_46_2017.bmp308278,Non-Alcohol,C:\PycharmProjects\Alcohol Detection\dataset\Grupo_0\E_0_1\Iritech\E_0_1_4\E_0_1_4_R_5\via_region_data.json
E_0_1_4_R_M_N_N_1982_47_2017.bmp308278,Non-Alcohol,C:\PycharmProjects\Alcohol Detection\dataset\Grupo_0\E_0_1\Iritech\E_0_1_4\E_0_1_4_R_5\via_region_data.json
E_0_1_4_R_M_N_N_1982_48_2017.bmp308278,Non-Alcohol,C:\PycharmProjects\Alcohol Detection\dataset\Grupo_0\E_0_1\Iritech\E_0_1_4\E_0_1_4_R_5\via_region_data.json
E_0_1_4_R_M_N_N_1982_49_2017.bmp308278,Non-Alcohol,C:\PycharmProjects\Alcohol Detection\dataset\Grupo_0\E_0_1\Iritech\E_0_1_4\E_0_1_4_R_5\via_region_data.json
E_0_1_4_R_M_N_N_1982_50_2017.bmp308278,Non-Alcohol,C:\PycharmProjects\Alcohol Detection\dataset\Grupo_0\E_0_1\Iritech\E_0_1_4\E_0_1_4_R_5\via_region_data.json
E_0_1_4_R_M_N_N_1982_51_2017.bmp308278,Non-Alcohol,C:\PycharmProjects\Alcohol Detection\dataset\Grupo_0\E_0_1\Iritech\E_0_1_4\E_0_1_4_R_5\via_region_data.json
E_0_1_4_R_M_N_N_1982_52_2017.bmp308278,Non-Alcohol,C:\PycharmProjects\Alcohol Detection\dataset\Grupo_0\E_0_1\Iritech\E_0_1_4\E_0_1_4_R_5\via_region_data.json
E_0_1_4_R_M_N_N_1982_53_2017.bmp308278,Non-Alcohol,C:\PycharmProjects\Alcohol Detection\dataset\Grupo_0\E_0_1\Iritech\E_0_1_4\E_0_1_4_R_5\via_region_data.json
E_0_1_4_R_M_N_N_1982_54_2017.bmp308278,Non-Alcohol,C:\PycharmProjects\Alcohol Detection\dataset\Grupo_0\E_0_1\Iritech\E_0_1_4\E_0_1_4_R_5\via_region_data.json
E_0_1_4_R_M_N_N_1982_55_2017.bmp308278,Non-Alcohol,C:\PycharmProjects\Alcohol Detection\dataset\Grupo_0\E_0_1\Iritech\E_0_1_4\E_0_1_4_R_5\via_region_data.json
E_0_1_4_R_M_N_N_1982_56_2017.bmp308278,Non-Alcohol,C:\PycharmProjects\Alcohol Detection\dataset\Grupo_0\E_0_1\Iritech\E_0_1_4\E_0_1_4_R_5\via_region_data.json
E_0_1_4_R_M_N_N_1982_57_2017.bmp308278,Non-Alcohol,C:\PycharmProjects\Alcohol Detection\dataset\Grupo_0\E_0_1\Iritech\E_0_1_4\E_0_1_4_R_5\via_region_data.json
E_0_1_4_R_M_N_N_1982_58_2017.bmp308278,Non-Alcohol,C:\PycharmProjects\Alcohol Detection\dataset\Grupo_0\E_0_1\Iritech\E_0_1_4\E_0_1_4_R_5\via_region_data.json
E_0_1_4_R_M_N_N_1982_59_2017.bmp308278,Non-Alcohol,C:\PycharmProjects\Alcohol Detection\dataset\Grupo_0\E_0_1\Iritech\E_0_1_4\E_0_1_4_R_5\via_region_data.json
E_0_1_4_R_M_N_N_1982_60_2017.bmp308278,Non-Alcohol,C:\PycharmProjects\Alcohol Detection\dataset\Grupo_0\E_0_1\Iritech\E_0_1_4\E_0_1_4_R_5\via_region_data.json
E_0_1_4_R_M_N_N_1982_61_2017.bmp308278,Non-Alcohol,C:\PycharmProjects\Alcohol Detection\dataset\Grupo_0\E_0_1\Iritech\E_0_1_4\E_0_1_4_R_5\via_region_data.json
E_0_1_4_R_M_N_N_1982_62_2017.bmp308278,Non-Alcohol,C:\PycharmProjects\Alcohol Detection\dataset\Grupo_0\E_0_1\Iritech\E_0_1_4\E_0_1_4_R_5\via_region_data.json
E_0_1_4_R_M_N_N_1982_63_2017.bmp308278,Non-Alcohol,C:\PycharmProjects\Alcohol Detection\dataset\Grupo_0\E_0_1\Iritech\E_0_1_4\E_0_1_4_R_5\via_region_data.json
E_0_1_4_R_M_N_N_1982_64_2017.bmp308278,Non-Alcohol,C:\PycharmProjects\Alcohol Detection\dataset\Grupo_0\E_0_1\Iritech\E_0_1_4\E_0_1_4_R_5\via_region_data.json
E_0_1_4_R_M_N_N_1982_65_2017.bmp308278,Non-Alcohol,C:\PycharmProjects\Alcohol Detection\dataset\Grupo_0\E_0_1\Iritech\E_0_1_4\E_0_1_4_R_5\via_region_data.json
E_0_1_4_R_M_N_N_1982_66_2017.bmp308278,Non-Alcohol,C:\PycharmProjects\Alcohol Detection\dataset\Grupo_0\E_0_1\Iritech\E_0_1_4\E_0_1_4_R_5\via_region_data.json
E_0_1_4_R_M_N_N_1982_67_2017.bmp308278,Non-Alcohol,C:\PycharmProjects\Alcohol Detection\dataset\Grupo_0\E_0_1\Iritech\E_0_1_4\E_0_1_4_R_5\via_region_data.json
E_0_1_4_R_M_N_N_1982_68_2017.bmp308278,Non-Alcohol,C:\PycharmProjects\Alcohol Detection\dataset\Grupo_0\E_0_1\Iritech\E_0_1_4\E_0_1_4_R_5\via_region_data.json
E_0_1_4_R_M_N_N_1982_69_2017.bmp308278,Non-Alcohol,C:\PycharmProjects\Alcohol Detection\dataset\Grupo_0\E_0_1\Iritech\E_0_1_4\E_0_1_4_R_5\via_region_data.json
E_0_1_4_R_M_N_N_1982_70_2017.bmp308278,Non-Alcohol,C:\PycharmProjects\Alcohol Detection\dataset\Grupo_0\E_0_1\Iritech\E_0_1_4\E_0_1_4_R_5\via_region_data.json
E_0_1_4_R_M_N_N_1982_71_2017.bmp308278,Non-Alcohol,C:\PycharmProjects\Alcohol Detection\dataset\Grupo_0\E_0_1\Iritech\E_0_1_4\E_0_1_4_R_5\via_region_data.json
E_0_1_4_R_M_N_N_1982_72_2017.bmp308278,Non-Alcohol,C:\PycharmProjects\Alcohol Detection\dataset\Grupo_0\E_0_1\Iritech\E_0_1_4\E_0_1_4_R_5\via_region_data.json
E_0_1_4_R_M_N_N_1982_73_2017.bmp308278,Non-Alcohol,C:\PycharmProjects\Alcohol Detection\dataset\Grupo_0\E_0_1\Iritech\E_0_1_4\E_0_1_4_R_5\via_region_data.json
E_0_1_4_R_M_N_N_1982_74_2017.bmp308278,Non-Alcohol,C:\PycharmProjects\Alcohol Detection\dataset\Grupo_0\E_0_1\Iritech\E_0_1_4\E_0_1_4_R_5\via_region_data.json
E_0_1_4_R_M_N_N_1982_75_2017.bmp308278,Non-Alcohol,C:\PycharmProjects\Alcohol Detection\dataset\Grupo_0\E_0_1\Iritech\E_0_1_4\E_0_1_4_R_5\via_region_data.json
E_0_1_4_R_M_N_N_1982_76_2017.bmp308278,Non-Alcohol,C:\PycharmProjects\Alcohol Detection\dataset\Grupo_0\E_0_1\Iritech\E_0_1_4\E_0_1_4_R_5\via_region_data.json
E_0_1_4_R_M_N_N_1982_77_2017.bmp308278,Non-Alcohol,C:\PycharmProjects\Alcohol Detection\dataset\Grupo_0\E_0_1\Iritech\E_0_1_4\E_0_1_4_R_5\via_region_data.json
E_0_1_0_L_M_N_N_1982_0_2017.bmp308278,Non-Alcohol,C:\PycharmProjects\Alcohol Detection\dataset\Grupo_0\E_0_1\LG\E_0_1_0\E_0_1_0_R_10\via_region_data.json
E_0_1_0_L_M_N_N_1982_1_2017.bmp308278,Non-Alcohol,C:\PycharmProjects\Alcohol Detection\dataset\Grupo_0\E_0_1\LG\E_0_1_0\E_0_1_0_R_10\via_region_data.json
E_0_1_0_L_M_N_N_1982_2_2017.bmp308278,Non-Alcohol,C:\PycharmProjects\Alcohol Detection\dataset\Grupo_0\E_0_1\LG\E_0_1_0\E_0_1_0_R_10\via_region_data.json
E_0_1_0_L_M_N_N_1982_3_2017.bmp308278,Non-Alcohol,C:\PycharmProjects\Alcohol Detection\dataset\Grupo_0\E_0_1\LG\E_0_1_0\E_0_1_0_R_10\via_region_data.json
E_0_1_0_L_M_N_N_1982_4_2017.bmp308278,Non-Alcohol,C:\PycharmProjects\Alcohol Detection\dataset\Grupo_0\E_0_1\LG\E_0_1_0\E_0_1_0_R_10\via_region_data.json
E_0_1_0_L_M_N_N_1982_5_2017.bmp308278,Non-Alcohol,C:\PycharmProjects\Alcohol Detection\dataset\Grupo_0\E_0_1\LG\E_0_1_0\E_0_1_0_R_10\via_region_data.json
E_0_1_0_L_M_N_N_1982_6_2017.bmp308278,Non-Alcohol,C:\PycharmProjects\Alcohol Detection\dataset\Grupo_0\E_0_1\LG\E_0_1_0\E_0_1_0_R_10\via_region_data.json
E_0_1_0_L_M_N_N_1982_7_2017.bmp308278,Non-Alcohol,C:\PycharmProjects\Alcohol Detection\dataset\Grupo_0\E_0_1\LG\E_0_1_0\E_0_1_0_R_10\via_region_data.json
E_0_1_0_L_M_N_N_1982_8_2017.bmp308278,Non-Alcohol,C:\PycharmProjects\Alcohol Detection\dataset\Grupo_0\E_0_1\LG\E_0_1_0\E_0_1_0_R_10\via_region_data.json
E_0_1_0_L_M_N_N_1982_9_2017.bmp308278,Non-Alcohol,C:\PycharmProjects\Alcohol Detection\dataset\Grupo_0\E_0_1\LG\E_0_1_0\E_0_1_0_R_10\via_region_data.json
E_0_1_0_R_M_N_N_1982_0_2017.bmp308278,Non-Alcohol,C:\PycharmProjects\Alcohol Detection\dataset\Grupo_0\E_0_1\LG\E_0_1_0\E_0_1_0_R_10\via_region_data.json
E_0_1_0_R_M_N_N_1982_1_2017.bmp308278,Non-Alcohol,C:\PycharmProjects\Alcohol Detection\dataset\Grupo_0\E_0_1\LG\E_0_1_0\E_0_1_0_R_10\via_region_data.json
E_0_1_0_R_M_N_N_1982_2_2017.bmp308278,Non-Alcohol,C:\PycharmProjects\Alcohol Detection\dataset\Grupo_0\E_0_1\LG\E_0_1_0\E_0_1_0_R_10\via_region_data.json
E_0_1_0_R_M_N_N_1982_3_2017.bmp308278,Non-Alcohol,C:\PycharmProjects\Alcohol Detection\dataset\Grupo_0\E_0_1\LG\E_0_1_0\E_0_1_0_R_10\via_region_data.json
E_0_1_0_R_M_N_N_1982_4_2017.bmp308278,Non-Alcohol,C:\PycharmProjects\Alcohol Detection\dataset\Grupo_0\E_0_1\LG\E_0_1_0\E_0_1_0_R_10\via_region_data.json
E_0_1_0_R_M_N_N_1982_5_2017.bmp308278,Non-Alcohol,C:\PycharmProjects\Alcohol Detection\dataset\Grupo_0\E_0_1\LG\E_0_1_0\E_0_1_0_R_10\via_region_data.json
E_0_1_0_R_M_N_N_1982_6_2017.bmp308278,Non-Alcohol,C:\PycharmProjects\Alcohol Detection\dataset\Grupo_0\E_0_1\LG\E_0_1_0\E_0_1_0_R_10\via_region_data.json
E_0_1_0_R_M_N_N_1982_7_2017.bmp308278,Non-Alcohol,C:\PycharmProjects\Alcohol Detection\dataset\Grupo_0\E_0_1\LG\E_0_1_0\E_0_1_0_R_10\via_region_data.json
E_0_1_0_R_M_N_N_1982_8_2017.bmp308278,Non-Alcohol,C:\PycharmProjects\Alcohol Detection\dataset\Grupo_0\E_0_1\LG\E_0_1_0\E_0_1_0_R_10\via_region_data.json
E_0_1_0_R_M_N_N_1982_9_2017.bmp308278,Non-Alcohol,C:\PycharmProjects\Alcohol Detection\dataset\Grupo_0\E_0_1\LG\E_0_1_0\E_0_1_0_R_10\via_region_data.json
E_0_1_2_L_M_N_N_1982_0_2017.bmp308278,Non-Alcohol,C:\PycharmProjects\Alcohol Detection\dataset\Grupo_0\E_0_1\LG\E_0_1_2\E_0_1_2_R_10\via_region_data.json
E_0_1_2_L_M_N_N_1982_1_2017.bmp308278,Non-Alcohol,C:\PycharmProjects\Alcohol Detection\dataset\Grupo_0\E_0_1\LG\E_0_1_2\E_0_1_2_R_10\via_region_data.json
E_0_1_2_L_M_N_N_1982_2_2017.bmp308278,Non-Alcohol,C:\PycharmProjects\Alcohol Detection\dataset\Grupo_0\E_0_1\LG\E_0_1_2\E_0_1_2_R_10\via_region_data.json
E_0_1_2_L_M_N_N_1982_3_2017.bmp308278,Non-Alcohol,C:\PycharmProjects\Alcohol Detection\dataset\Grupo_0\E_0_1\LG\E_0_1_2\E_0_1_2_R_10\via_region_data.json
E_0_1_2_L_M_N_N_1982_4_2017.bmp308278,Non-Alcohol,C:\PycharmProjects\Alcohol Detection\dataset\Grupo_0\E_0_1\LG\E_0_1_2\E_0_1_2_R_10\via_region_data.json
E_0_1_2_L_M_N_N_1982_5_2017.bmp308278,Non-Alcohol,C:\PycharmProjects\Alcohol Detection\dataset\Grupo_0\E_0_1\LG\E_0_1_2\E_0_1_2_R_10\via_region_data.json
E_0_1_2_L_M_N_N_1982_6_2017.bmp308278,Non-Alcohol,C:\PycharmProjects\Alcohol Detection\dataset\Grupo_0\E_0_1\LG\E_0_1_2\E_0_1_2_R_10\via_region_data.json
E_0_1_2_L_M_N_N_1982_7_2017.bmp308278,Non-Alcohol,C:\PycharmProjects\Alcohol Detection\dataset\Grupo_0\E_0_1\LG\E_0_1_2\E_0_1_2_R_10\via_region_data.json
E_0_1_2_L_M_N_N_1982_8_2017.bmp308278,Non-Alcohol,C:\PycharmProjects\Alcohol Detection\dataset\Grupo_0\E_0_1\LG\E_0_1_2\E_0_1_2_R_10\via_region_data.json
E_0_1_2_L_M_N_N_1982_9_2017.bmp308278,Non-Alcohol,C:\PycharmProjects\Alcohol Detection\dataset\Grupo_0\E_0_1\LG\E_0_1_2\E_0_1_2_R_10\via_region_data.json
E_0_1_2_R_M_N_N_1982_0_2017.bmp308278,Non-Alcohol,C:\PycharmProjects\Alcohol Detection\dataset\Grupo_0\E_0_1\LG\E_0_1_2\E_0_1_2_R_10\via_region_data.json
E_0_1_2_R_M_N_N_1982_1_2017.bmp308278,Non-Alcohol,C:\PycharmProjects\Alcohol Detection\dataset\Grupo_0\E_0_1\LG\E_0_1_2\E_0_1_2_R_10\via_region_data.json
E_0_1_2_R_M_N_N_1982_2_2017.bmp308278,Non-Alcohol,C:\PycharmProjects\Alcohol Detection\dataset\Grupo_0\E_0_1\LG\E_0_1_2\E_0_1_2_R_10\via_region_data.json
E_0_1_2_R_M_N_N_1982_3_2017.bmp308278,Non-Alcohol,C:\PycharmProjects\Alcohol Detection\dataset\Grupo_0\E_0_1\LG\E_0_1_2\E_0_1_2_R_10\via_region_data.json
E_0_1_2_R_M_N_N_1982_4_2017.bmp308278,Non-Alcohol,C:\PycharmProjects\Alcohol Detection\dataset\Grupo_0\E_0_1\LG\E_0_1_2\E_0_1_2_R_10\via_region_data.json
E_0_1_2_R_M_N_N_1982_5_2017.bmp308278,Non-Alcohol,C:\PycharmProjects\Alcohol Detection\dataset\Grupo_0\E_0_1\LG\E_0_1_2\E_0_1_2_R_10\via_region_data.json
E_0_1_2_R_M_N_N_1982_6_2017.bmp308278,Non-Alcohol,C:\PycharmProjects\Alcohol Detection\dataset\Grupo_0\E_0_1\LG\E_0_1_2\E_0_1_2_R_10\via_region_data.json
E_0_1_2_R_M_N_N_1982_7_2017.bmp308278,Non-Alcohol,C:\PycharmProjects\Alcohol Detection\dataset\Grupo_0\E_0_1\LG\E_0_1_2\E_0_1_2_R_10\via_region_data.json
E_0_1_2_R_M_N_N_1982_8_2017.bmp308278,Non-Alcohol,C:\PycharmProjects\Alcohol Detection\dataset\Grupo_0\E_0_1\LG\E_0_1_2\E_0_1_2_R_10\via_region_data.json
E_0_1_2_R_M_N_N_1982_9_2017.bmp308278,Non-Alcohol,C:\PycharmProjects\Alcohol Detection\dataset\Grupo_0\E_0_1\LG\E_0_1_2\E_0_1_2_R_10\via_region_data.json
E_0_1_3_L_M_N_N_1982_0_2017.bmp308278,Non-Alcohol,C:\PycharmProjects\Alcohol Detection\dataset\Grupo_0\E_0_1\LG\E_0_1_3\E_0_1_3_R_10\via_region_data.json
E_0_1_3_L_M_N_N_1982_1_2017.bmp308278,Non-Alcohol,C:\PycharmProjects\Alcohol Detection\dataset\Grupo_0\E_0_1\LG\E_0_1_3\E_0_1_3_R_10\via_region_data.json
E_0_1_3_L_M_N_N_1982_2_2017.bmp308278,Non-Alcohol,C:\PycharmProjects\Alcohol Detection\dataset\Grupo_0\E_0_1\LG\E_0_1_3\E_0_1_3_R_10\via_region_data.json
E_0_1_3_L_M_N_N_1982_3_2017.bmp308278,Non-Alcohol,C:\PycharmProjects\Alcohol Detection\dataset\Grupo_0\E_0_1\LG\E_0_1_3\E_0_1_3_R_10\via_region_data.json
E_0_1_3_L_M_N_N_1982_4_2017.bmp308278,Non-Alcohol,C:\PycharmProjects\Alcohol Detection\dataset\Grupo_0\E_0_1\LG\E_0_1_3\E_0_1_3_R_10\via_region_data.json
E_0_1_3_L_M_N_N_1982_5_2017.bmp308278,Non-Alcohol,C:\PycharmProjects\Alcohol Detection\dataset\Grupo_0\E_0_1\LG\E_0_1_3\E_0_1_3_R_10\via_region_data.json
E_0_1_3_L_M_N_N_1982_6_2017.bmp308278,Non-Alcohol,C:\PycharmProjects\Alcohol Detection\dataset\Grupo_0\E_0_1\LG\E_0_1_3\E_0_1_3_R_10\via_region_data.json
E_0_1_3_L_M_N_N_1982_7_2017.bmp308278,Non-Alcohol,C:\PycharmProjects\Alcohol Detection\dataset\Grupo_0\E_0_1\LG\E_0_1_3\E_0_1_3_R_10\via_region_data.json
E_0_1_3_L_M_N_N_1982_8_2017.bmp308278,Non-Alcohol,C:\PycharmProjects\Alcohol Detection\dataset\Grupo_0\E_0_1\LG\E_0_1_3\E_0_1_3_R_10\via_region_data.json
E_0_1_3_L_M_N_N_1982_9_2017.bmp308278,Non-Alcohol,C:\PycharmProjects\Alcohol Detection\dataset\Grupo_0\E_0_1\LG\E_0_1_3\E_0_1_3_R_10\via_region_data.json
E_0_1_3_R_M_N_N_1982_0_2017.bmp308278,Non-Alcohol,C:\PycharmProjects\Alcohol Detection\dataset\Grupo_0\E_0_1\LG\E_0_1_3\E_0_1_3_R_10\via_region_data.json
E_0_1_3_R_M_N_N_1982_1_2017.bmp308278,Non-Alcohol,C:\PycharmProjects\Alcohol Detection\dataset\Grupo_0\E_0_1\LG\E_0_1_3\E_0_1_3_R_10\via_region_data.json
E_0_1_3_R_M_N_N_1982_2_2017.bmp308278,Non-Alcohol,C:\PycharmProjects\Alcohol Detection\dataset\Grupo_0\E_0_1\LG\E_0_1_3\E_0_1_3_R_10\via_region_data.json
E_0_1_3_R_M_N_N_1982_3_2017.bmp308278,Non-Alcohol,C:\PycharmProjects\Alcohol Detection\dataset\Grupo_0\E_0_1\LG\E_0_1_3\E_0_1_3_R_10\via_region_data.json
E_0_1_3_R_M_N_N_1982_4_2017.bmp308278,Non-Alcohol,C:\PycharmProjects\Alcohol Detection\dataset\Grupo_0\E_0_1\LG\E_0_1_3\E_0_1_3_R_10\via_region_data.json
E_0_1_3_R_M_N_N_1982_5_2017.bmp308278,Non-Alcohol,C:\PycharmProjects\Alcohol Detection\dataset\Grupo_0\E_0_1\LG\E_0_1_3\E_0_1_3_R_10\via_region_data.json
E_0_1_3_R_M_N_N_1982_6_2017.bmp308278,Non-Alcohol,C:\PycharmProjects\Alcohol Detection\dataset\Grupo_0\E_0_1\LG\E_0_1_3\E_0_1_3_R_10\via_region_data.json
E_0_1_3_R_M_N_N_1982_7_2017.bmp308278,Non-Alcohol,C:\PycharmProjects\Alcohol Detection\dataset\Grupo_0\E_0_1\LG\E_0_1_3\E_0_1_3_R_10\via_region_data.json
E_0_1_3_R_M_N_N_1982_8_2017.bmp308278,Non-Alcohol,C:\PycharmProjects\Alcohol Detection\dataset\Grupo_0\E_0_1\LG\E_0_1_3\E_0_1_3_R_10\via_region_data.json
E_0_1_3_R_M_N_N_1982_9_2017.bmp308278,Non-Alcohol,C:\PycharmProjects\Alcohol Detection\dataset\Grupo_0\E_0_1\LG\E_0_1_3\E_0_1_3_R_10\via_region_data.json
E_0_1_4_L_M_N_N_1982_0_2017.bmp308278,Non-Alcohol,C:\PycharmProjects\Alcohol Detection\dataset\Grupo_0\E_0_1\LG\E_0_1_4\E_0_1_4_R_10\via_region_data.json
E_0_1_4_L_M_N_N_1982_1_2017.bmp308278,Non-Alcohol,C:\PycharmProjects\Alcohol Detection\dataset\Grupo_0\E_0_1\LG\E_0_1_4\E_0_1_4_R_10\via_region_data.json
E_0_1_4_L_M_N_N_1982_2_2017.bmp308278,Non-Alcohol,C:\PycharmProjects\Alcohol Detection\dataset\Grupo_0\E_0_1\LG\E_0_1_4\E_0_1_4_R_10\via_region_data.json
E_0_1_4_L_M_N_N_1982_3_2017.bmp308278,Non-Alcohol,C:\PycharmProjects\Alcohol Detection\dataset\Grupo_0\E_0_1\LG\E_0_1_4\E_0_1_4_R_10\via_region_data.json
E_0_1_4_L_M_N_N_1982_4_2017.bmp308278,Non-Alcohol,C:\PycharmProjects\Alcohol Detection\dataset\Grupo_0\E_0_1\LG\E_0_1_4\E_0_1_4_R_10\via_region_data.json
E_0_1_4_L_M_N_N_1982_5_2017.bmp308278,Non-Alcohol,C:\PycharmProjects\Alcohol Detection\dataset\Grupo_0\E_0_1\LG\E_0_1_4\E_0_1_4_R_10\via_region_data.json
E_0_1_4_L_M_N_N_1982_6_2017.bmp308278,Non-Alcohol,C:\PycharmProjects\Alcohol Detection\dataset\Grupo_0\E_0_1\LG\E_0_1_4\E_0_1_4_R_10\via_region_data.json
E_0_1_4_L_M_N_N_1982_7_2017.bmp308278,Non-Alcohol,C:\PycharmProjects\Alcohol Detection\dataset\Grupo_0\E_0_1\LG\E_0_1_4\E_0_1_4_R_10\via_region_data.json
E_0_1_4_L_M_N_N_1982_8_2017.bmp308278,Non-Alcohol,C:\PycharmProjects\Alcohol Detection\dataset\Grupo_0\E_0_1\LG\E_0_1_4\E_0_1_4_R_10\via_region_data.json
E_0_1_4_L_M_N_N_1982_9_2017.bmp308278,Non-Alcohol,C:\PycharmProjects\Alcohol Detection\dataset\Grupo_0\E_0_1\LG\E_0_1_4\E_0_1_4_R_10\via_region_data.json
E_0_1_4_R_M_N_N_1982_0_2017.bmp308278,Non-Alcohol,C:\PycharmProjects\Alcohol Detection\dataset\Grupo_0\E_0_1\LG\E_0_1_4\E_0_1_4_R_10\via_region_data.json
E_0_1_4_R_M_N_N_1982_1_2017.bmp308278,Non-Alcohol,C:\PycharmProjects\Alcohol Detection\dataset\Grupo_0\E_0_1\LG\E_0_1_4\E_0_1_4_R_10\via_region_data.json
E_0_1_4_R_M_N_N_1982_2_2017.bmp308278,Non-Alcohol,C:\PycharmProjects\Alcohol Detection\dataset\Grupo_0\E_0_1\LG\E_0_1_4\E_0_1_4_R_10\via_region_data.json
E_0_1_4_R_M_N_N_1982_3_2017.bmp308278,Non-Alcohol,C:\PycharmProjects\Alcohol Detection\dataset\Grupo_0\E_0_1\LG\E_0_1_4\E_0_1_4_R_10\via_region_data.json
E_0_1_4_R_M_N_N_1982_4_2017.bmp308278,Non-Alcohol,C:\PycharmProjects\Alcohol Detection\dataset\Grupo_0\E_0_1\LG\E_0_1_4\E_0_1_4_R_10\via_region_data.json
E_0_1_4_R_M_N_N_1982_5_2017.bmp308278,Non-Alcohol,C:\PycharmProjects\Alcohol Detection\dataset\Grupo_0\E_0_1\LG\E_0_1_4\E_0_1_4_R_10\via_region_data.json
E_0_1_4_R_M_N_N_1982_6_2017.bmp308278,Non-Alcohol,C:\PycharmProjects\Alcohol Detection\dataset\Grupo_0\E_0_1\LG\E_0_1_4\E_0_1_4_R_10\via_region_data.json
E_0_1_4_R_M_N_N_1982_7_2017.bmp308278,Non-Alcohol,C:\PycharmProjects\Alcohol Detection\dataset\Grupo_0\E_0_1\LG\E_0_1_4\E_0_1_4_R_10\via_region_data.json
E_0_1_4_R_M_N_N_1982_8_2017.bmp308278,Non-Alcohol,C:\PycharmProjects\Alcohol Detection\dataset\Grupo_0\E_0_1\LG\E_0_1_4\E_0_1_4_R_10\via_region_data.json
E_0_1_4_R_M_N_N_1982_9_2017.bmp308278,Non-Alcohol,C:\PycharmProjects\Alcohol Detection\dataset\Grupo_0\E_0_1\LG\E_0_1_4\E_0_1_4_R_10\via_region_data.json
E_0_2_0_L_M_N_N_1976_0_2017.bmp308278,Non-Alcohol,C:\PycharmProjects\Alcohol Detection\dataset\Grupo_0\E_0_2\Iritech\E_0_2_0\via_region_data.json
E_0_2_0_R_M_N_N_1976_0_2017.bmp308278,Non-Alcohol,C:\PycharmProjects\Alcohol Detection\dataset\Grupo_0\E_0_2\Iritech\E_0_2_0\via_region_data.json
E_0_2_0_L_M_N_N_1976_0_2017.bmp308278,Non-Alcohol,C:\PycharmProjects\Alcohol Detection\dataset\Grupo_0\E_0_2\Iritech\E_0_2_0\E_0_2_0_L_5\via_region_data.json
E_0_2_0_L_M_N_N_1976_1_2017.bmp308278,Non-Alcohol,C:\PycharmProjects\Alcohol Detection\dataset\Grupo_0\E_0_2\Iritech\E_0_2_0\E_0_2_0_L_5\via_region_data.json
E_0_2_0_L_M_N_N_1976_2_2017.bmp308278,Non-Alcohol,C:\PycharmProjects\Alcohol Detection\dataset\Grupo_0\E_0_2\Iritech\E_0_2_0\E_0_2_0_L_5\via_region_data.json
E_0_2_0_L_M_N_N_1976_3_2017.bmp308278,Non-Alcohol,C:\PycharmProjects\Alcohol Detection\dataset\Grupo_0\E_0_2\Iritech\E_0_2_0\E_0_2_0_L_5\via_region_data.json
E_0_2_0_L_M_N_N_1976_4_2017.bmp308278,Non-Alcohol,C:\PycharmProjects\Alcohol Detection\dataset\Grupo_0\E_0_2\Iritech\E_0_2_0\E_0_2_0_L_5\via_region_data.json
E_0_2_0_L_M_N_N_1976_5_2017.bmp308278,Non-Alcohol,C:\PycharmProjects\Alcohol Detection\dataset\Grupo_0\E_0_2\Iritech\E_0_2_0\E_0_2_0_L_5\via_region_data.json
E_0_2_0_L_M_N_N_1976_6_2017.bmp308278,Non-Alcohol,C:\PycharmProjects\Alcohol Detection\dataset\Grupo_0\E_0_2\Iritech\E_0_2_0\E_0_2_0_L_5\via_region_data.json
E_0_2_0_L_M_N_N_1976_7_2017.bmp308278,Non-Alcohol,C:\PycharmProjects\Alcohol Detection\dataset\Grupo_0\E_0_2\Iritech\E_0_2_0\E_0_2_0_L_5\via_region_data.json
E_0_2_0_L_M_N_N_1976_8_2017.bmp308278,Non-Alcohol,C:\PycharmProjects\Alcohol Detection\dataset\Grupo_0\E_0_2\Iritech\E_0_2_0\E_0_2_0_L_5\via_region_data.json
E_0_2_0_L_M_N_N_1976_9_2017.bmp308278,Non-Alcohol,C:\PycharmProjects\Alcohol Detection\dataset\Grupo_0\E_0_2\Iritech\E_0_2_0\E_0_2_0_L_5\via_region_data.json
E_0_2_0_L_M_N_N_1976_10_2017.bmp308278,Non-Alcohol,C:\PycharmProjects\Alcohol Detection\dataset\Grupo_0\E_0_2\Iritech\E_0_2_0\E_0_2_0_L_5\via_region_data.json
E_0_2_0_L_M_N_N_1976_11_2017.bmp308278,Non-Alcohol,C:\PycharmProjects\Alcohol Detection\dataset\Grupo_0\E_0_2\Iritech\E_0_2_0\E_0_2_0_L_5\via_region_data.json
E_0_2_0_L_M_N_N_1976_12_2017.bmp308278,Non-Alcohol,C:\PycharmProjects\Alcohol Detection\dataset\Grupo_0\E_0_2\Iritech\E_0_2_0\E_0_2_0_L_5\via_region_data.json
E_0_2_0_L_M_N_N_1976_13_2017.bmp308278,Non-Alcohol,C:\PycharmProjects\Alcohol Detection\dataset\Grupo_0\E_0_2\Iritech\E_0_2_0\E_0_2_0_L_5\via_region_data.json
E_0_2_0_L_M_N_N_1976_14_2017.bmp308278,Non-Alcohol,C:\PycharmProjects\Alcohol Detection\dataset\Grupo_0\E_0_2\Iritech\E_0_2_0\E_0_2_0_L_5\via_region_data.json
E_0_2_0_L_M_N_N_1976_15_2017.bmp308278,Non-Alcohol,C:\PycharmProjects\Alcohol Detection\dataset\Grupo_0\E_0_2\Iritech\E_0_2_0\E_0_2_0_L_5\via_region_data.json
E_0_2_0_L_M_N_N_1976_16_2017.bmp308278,Non-Alcohol,C:\PycharmProjects\Alcohol Detection\dataset\Grupo_0\E_0_2\Iritech\E_0_2_0\E_0_2_0_L_5\via_region_data.json
E_0_2_0_L_M_N_N_1976_17_2017.bmp308278,Non-Alcohol,C:\PycharmProjects\Alcohol Detection\dataset\Grupo_0\E_0_2\Iritech\E_0_2_0\E_0_2_0_L_5\via_region_data.json
E_0_2_0_L_M_N_N_1976_18_2017.bmp308278,Non-Alcohol,C:\PycharmProjects\Alcohol Detection\dataset\Grupo_0\E_0_2\Iritech\E_0_2_0\E_0_2_0_L_5\via_region_data.json
E_0_2_0_L_M_N_N_1976_19_2017.bmp308278,Non-Alcohol,C:\PycharmProjects\Alcohol Detection\dataset\Grupo_0\E_0_2\Iritech\E_0_2_0\E_0_2_0_L_5\via_region_data.json
E_0_2_0_L_M_N_N_1976_20_2017.bmp308278,Non-Alcohol,C:\PycharmProjects\Alcohol Detection\dataset\Grupo_0\E_0_2\Iritech\E_0_2_0\E_0_2_0_L_5\via_region_data.json
E_0_2_0_L_M_N_N_1976_21_2017.bmp308278,Non-Alcohol,C:\PycharmProjects\Alcohol Detection\dataset\Grupo_0\E_0_2\Iritech\E_0_2_0\E_0_2_0_L_5\via_region_data.json
E_0_2_0_L_M_N_N_1976_22_2017.bmp308278,Non-Alcohol,C:\PycharmProjects\Alcohol Detection\dataset\Grupo_0\E_0_2\Iritech\E_0_2_0\E_0_2_0_L_5\via_region_data.json
E_0_2_0_L_M_N_N_1976_23_2017.bmp308278,Non-Alcohol,C:\PycharmProjects\Alcohol Detection\dataset\Grupo_0\E_0_2\Iritech\E_0_2_0\E_0_2_0_L_5\via_region_data.json
E_0_2_0_L_M_N_N_1976_24_2017.bmp308278,Non-Alcohol,C:\PycharmProjects\Alcohol Detection\dataset\Grupo_0\E_0_2\Iritech\E_0_2_0\E_0_2_0_L_5\via_region_data.json
E_0_2_0_L_M_N_N_1976_25_2017.bmp308278,Non-Alcohol,C:\PycharmProjects\Alcohol Detection\dataset\Grupo_0\E_0_2\Iritech\E_0_2_0\E_0_2_0_L_5\via_region_data.json
E_0_2_0_L_M_N_N_1976_26_2017.bmp308278,Non-Alcohol,C:\PycharmProjects\Alcohol Detection\dataset\Grupo_0\E_0_2\Iritech\E_0_2_0\E_0_2_0_L_5\via_region_data.json
E_0_2_0_L_M_N_N_1976_27_2017.bmp308278,Non-Alcohol,C:\PycharmProjects\Alcohol Detection\dataset\Grupo_0\E_0_2\Iritech\E_0_2_0\E_0_2_0_L_5\via_region_data.json
E_0_2_0_L_M_N_N_1976_28_2017.bmp308278,Non-Alcohol,C:\PycharmProjects\Alcohol Detection\dataset\Grupo_0\E_0_2\Iritech\E_0_2_0\E_0_2_0_L_5\via_region_data.json
E_0_2_0_L_M_N_N_1976_29_2017.bmp308278,Non-Alcohol,C:\PycharmProjects\Alcohol Detection\dataset\Grupo_0\E_0_2\Iritech\E_0_2_0\E_0_2_0_L_5\via_region_data.json
E_0_2_0_L_M_N_N_1976_30_2017.bmp308278,Non-Alcohol,C:\PycharmProjects\Alcohol Detection\dataset\Grupo_0\E_0_2\Iritech\E_0_2_0\E_0_2_0_L_5\via_region_data.json
E_0_2_0_L_M_N_N_1976_31_2017.bmp308278,Non-Alcohol,C:\PycharmProjects\Alcohol Detection\dataset\Grupo_0\E_0_2\Iritech\E_0_2_0\E_0_2_0_L_5\via_region_data.json
E_0_2_0_L_M_N_N_1976_32_2017.bmp308278,Non-Alcohol,C:\PycharmProjects\Alcohol Detection\dataset\Grupo_0\E_0_2\Iritech\E_0_2_0\E_0_2_0_L_5\via_region_data.json
E_0_2_0_L_M_N_N_1976_33_2017.bmp308278,Non-Alcohol,C:\PycharmProjects\Alcohol Detection\dataset\Grupo_0\E_0_2\Iritech\E_0_2_0\E_0_2_0_L_5\via_region_data.json
E_0_2_0_L_M_N_N_1976_34_2017.bmp308278,Non-Alcohol,C:\PycharmProjects\Alcohol Detection\dataset\Grupo_0\E_0_2\Iritech\E_0_2_0\E_0_2_0_L_5\via_region_data.json
E_0_2_0_L_M_N_N_1976_35_2017.bmp308278,Non-Alcohol,C:\PycharmProjects\Alcohol Detection\dataset\Grupo_0\E_0_2\Iritech\E_0_2_0\E_0_2_0_L_5\via_region_data.json
E_0_2_0_L_M_N_N_1976_36_2017.bmp308278,Non-Alcohol,C:\PycharmProjects\Alcohol Detection\dataset\Grupo_0\E_0_2\Iritech\E_0_2_0\E_0_2_0_L_5\via_region_data.json
E_0_2_0_L_M_N_N_1976_37_2017.bmp308278,Non-Alcohol,C:\PycharmProjects\Alcohol Detection\dataset\Grupo_0\E_0_2\Iritech\E_0_2_0\E_0_2_0_L_5\via_region_data.json
E_0_2_0_L_M_N_N_1976_38_2017.bmp308278,Non-Alcohol,C:\PycharmProjects\Alcohol Detection\dataset\Grupo_0\E_0_2\Iritech\E_0_2_0\E_0_2_0_L_5\via_region_data.json
E_0_2_0_L_M_N_N_1976_39_2017.bmp308278,Non-Alcohol,C:\PycharmProjects\Alcohol Detection\dataset\Grupo_0\E_0_2\Iritech\E_0_2_0\E_0_2_0_L_5\via_region_data.json
E_0_2_0_L_M_N_N_1976_40_2017.bmp308278,Non-Alcohol,C:\PycharmProjects\Alcohol Detection\dataset\Grupo_0\E_0_2\Iritech\E_0_2_0\E_0_2_0_L_5\via_region_data.json
E_0_2_0_L_M_N_N_1976_41_2017.bmp308278,Non-Alcohol,C:\PycharmProjects\Alcohol Detection\dataset\Grupo_0\E_0_2\Iritech\E_0_2_0\E_0_2_0_L_5\via_region_data.json
E_0_2_0_L_M_N_N_1976_42_2017.bmp308278,Non-Alcohol,C:\PycharmProjects\Alcohol Detection\dataset\Grupo_0\E_0_2\Iritech\E_0_2_0\E_0_2_0_L_5\via_region_data.json
E_0_2_0_L_M_N_N_1976_43_2017.bmp308278,Non-Alcohol,C:\PycharmProjects\Alcohol Detection\dataset\Grupo_0\E_0_2\Iritech\E_0_2_0\E_0_2_0_L_5\via_region_data.json
E_0_2_0_L_M_N_N_1976_44_2017.bmp308278,Non-Alcohol,C:\PycharmProjects\Alcohol Detection\dataset\Grupo_0\E_0_2\Iritech\E_0_2_0\E_0_2_0_L_5\via_region_data.json
E_0_2_0_L_M_N_N_1976_45_2017.bmp308278,Non-Alcohol,C:\PycharmProjects\Alcohol Detection\dataset\Grupo_0\E_0_2\Iritech\E_0_2_0\E_0_2_0_L_5\via_region_data.json
E_0_2_0_L_M_N_N_1976_46_2017.bmp308278,Non-Alcohol,C:\PycharmProjects\Alcohol Detection\dataset\Grupo_0\E_0_2\Iritech\E_0_2_0\E_0_2_0_L_5\via_region_data.json
E_0_2_0_L_M_N_N_1976_47_2017.bmp308278,Non-Alcohol,C:\PycharmProjects\Alcohol Detection\dataset\Grupo_0\E_0_2\Iritech\E_0_2_0\E_0_2_0_L_5\via_region_data.json
E_0_2_0_L_M_N_N_1976_48_2017.bmp308278,Non-Alcohol,C:\PycharmProjects\Alcohol Detection\dataset\Grupo_0\E_0_2\Iritech\E_0_2_0\E_0_2_0_L_5\via_region_data.json
E_0_2_0_L_M_N_N_1976_49_2017.bmp308278,Non-Alcohol,C:\PycharmProjects\Alcohol Detection\dataset\Grupo_0\E_0_2\Iritech\E_0_2_0\E_0_2_0_L_5\via_region_data.json
E_0_2_0_L_M_N_N_1976_50_2017.bmp308278,Non-Alcohol,C:\PycharmProjects\Alcohol Detection\dataset\Grupo_0\E_0_2\Iritech\E_0_2_0\E_0_2_0_L_5\via_region_data.json
E_0_2_0_L_M_N_N_1976_51_2017.bmp308278,Non-Alcohol,C:\PycharmProjects\Alcohol Detection\dataset\Grupo_0\E_0_2\Iritech\E_0_2_0\E_0_2_0_L_5\via_region_data.json
E_0_2_0_L_M_N_N_1976_52_2017.bmp308278,Non-Alcohol,C:\PycharmProjects\Alcohol Detection\dataset\Grupo_0\E_0_2\Iritech\E_0_2_0\E_0_2_0_L_5\via_region_data.json
E_0_2_0_L_M_N_N_1976_53_2017.bmp308278,Non-Alcohol,C:\PycharmProjects\Alcohol Detection\dataset\Grupo_0\E_0_2\Iritech\E_0_2_0\E_0_2_0_L_5\via_region_data.json
E_0_2_0_L_M_N_N_1976_54_2017.bmp308278,Non-Alcohol,C:\PycharmProjects\Alcohol Detection\dataset\Grupo_0\E_0_2\Iritech\E_0_2_0\E_0_2_0_L_5\via_region_data.json
E_0_2_0_L_M_N_N_1976_55_2017.bmp308278,Non-Alcohol,C:\PycharmProjects\Alcohol Detection\dataset\Grupo_0\E_0_2\Iritech\E_0_2_0\E_0_2_0_L_5\via_region_data.json
E_0_2_0_L_M_N_N_1976_56_2017.bmp308278,Non-Alcohol,C:\PycharmProjects\Alcohol Detection\dataset\Grupo_0\E_0_2\Iritech\E_0_2_0\E_0_2_0_L_5\via_region_data.json
E_0_2_0_L_M_N_N_1976_57_2017.bmp308278,Non-Alcohol,C:\PycharmProjects\Alcohol Detection\dataset\Grupo_0\E_0_2\Iritech\E_0_2_0\E_0_2_0_L_5\via_region_data.json
E_0_2_0_L_M_N_N_1976_58_2017.bmp308278,Non-Alcohol,C:\PycharmProjects\Alcohol Detection\dataset\Grupo_0\E_0_2\Iritech\E_0_2_0\E_0_2_0_L_5\via_region_data.json
E_0_2_0_L_M_N_N_1976_59_2017.bmp308278,Non-Alcohol,C:\PycharmProjects\Alcohol Detection\dataset\Grupo_0\E_0_2\Iritech\E_0_2_0\E_0_2_0_L_5\via_region_data.json
E_0_2_0_L_M_N_N_1976_60_2017.bmp308278,Non-Alcohol,C:\PycharmProjects\Alcohol Detection\dataset\Grupo_0\E_0_2\Iritech\E_0_2_0\E_0_2_0_L_5\via_region_data.json
E_0_2_0_L_M_N_N_1976_61_2017.bmp308278,Non-Alcohol,C:\PycharmProjects\Alcohol Detection\dataset\Grupo_0\E_0_2\Iritech\E_0_2_0\E_0_2_0_L_5\via_region_data.json
E_0_2_0_L_M_N_N_1976_62_2017.bmp308278,Non-Alcohol,C:\PycharmProjects\Alcohol Detection\dataset\Grupo_0\E_0_2\Iritech\E_0_2_0\E_0_2_0_L_5\via_region_data.json
E_0_2_0_L_M_N_N_1976_63_2017.bmp308278,Non-Alcohol,C:\PycharmProjects\Alcohol Detection\dataset\Grupo_0\E_0_2\Iritech\E_0_2_0\E_0_2_0_L_5\via_region_data.json
E_0_2_0_L_M_N_N_1976_64_2017.bmp308278,Non-Alcohol,C:\PycharmProjects\Alcohol Detection\dataset\Grupo_0\E_0_2\Iritech\E_0_2_0\E_0_2_0_L_5\via_region_data.json
E_0_2_0_L_M_N_N_1976_65_2017.bmp308278,Non-Alcohol,C:\PycharmProjects\Alcohol Detection\dataset\Grupo_0\E_0_2\Iritech\E_0_2_0\E_0_2_0_L_5\via_region_data.json
E_0_2_0_L_M_N_N_1976_66_2017.bmp308278,Non-Alcohol,C:\PycharmProjects\Alcohol Detection\dataset\Grupo_0\E_0_2\Iritech\E_0_2_0\E_0_2_0_L_5\via_region_data.json
E_0_2_0_L_M_N_N_1976_67_2017.bmp308278,Non-Alcohol,C:\PycharmProjects\Alcohol Detection\dataset\Grupo_0\E_0_2\Iritech\E_0_2_0\E_0_2_0_L_5\via_region_data.json
E_0_2_0_L_M_N_N_1976_68_2017.bmp308278,Non-Alcohol,C:\PycharmProjects\Alcohol Detection\dataset\Grupo_0\E_0_2\Iritech\E_0_2_0\E_0_2_0_L_5\via_region_data.json
E_0_2_0_L_M_N_N_1976_69_2017.bmp308278,Non-Alcohol,C:\PycharmProjects\Alcohol Detection\dataset\Grupo_0\E_0_2\Iritech\E_0_2_0\E_0_2_0_L_5\via_region_data.json
E_0_2_0_L_M_N_N_1976_70_2017.bmp308278,Non-Alcohol,C:\PycharmProjects\Alcohol Detection\dataset\Grupo_0\E_0_2\Iritech\E_0_2_0\E_0_2_0_L_5\via_region_data.json
E_0_2_0_L_M_N_N_1976_71_2017.bmp308278,Non-Alcohol,C:\PycharmProjects\Alcohol Detection\dataset\Grupo_0\E_0_2\Iritech\E_0_2_0\E_0_2_0_L_5\via_region_data.json
E_0_2_0_L_M_N_N_1976_72_2017.bmp308278,Non-Alcohol,C:\PycharmProjects\Alcohol Detection\dataset\Grupo_0\E_0_2\Iritech\E_0_2_0\E_0_2_0_L_5\via_region_data.json
E_0_2_0_L_M_N_N_1976_73_2017.bmp308278,Non-Alcohol,C:\PycharmProjects\Alcohol Detection\dataset\Grupo_0\E_0_2\Iritech\E_0_2_0\E_0_2_0_L_5\via_region_data.json
E_0_2_0_L_M_N_N_1976_74_2017.bmp308278,Non-Alcohol,C:\PycharmProjects\Alcohol Detection\dataset\Grupo_0\E_0_2\Iritech\E_0_2_0\E_0_2_0_L_5\via_region_data.json
E_0_2_0_L_M_N_N_1976_75_2017.bmp308278,Non-Alcohol,C:\PycharmProjects\Alcohol Detection\dataset\Grupo_0\E_0_2\Iritech\E_0_2_0\E_0_2_0_L_5\via_region_data.json
E_0_2_0_L_M_N_N_1976_76_2017.bmp308278,Non-Alcohol,C:\PycharmProjects\Alcohol Detection\dataset\Grupo_0\E_0_2\Iritech\E_0_2_0\E_0_2_0_L_5\via_region_data.json
E_0_2_0_R_M_N_N_1976_0_2017.bmp308278,Non-Alcohol,C:\PycharmProjects\Alcohol Detection\dataset\Grupo_0\E_0_2\Iritech\E_0_2_0\E_0_2_0_R_5\via_region_data.json
E_0_2_0_R_M_N_N_1976_1_2017.bmp308278,Non-Alcohol,C:\PycharmProjects\Alcohol Detection\dataset\Grupo_0\E_0_2\Iritech\E_0_2_0\E_0_2_0_R_5\via_region_data.json
E_0_2_0_R_M_N_N_1976_2_2017.bmp308278,Non-Alcohol,C:\PycharmProjects\Alcohol Detection\dataset\Grupo_0\E_0_2\Iritech\E_0_2_0\E_0_2_0_R_5\via_region_data.json
E_0_2_0_R_M_N_N_1976_3_2017.bmp308278,Non-Alcohol,C:\PycharmProjects\Alcohol Detection\dataset\Grupo_0\E_0_2\Iritech\E_0_2_0\E_0_2_0_R_5\via_region_data.json
E_0_2_0_R_M_N_N_1976_4_2017.bmp308278,Non-Alcohol,C:\PycharmProjects\Alcohol Detection\dataset\Grupo_0\E_0_2\Iritech\E_0_2_0\E_0_2_0_R_5\via_region_data.json
E_0_2_0_R_M_N_N_1976_5_2017.bmp308278,Non-Alcohol,C:\PycharmProjects\Alcohol Detection\dataset\Grupo_0\E_0_2\Iritech\E_0_2_0\E_0_2_0_R_5\via_region_data.json
E_0_2_0_R_M_N_N_1976_6_2017.bmp308278,Non-Alcohol,C:\PycharmProjects\Alcohol Detection\dataset\Grupo_0\E_0_2\Iritech\E_0_2_0\E_0_2_0_R_5\via_region_data.json
E_0_2_0_R_M_N_N_1976_7_2017.bmp308278,Non-Alcohol,C:\PycharmProjects\Alcohol Detection\dataset\Grupo_0\E_0_2\Iritech\E_0_2_0\E_0_2_0_R_5\via_region_data.json
E_0_2_0_R_M_N_N_1976_8_2017.bmp308278,Non-Alcohol,C:\PycharmProjects\Alcohol Detection\dataset\Grupo_0\E_0_2\Iritech\E_0_2_0\E_0_2_0_R_5\via_region_data.json
E_0_2_0_R_M_N_N_1976_9_2017.bmp308278,Non-Alcohol,C:\PycharmProjects\Alcohol Detection\dataset\Grupo_0\E_0_2\Iritech\E_0_2_0\E_0_2_0_R_5\via_region_data.json
E_0_2_0_R_M_N_N_1976_10_2017.bmp308278,Non-Alcohol,C:\PycharmProjects\Alcohol Detection\dataset\Grupo_0\E_0_2\Iritech\E_0_2_0\E_0_2_0_R_5\via_region_data.json
E_0_2_0_R_M_N_N_1976_11_2017.bmp308278,Non-Alcohol,C:\PycharmProjects\Alcohol Detection\dataset\Grupo_0\E_0_2\Iritech\E_0_2_0\E_0_2_0_R_5\via_region_data.json
E_0_2_0_R_M_N_N_1976_12_2017.bmp308278,Non-Alcohol,C:\PycharmProjects\Alcohol Detection\dataset\Grupo_0\E_0_2\Iritech\E_0_2_0\E_0_2_0_R_5\via_region_data.json
E_0_2_0_R_M_N_N_1976_13_2017.bmp308278,Non-Alcohol,C:\PycharmProjects\Alcohol Detection\dataset\Grupo_0\E_0_2\Iritech\E_0_2_0\E_0_2_0_R_5\via_region_data.json
E_0_2_0_R_M_N_N_1976_14_2017.bmp308278,Non-Alcohol,C:\PycharmProjects\Alcohol Detection\dataset\Grupo_0\E_0_2\Iritech\E_0_2_0\E_0_2_0_R_5\via_region_data.json
E_0_2_0_R_M_N_N_1976_15_2017.bmp308278,Non-Alcohol,C:\PycharmProjects\Alcohol Detection\dataset\Grupo_0\E_0_2\Iritech\E_0_2_0\E_0_2_0_R_5\via_region_data.json
E_0_2_0_R_M_N_N_1976_16_2017.bmp308278,Non-Alcohol,C:\PycharmProjects\Alcohol Detection\dataset\Grupo_0\E_0_2\Iritech\E_0_2_0\E_0_2_0_R_5\via_region_data.json
E_0_2_0_R_M_N_N_1976_17_2017.bmp308278,Non-Alcohol,C:\PycharmProjects\Alcohol Detection\dataset\Grupo_0\E_0_2\Iritech\E_0_2_0\E_0_2_0_R_5\via_region_data.json
E_0_2_0_R_M_N_N_1976_18_2017.bmp308278,Non-Alcohol,C:\PycharmProjects\Alcohol Detection\dataset\Grupo_0\E_0_2\Iritech\E_0_2_0\E_0_2_0_R_5\via_region_data.json
E_0_2_0_R_M_N_N_1976_19_2017.bmp308278,Non-Alcohol,C:\PycharmProjects\Alcohol Detection\dataset\Grupo_0\E_0_2\Iritech\E_0_2_0\E_0_2_0_R_5\via_region_data.json
E_0_2_0_R_M_N_N_1976_20_2017.bmp308278,Non-Alcohol,C:\PycharmProjects\Alcohol Detection\dataset\Grupo_0\E_0_2\Iritech\E_0_2_0\E_0_2_0_R_5\via_region_data.json
E_0_2_0_R_M_N_N_1976_21_2017.bmp308278,Non-Alcohol,C:\PycharmProjects\Alcohol Detection\dataset\Grupo_0\E_0_2\Iritech\E_0_2_0\E_0_2_0_R_5\via_region_data.json
E_0_2_0_R_M_N_N_1976_22_2017.bmp308278,Non-Alcohol,C:\PycharmProjects\Alcohol Detection\dataset\Grupo_0\E_0_2\Iritech\E_0_2_0\E_0_2_0_R_5\via_region_data.json
E_0_2_0_R_M_N_N_1976_23_2017.bmp308278,Non-Alcohol,C:\PycharmProjects\Alcohol Detection\dataset\Grupo_0\E_0_2\Iritech\E_0_2_0\E_0_2_0_R_5\via_region_data.json
E_0_2_0_R_M_N_N_1976_24_2017.bmp308278,Non-Alcohol,C:\PycharmProjects\Alcohol Detection\dataset\Grupo_0\E_0_2\Iritech\E_0_2_0\E_0_2_0_R_5\via_region_data.json
E_0_2_0_R_M_N_N_1976_25_2017.bmp308278,Non-Alcohol,C:\PycharmProjects\Alcohol Detection\dataset\Grupo_0\E_0_2\Iritech\E_0_2_0\E_0_2_0_R_5\via_region_data.json
E_0_2_0_R_M_N_N_1976_26_2017.bmp308278,Non-Alcohol,C:\PycharmProjects\Alcohol Detection\dataset\Grupo_0\E_0_2\Iritech\E_0_2_0\E_0_2_0_R_5\via_region_data.json
E_0_2_0_R_M_N_N_1976_27_2017.bmp308278,Non-Alcohol,C:\PycharmProjects\Alcohol Detection\dataset\Grupo_0\E_0_2\Iritech\E_0_2_0\E_0_2_0_R_5\via_region_data.json
E_0_2_0_R_M_N_N_1976_28_2017.bmp308278,Non-Alcohol,C:\PycharmProjects\Alcohol Detection\dataset\Grupo_0\E_0_2\Iritech\E_0_2_0\E_0_2_0_R_5\via_region_data.json
E_0_2_0_R_M_N_N_1976_29_2017.bmp308278,Non-Alcohol,C:\PycharmProjects\Alcohol Detection\dataset\Grupo_0\E_0_2\Iritech\E_0_2_0\E_0_2_0_R_5\via_region_data.json
E_0_2_0_R_M_N_N_1976_30_2017.bmp308278,Non-Alcohol,C:\PycharmProjects\Alcohol Detection\dataset\Grupo_0\E_0_2\Iritech\E_0_2_0\E_0_2_0_R_5\via_region_data.json
E_0_2_0_R_M_N_N_1976_31_2017.bmp308278,Non-Alcohol,C:\PycharmProjects\Alcohol Detection\dataset\Grupo_0\E_0_2\Iritech\E_0_2_0\E_0_2_0_R_5\via_region_data.json
E_0_2_0_R_M_N_N_1976_32_2017.bmp308278,Non-Alcohol,C:\PycharmProjects\Alcohol Detection\dataset\Grupo_0\E_0_2\Iritech\E_0_2_0\E_0_2_0_R_5\via_region_data.json
E_0_2_0_R_M_N_N_1976_33_2017.bmp308278,Non-Alcohol,C:\PycharmProjects\Alcohol Detection\dataset\Grupo_0\E_0_2\Iritech\E_0_2_0\E_0_2_0_R_5\via_region_data.json
E_0_2_0_R_M_N_N_1976_34_2017.bmp308278,Non-Alcohol,C:\PycharmProjects\Alcohol Detection\dataset\Grupo_0\E_0_2\Iritech\E_0_2_0\E_0_2_0_R_5\via_region_data.json
E_0_2_0_R_M_N_N_1976_35_2017.bmp308278,Non-Alcohol,C:\PycharmProjects\Alcohol Detection\dataset\Grupo_0\E_0_2\Iritech\E_0_2_0\E_0_2_0_R_5\via_region_data.json
E_0_2_0_R_M_N_N_1976_36_2017.bmp308278,Non-Alcohol,C:\PycharmProjects\Alcohol Detection\dataset\Grupo_0\E_0_2\Iritech\E_0_2_0\E_0_2_0_R_5\via_region_data.json
E_0_2_0_R_M_N_N_1976_37_2017.bmp308278,Non-Alcohol,C:\PycharmProjects\Alcohol Detection\dataset\Grupo_0\E_0_2\Iritech\E_0_2_0\E_0_2_0_R_5\via_region_data.json
E_0_2_0_R_M_N_N_1976_38_2017.bmp308278,Non-Alcohol,C:\PycharmProjects\Alcohol Detection\dataset\Grupo_0\E_0_2\Iritech\E_0_2_0\E_0_2_0_R_5\via_region_data.json
E_0_2_0_R_M_N_N_1976_39_2017.bmp308278,Non-Alcohol,C:\PycharmProjects\Alcohol Detection\dataset\Grupo_0\E_0_2\Iritech\E_0_2_0\E_0_2_0_R_5\via_region_data.json
E_0_2_0_R_M_N_N_1976_40_2017.bmp308278,Non-Alcohol,C:\PycharmProjects\Alcohol Detection\dataset\Grupo_0\E_0_2\Iritech\E_0_2_0\E_0_2_0_R_5\via_region_data.json
E_0_2_0_R_M_N_N_1976_41_2017.bmp308278,Non-Alcohol,C:\PycharmProjects\Alcohol Detection\dataset\Grupo_0\E_0_2\Iritech\E_0_2_0\E_0_2_0_R_5\via_region_data.json
E_0_2_0_R_M_N_N_1976_42_2017.bmp308278,Non-Alcohol,C:\PycharmProjects\Alcohol Detection\dataset\Grupo_0\E_0_2\Iritech\E_0_2_0\E_0_2_0_R_5\via_region_data.json
E_0_2_0_R_M_N_N_1976_43_2017.bmp308278,Non-Alcohol,C:\PycharmProjects\Alcohol Detection\dataset\Grupo_0\E_0_2\Iritech\E_0_2_0\E_0_2_0_R_5\via_region_data.json
E_0_2_0_R_M_N_N_1976_44_2017.bmp308278,Non-Alcohol,C:\PycharmProjects\Alcohol Detection\dataset\Grupo_0\E_0_2\Iritech\E_0_2_0\E_0_2_0_R_5\via_region_data.json
E_0_2_0_R_M_N_N_1976_45_2017.bmp308278,Non-Alcohol,C:\PycharmProjects\Alcohol Detection\dataset\Grupo_0\E_0_2\Iritech\E_0_2_0\E_0_2_0_R_5\via_region_data.json
E_0_2_0_R_M_N_N_1976_46_2017.bmp308278,Non-Alcohol,C:\PycharmProjects\Alcohol Detection\dataset\Grupo_0\E_0_2\Iritech\E_0_2_0\E_0_2_0_R_5\via_region_data.json
E_0_2_0_R_M_N_N_1976_47_2017.bmp308278,Non-Alcohol,C:\PycharmProjects\Alcohol Detection\dataset\Grupo_0\E_0_2\Iritech\E_0_2_0\E_0_2_0_R_5\via_region_data.json
E_0_2_0_R_M_N_N_1976_48_2017.bmp308278,Non-Alcohol,C:\PycharmProjects\Alcohol Detection\dataset\Grupo_0\E_0_2\Iritech\E_0_2_0\E_0_2_0_R_5\via_region_data.json
E_0_2_0_R_M_N_N_1976_49_2017.bmp308278,Non-Alcohol,C:\PycharmProjects\Alcohol Detection\dataset\Grupo_0\E_0_2\Iritech\E_0_2_0\E_0_2_0_R_5\via_region_data.json
E_0_2_0_R_M_N_N_1976_50_2017.bmp308278,Non-Alcohol,C:\PycharmProjects\Alcohol Detection\dataset\Grupo_0\E_0_2\Iritech\E_0_2_0\E_0_2_0_R_5\via_region_data.json
E_0_2_0_R_M_N_N_1976_51_2017.bmp308278,Non-Alcohol,C:\PycharmProjects\Alcohol Detection\dataset\Grupo_0\E_0_2\Iritech\E_0_2_0\E_0_2_0_R_5\via_region_data.json
E_0_2_0_R_M_N_N_1976_52_2017.bmp308278,Non-Alcohol,C:\PycharmProjects\Alcohol Detection\dataset\Grupo_0\E_0_2\Iritech\E_0_2_0\E_0_2_0_R_5\via_region_data.json
E_0_2_0_R_M_N_N_1976_53_2017.bmp308278,Non-Alcohol,C:\PycharmProjects\Alcohol Detection\dataset\Grupo_0\E_0_2\Iritech\E_0_2_0\E_0_2_0_R_5\via_region_data.json
E_0_2_0_R_M_N_N_1976_54_2017.bmp308278,Non-Alcohol,C:\PycharmProjects\Alcohol Detection\dataset\Grupo_0\E_0_2\Iritech\E_0_2_0\E_0_2_0_R_5\via_region_data.json
E_0_2_0_R_M_N_N_1976_55_2017.bmp308278,Non-Alcohol,C:\PycharmProjects\Alcohol Detection\dataset\Grupo_0\E_0_2\Iritech\E_0_2_0\E_0_2_0_R_5\via_region_data.json
E_0_2_0_R_M_N_N_1976_56_2017.bmp308278,Non-Alcohol,C:\PycharmProjects\Alcohol Detection\dataset\Grupo_0\E_0_2\Iritech\E_0_2_0\E_0_2_0_R_5\via_region_data.json
E_0_2_0_R_M_N_N_1976_57_2017.bmp308278,Non-Alcohol,C:\PycharmProjects\Alcohol Detection\dataset\Grupo_0\E_0_2\Iritech\E_0_2_0\E_0_2_0_R_5\via_region_data.json
E_0_2_0_R_M_N_N_1976_58_2017.bmp308278,Non-Alcohol,C:\PycharmProjects\Alcohol Detection\dataset\Grupo_0\E_0_2\Iritech\E_0_2_0\E_0_2_0_R_5\via_region_data.json
E_0_2_0_R_M_N_N_1976_59_2017.bmp308278,Non-Alcohol,C:\PycharmProjects\Alcohol Detection\dataset\Grupo_0\E_0_2\Iritech\E_0_2_0\E_0_2_0_R_5\via_region_data.json
E_0_2_0_R_M_N_N_1976_60_2017.bmp308278,Non-Alcohol,C:\PycharmProjects\Alcohol Detection\dataset\Grupo_0\E_0_2\Iritech\E_0_2_0\E_0_2_0_R_5\via_region_data.json
E_0_2_0_R_M_N_N_1976_61_2017.bmp308278,Non-Alcohol,C:\PycharmProjects\Alcohol Detection\dataset\Grupo_0\E_0_2\Iritech\E_0_2_0\E_0_2_0_R_5\via_region_data.json
E_0_2_0_R_M_N_N_1976_62_2017.bmp308278,Non-Alcohol,C:\PycharmProjects\Alcohol Detection\dataset\Grupo_0\E_0_2\Iritech\E_0_2_0\E_0_2_0_R_5\via_region_data.json
E_0_2_0_R_M_N_N_1976_63_2017.bmp308278,Non-Alcohol,C:\PycharmProjects\Alcohol Detection\dataset\Grupo_0\E_0_2\Iritech\E_0_2_0\E_0_2_0_R_5\via_region_data.json
E_0_2_0_R_M_N_N_1976_64_2017.bmp308278,Non-Alcohol,C:\PycharmProjects\Alcohol Detection\dataset\Grupo_0\E_0_2\Iritech\E_0_2_0\E_0_2_0_R_5\via_region_data.json
E_0_2_0_R_M_N_N_1976_65_2017.bmp308278,Non-Alcohol,C:\PycharmProjects\Alcohol Detection\dataset\Grupo_0\E_0_2\Iritech\E_0_2_0\E_0_2_0_R_5\via_region_data.json
E_0_2_0_R_M_N_N_1976_66_2017.bmp308278,Non-Alcohol,C:\PycharmProjects\Alcohol Detection\dataset\Grupo_0\E_0_2\Iritech\E_0_2_0\E_0_2_0_R_5\via_region_data.json
E_0_2_0_R_M_N_N_1976_67_2017.bmp308278,Non-Alcohol,C:\PycharmProjects\Alcohol Detection\dataset\Grupo_0\E_0_2\Iritech\E_0_2_0\E_0_2_0_R_5\via_region_data.json
E_0_2_0_R_M_N_N_1976_68_2017.bmp308278,Non-Alcohol,C:\PycharmProjects\Alcohol Detection\dataset\Grupo_0\E_0_2\Iritech\E_0_2_0\E_0_2_0_R_5\via_region_data.json
E_0_2_0_R_M_N_N_1976_69_2017.bmp308278,Non-Alcohol,C:\PycharmProjects\Alcohol Detection\dataset\Grupo_0\E_0_2\Iritech\E_0_2_0\E_0_2_0_R_5\via_region_data.json
E_0_2_0_R_M_N_N_1976_70_2017.bmp308278,Non-Alcohol,C:\PycharmProjects\Alcohol Detection\dataset\Grupo_0\E_0_2\Iritech\E_0_2_0\E_0_2_0_R_5\via_region_data.json
E_0_2_0_R_M_N_N_1976_71_2017.bmp308278,Non-Alcohol,C:\PycharmProjects\Alcohol Detection\dataset\Grupo_0\E_0_2\Iritech\E_0_2_0\E_0_2_0_R_5\via_region_data.json
E_0_2_0_R_M_N_N_1976_72_2017.bmp308278,Non-Alcohol,C:\PycharmProjects\Alcohol Detection\dataset\Grupo_0\E_0_2\Iritech\E_0_2_0\E_0_2_0_R_5\via_region_data.json
E_0_2_0_R_M_N_N_1976_73_2017.bmp308278,Non-Alcohol,C:\PycharmProjects\Alcohol Detection\dataset\Grupo_0\E_0_2\Iritech\E_0_2_0\E_0_2_0_R_5\via_region_data.json
E_0_2_0_R_M_N_N_1976_74_2017.bmp308278,Non-Alcohol,C:\PycharmProjects\Alcohol Detection\dataset\Grupo_0\E_0_2\Iritech\E_0_2_0\E_0_2_0_R_5\via_region_data.json
E_0_2_0_R_M_N_N_1976_75_2017.bmp308278,Non-Alcohol,C:\PycharmProjects\Alcohol Detection\dataset\Grupo_0\E_0_2\Iritech\E_0_2_0\E_0_2_0_R_5\via_region_data.json
E_0_2_0_R_M_N_N_1976_76_2017.bmp308278,Non-Alcohol,C:\PycharmProjects\Alcohol Detection\dataset\Grupo_0\E_0_2\Iritech\E_0_2_0\E_0_2_0_R_5\via_region_data.json
E_0_2_1_L_M_N_N_1976_0_2017.bmp308278,Non-Alcohol,C:\PycharmProjects\Alcohol Detection\dataset\Grupo_0\E_0_2\Iritech\E_0_2_1\via_region_data.json
E_0_2_1_R_M_N_N_1976_0_2017.bmp308278,Non-Alcohol,C:\PycharmProjects\Alcohol Detection\dataset\Grupo_0\E_0_2\Iritech\E_0_2_1\via_region_data.json
E_0_2_1_L_M_N_N_1976_0_2017.bmp308278,Non-Alcohol,C:\PycharmProjects\Alcohol Detection\dataset\Grupo_0\E_0_2\Iritech\E_0_2_1\E_0_2_1_L_5\via_region_data.json
E_0_2_1_L_M_N_N_1976_1_2017.bmp308278,Non-Alcohol,C:\PycharmProjects\Alcohol Detection\dataset\Grupo_0\E_0_2\Iritech\E_0_2_1\E_0_2_1_L_5\via_region_data.json
E_0_2_1_L_M_N_N_1976_2_2017.bmp308278,Non-Alcohol,C:\PycharmProjects\Alcohol Detection\dataset\Grupo_0\E_0_2\Iritech\E_0_2_1\E_0_2_1_L_5\via_region_data.json
E_0_2_1_L_M_N_N_1976_3_2017.bmp308278,Non-Alcohol,C:\PycharmProjects\Alcohol Detection\dataset\Grupo_0\E_0_2\Iritech\E_0_2_1\E_0_2_1_L_5\via_region_data.json
E_0_2_1_L_M_N_N_1976_4_2017.bmp308278,Non-Alcohol,C:\PycharmProjects\Alcohol Detection\dataset\Grupo_0\E_0_2\Iritech\E_0_2_1\E_0_2_1_L_5\via_region_data.json
E_0_2_1_L_M_N_N_1976_5_2017.bmp308278,Non-Alcohol,C:\PycharmProjects\Alcohol Detection\dataset\Grupo_0\E_0_2\Iritech\E_0_2_1\E_0_2_1_L_5\via_region_data.json
E_0_2_1_L_M_N_N_1976_6_2017.bmp308278,Non-Alcohol,C:\PycharmProjects\Alcohol Detection\dataset\Grupo_0\E_0_2\Iritech\E_0_2_1\E_0_2_1_L_5\via_region_data.json
E_0_2_1_L_M_N_N_1976_7_2017.bmp308278,Non-Alcohol,C:\PycharmProjects\Alcohol Detection\dataset\Grupo_0\E_0_2\Iritech\E_0_2_1\E_0_2_1_L_5\via_region_data.json
E_0_2_1_L_M_N_N_1976_8_2017.bmp308278,Non-Alcohol,C:\PycharmProjects\Alcohol Detection\dataset\Grupo_0\E_0_2\Iritech\E_0_2_1\E_0_2_1_L_5\via_region_data.json
E_0_2_1_L_M_N_N_1976_9_2017.bmp308278,Non-Alcohol,C:\PycharmProjects\Alcohol Detection\dataset\Grupo_0\E_0_2\Iritech\E_0_2_1\E_0_2_1_L_5\via_region_data.json
E_0_2_1_L_M_N_N_1976_10_2017.bmp308278,Non-Alcohol,C:\PycharmProjects\Alcohol Detection\dataset\Grupo_0\E_0_2\Iritech\E_0_2_1\E_0_2_1_L_5\via_region_data.json
E_0_2_1_L_M_N_N_1976_11_2017.bmp308278,Non-Alcohol,C:\PycharmProjects\Alcohol Detection\dataset\Grupo_0\E_0_2\Iritech\E_0_2_1\E_0_2_1_L_5\via_region_data.json
E_0_2_1_L_M_N_N_1976_12_2017.bmp308278,Non-Alcohol,C:\PycharmProjects\Alcohol Detection\dataset\Grupo_0\E_0_2\Iritech\E_0_2_1\E_0_2_1_L_5\via_region_data.json
E_0_2_1_L_M_N_N_1976_13_2017.bmp308278,Non-Alcohol,C:\PycharmProjects\Alcohol Detection\dataset\Grupo_0\E_0_2\Iritech\E_0_2_1\E_0_2_1_L_5\via_region_data.json
E_0_2_1_L_M_N_N_1976_14_2017.bmp308278,Non-Alcohol,C:\PycharmProjects\Alcohol Detection\dataset\Grupo_0\E_0_2\Iritech\E_0_2_1\E_0_2_1_L_5\via_region_data.json
E_0_2_1_L_M_N_N_1976_15_2017.bmp308278,Non-Alcohol,C:\PycharmProjects\Alcohol Detection\dataset\Grupo_0\E_0_2\Iritech\E_0_2_1\E_0_2_1_L_5\via_region_data.json
E_0_2_1_L_M_N_N_1976_16_2017.bmp308278,Non-Alcohol,C:\PycharmProjects\Alcohol Detection\dataset\Grupo_0\E_0_2\Iritech\E_0_2_1\E_0_2_1_L_5\via_region_data.json
E_0_2_1_L_M_N_N_1976_17_2017.bmp308278,Non-Alcohol,C:\PycharmProjects\Alcohol Detection\dataset\Grupo_0\E_0_2\Iritech\E_0_2_1\E_0_2_1_L_5\via_region_data.json
E_0_2_1_L_M_N_N_1976_18_2017.bmp308278,Non-Alcohol,C:\PycharmProjects\Alcohol Detection\dataset\Grupo_0\E_0_2\Iritech\E_0_2_1\E_0_2_1_L_5\via_region_data.json
E_0_2_1_L_M_N_N_1976_19_2017.bmp308278,Non-Alcohol,C:\PycharmProjects\Alcohol Detection\dataset\Grupo_0\E_0_2\Iritech\E_0_2_1\E_0_2_1_L_5\via_region_data.json
E_0_2_1_L_M_N_N_1976_20_2017.bmp308278,Non-Alcohol,C:\PycharmProjects\Alcohol Detection\dataset\Grupo_0\E_0_2\Iritech\E_0_2_1\E_0_2_1_L_5\via_region_data.json
E_0_2_1_L_M_N_N_1976_21_2017.bmp308278,Non-Alcohol,C:\PycharmProjects\Alcohol Detection\dataset\Grupo_0\E_0_2\Iritech\E_0_2_1\E_0_2_1_L_5\via_region_data.json
E_0_2_1_L_M_N_N_1976_22_2017.bmp308278,Non-Alcohol,C:\PycharmProjects\Alcohol Detection\dataset\Grupo_0\E_0_2\Iritech\E_0_2_1\E_0_2_1_L_5\via_region_data.json
E_0_2_1_L_M_N_N_1976_23_2017.bmp308278,Non-Alcohol,C:\PycharmProjects\Alcohol Detection\dataset\Grupo_0\E_0_2\Iritech\E_0_2_1\E_0_2_1_L_5\via_region_data.json
E_0_2_1_L_M_N_N_1976_24_2017.bmp308278,Non-Alcohol,C:\PycharmProjects\Alcohol Detection\dataset\Grupo_0\E_0_2\Iritech\E_0_2_1\E_0_2_1_L_5\via_region_data.json
E_0_2_1_L_M_N_N_1976_25_2017.bmp308278,Non-Alcohol,C:\PycharmProjects\Alcohol Detection\dataset\Grupo_0\E_0_2\Iritech\E_0_2_1\E_0_2_1_L_5\via_region_data.json
E_0_2_1_L_M_N_N_1976_26_2017.bmp308278,Non-Alcohol,C:\PycharmProjects\Alcohol Detection\dataset\Grupo_0\E_0_2\Iritech\E_0_2_1\E_0_2_1_L_5\via_region_data.json
E_0_2_1_L_M_N_N_1976_27_2017.bmp308278,Non-Alcohol,C:\PycharmProjects\Alcohol Detection\dataset\Grupo_0\E_0_2\Iritech\E_0_2_1\E_0_2_1_L_5\via_region_data.json
E_0_2_1_L_M_N_N_1976_28_2017.bmp308278,Non-Alcohol,C:\PycharmProjects\Alcohol Detection\dataset\Grupo_0\E_0_2\Iritech\E_0_2_1\E_0_2_1_L_5\via_region_data.json
E_0_2_1_L_M_N_N_1976_29_2017.bmp308278,Non-Alcohol,C:\PycharmProjects\Alcohol Detection\dataset\Grupo_0\E_0_2\Iritech\E_0_2_1\E_0_2_1_L_5\via_region_data.json
E_0_2_1_L_M_N_N_1976_30_2017.bmp308278,Non-Alcohol,C:\PycharmProjects\Alcohol Detection\dataset\Grupo_0\E_0_2\Iritech\E_0_2_1\E_0_2_1_L_5\via_region_data.json
E_0_2_1_L_M_N_N_1976_31_2017.bmp308278,Non-Alcohol,C:\PycharmProjects\Alcohol Detection\dataset\Grupo_0\E_0_2\Iritech\E_0_2_1\E_0_2_1_L_5\via_region_data.json
E_0_2_1_L_M_N_N_1976_32_2017.bmp308278,Non-Alcohol,C:\PycharmProjects\Alcohol Detection\dataset\Grupo_0\E_0_2\Iritech\E_0_2_1\E_0_2_1_L_5\via_region_data.json
E_0_2_1_L_M_N_N_1976_33_2017.bmp308278,Non-Alcohol,C:\PycharmProjects\Alcohol Detection\dataset\Grupo_0\E_0_2\Iritech\E_0_2_1\E_0_2_1_L_5\via_region_data.json
E_0_2_1_L_M_N_N_1976_34_2017.bmp308278,Non-Alcohol,C:\PycharmProjects\Alcohol Detection\dataset\Grupo_0\E_0_2\Iritech\E_0_2_1\E_0_2_1_L_5\via_region_data.json
E_0_2_1_L_M_N_N_1976_35_2017.bmp308278,Non-Alcohol,C:\PycharmProjects\Alcohol Detection\dataset\Grupo_0\E_0_2\Iritech\E_0_2_1\E_0_2_1_L_5\via_region_data.json
E_0_2_1_L_M_N_N_1976_36_2017.bmp308278,Non-Alcohol,C:\PycharmProjects\Alcohol Detection\dataset\Grupo_0\E_0_2\Iritech\E_0_2_1\E_0_2_1_L_5\via_region_data.json
E_0_2_1_L_M_N_N_1976_37_2017.bmp308278,Non-Alcohol,C:\PycharmProjects\Alcohol Detection\dataset\Grupo_0\E_0_2\Iritech\E_0_2_1\E_0_2_1_L_5\via_region_data.json
E_0_2_1_L_M_N_N_1976_38_2017.bmp308278,Non-Alcohol,C:\PycharmProjects\Alcohol Detection\dataset\Grupo_0\E_0_2\Iritech\E_0_2_1\E_0_2_1_L_5\via_region_data.json
E_0_2_1_L_M_N_N_1976_39_2017.bmp308278,Non-Alcohol,C:\PycharmProjects\Alcohol Detection\dataset\Grupo_0\E_0_2\Iritech\E_0_2_1\E_0_2_1_L_5\via_region_data.json
E_0_2_1_L_M_N_N_1976_40_2017.bmp308278,Non-Alcohol,C:\PycharmProjects\Alcohol Detection\dataset\Grupo_0\E_0_2\Iritech\E_0_2_1\E_0_2_1_L_5\via_region_data.json
E_0_2_1_L_M_N_N_1976_41_2017.bmp308278,Non-Alcohol,C:\PycharmProjects\Alcohol Detection\dataset\Grupo_0\E_0_2\Iritech\E_0_2_1\E_0_2_1_L_5\via_region_data.json
E_0_2_1_L_M_N_N_1976_42_2017.bmp308278,Non-Alcohol,C:\PycharmProjects\Alcohol Detection\dataset\Grupo_0\E_0_2\Iritech\E_0_2_1\E_0_2_1_L_5\via_region_data.json
E_0_2_1_L_M_N_N_1976_43_2017.bmp308278,Non-Alcohol,C:\PycharmProjects\Alcohol Detection\dataset\Grupo_0\E_0_2\Iritech\E_0_2_1\E_0_2_1_L_5\via_region_data.json
E_0_2_1_L_M_N_N_1976_44_2017.bmp308278,Non-Alcohol,C:\PycharmProjects\Alcohol Detection\dataset\Grupo_0\E_0_2\Iritech\E_0_2_1\E_0_2_1_L_5\via_region_data.json
E_0_2_1_L_M_N_N_1976_45_2017.bmp308278,Non-Alcohol,C:\PycharmProjects\Alcohol Detection\dataset\Grupo_0\E_0_2\Iritech\E_0_2_1\E_0_2_1_L_5\via_region_data.json
E_0_2_1_L_M_N_N_1976_46_2017.bmp308278,Non-Alcohol,C:\PycharmProjects\Alcohol Detection\dataset\Grupo_0\E_0_2\Iritech\E_0_2_1\E_0_2_1_L_5\via_region_data.json
E_0_2_1_L_M_N_N_1976_47_2017.bmp308278,Non-Alcohol,C:\PycharmProjects\Alcohol Detection\dataset\Grupo_0\E_0_2\Iritech\E_0_2_1\E_0_2_1_L_5\via_region_data.json
E_0_2_1_L_M_N_N_1976_48_2017.bmp308278,Non-Alcohol,C:\PycharmProjects\Alcohol Detection\dataset\Grupo_0\E_0_2\Iritech\E_0_2_1\E_0_2_1_L_5\via_region_data.json
E_0_2_1_L_M_N_N_1976_49_2017.bmp308278,Non-Alcohol,C:\PycharmProjects\Alcohol Detection\dataset\Grupo_0\E_0_2\Iritech\E_0_2_1\E_0_2_1_L_5\via_region_data.json
E_0_2_1_L_M_N_N_1976_50_2017.bmp308278,Non-Alcohol,C:\PycharmProjects\Alcohol Detection\dataset\Grupo_0\E_0_2\Iritech\E_0_2_1\E_0_2_1_L_5\via_region_data.json
E_0_2_1_L_M_N_N_1976_51_2017.bmp308278,Non-Alcohol,C:\PycharmProjects\Alcohol Detection\dataset\Grupo_0\E_0_2\Iritech\E_0_2_1\E_0_2_1_L_5\via_region_data.json
E_0_2_1_L_M_N_N_1976_52_2017.bmp308278,Non-Alcohol,C:\PycharmProjects\Alcohol Detection\dataset\Grupo_0\E_0_2\Iritech\E_0_2_1\E_0_2_1_L_5\via_region_data.json
E_0_2_1_L_M_N_N_1976_53_2017.bmp308278,Non-Alcohol,C:\PycharmProjects\Alcohol Detection\dataset\Grupo_0\E_0_2\Iritech\E_0_2_1\E_0_2_1_L_5\via_region_data.json
E_0_2_1_L_M_N_N_1976_54_2017.bmp308278,Non-Alcohol,C:\PycharmProjects\Alcohol Detection\dataset\Grupo_0\E_0_2\Iritech\E_0_2_1\E_0_2_1_L_5\via_region_data.json
E_0_2_1_L_M_N_N_1976_55_2017.bmp308278,Non-Alcohol,C:\PycharmProjects\Alcohol Detection\dataset\Grupo_0\E_0_2\Iritech\E_0_2_1\E_0_2_1_L_5\via_region_data.json
E_0_2_1_L_M_N_N_1976_56_2017.bmp308278,Non-Alcohol,C:\PycharmProjects\Alcohol Detection\dataset\Grupo_0\E_0_2\Iritech\E_0_2_1\E_0_2_1_L_5\via_region_data.json
E_0_2_1_L_M_N_N_1976_57_2017.bmp308278,Non-Alcohol,C:\PycharmProjects\Alcohol Detection\dataset\Grupo_0\E_0_2\Iritech\E_0_2_1\E_0_2_1_L_5\via_region_data.json
E_0_2_1_L_M_N_N_1976_58_2017.bmp308278,Non-Alcohol,C:\PycharmProjects\Alcohol Detection\dataset\Grupo_0\E_0_2\Iritech\E_0_2_1\E_0_2_1_L_5\via_region_data.json
E_0_2_1_L_M_N_N_1976_59_2017.bmp308278,Non-Alcohol,C:\PycharmProjects\Alcohol Detection\dataset\Grupo_0\E_0_2\Iritech\E_0_2_1\E_0_2_1_L_5\via_region_data.json
E_0_2_1_L_M_N_N_1976_60_2017.bmp308278,Non-Alcohol,C:\PycharmProjects\Alcohol Detection\dataset\Grupo_0\E_0_2\Iritech\E_0_2_1\E_0_2_1_L_5\via_region_data.json
E_0_2_1_L_M_N_N_1976_61_2017.bmp308278,Non-Alcohol,C:\PycharmProjects\Alcohol Detection\dataset\Grupo_0\E_0_2\Iritech\E_0_2_1\E_0_2_1_L_5\via_region_data.json
E_0_2_1_L_M_N_N_1976_62_2017.bmp308278,Non-Alcohol,C:\PycharmProjects\Alcohol Detection\dataset\Grupo_0\E_0_2\Iritech\E_0_2_1\E_0_2_1_L_5\via_region_data.json
E_0_2_1_L_M_N_N_1976_63_2017.bmp308278,Non-Alcohol,C:\PycharmProjects\Alcohol Detection\dataset\Grupo_0\E_0_2\Iritech\E_0_2_1\E_0_2_1_L_5\via_region_data.json
E_0_2_1_L_M_N_N_1976_64_2017.bmp308278,Non-Alcohol,C:\PycharmProjects\Alcohol Detection\dataset\Grupo_0\E_0_2\Iritech\E_0_2_1\E_0_2_1_L_5\via_region_data.json
E_0_2_1_L_M_N_N_1976_65_2017.bmp308278,Non-Alcohol,C:\PycharmProjects\Alcohol Detection\dataset\Grupo_0\E_0_2\Iritech\E_0_2_1\E_0_2_1_L_5\via_region_data.json
E_0_2_1_L_M_N_N_1976_66_2017.bmp308278,Non-Alcohol,C:\PycharmProjects\Alcohol Detection\dataset\Grupo_0\E_0_2\Iritech\E_0_2_1\E_0_2_1_L_5\via_region_data.json
E_0_2_1_L_M_N_N_1976_67_2017.bmp308278,Non-Alcohol,C:\PycharmProjects\Alcohol Detection\dataset\Grupo_0\E_0_2\Iritech\E_0_2_1\E_0_2_1_L_5\via_region_data.json
E_0_2_1_L_M_N_N_1976_68_2017.bmp308278,Non-Alcohol,C:\PycharmProjects\Alcohol Detection\dataset\Grupo_0\E_0_2\Iritech\E_0_2_1\E_0_2_1_L_5\via_region_data.json
E_0_2_1_L_M_N_N_1976_69_2017.bmp308278,Non-Alcohol,C:\PycharmProjects\Alcohol Detection\dataset\Grupo_0\E_0_2\Iritech\E_0_2_1\E_0_2_1_L_5\via_region_data.json
E_0_2_1_L_M_N_N_1976_70_2017.bmp308278,Non-Alcohol,C:\PycharmProjects\Alcohol Detection\dataset\Grupo_0\E_0_2\Iritech\E_0_2_1\E_0_2_1_L_5\via_region_data.json
E_0_2_1_L_M_N_N_1976_71_2017.bmp308278,Non-Alcohol,C:\PycharmProjects\Alcohol Detection\dataset\Grupo_0\E_0_2\Iritech\E_0_2_1\E_0_2_1_L_5\via_region_data.json
E_0_2_1_L_M_N_N_1976_72_2017.bmp308278,Non-Alcohol,C:\PycharmProjects\Alcohol Detection\dataset\Grupo_0\E_0_2\Iritech\E_0_2_1\E_0_2_1_L_5\via_region_data.json
E_0_2_1_L_M_N_N_1976_73_2017.bmp308278,Non-Alcohol,C:\PycharmProjects\Alcohol Detection\dataset\Grupo_0\E_0_2\Iritech\E_0_2_1\E_0_2_1_L_5\via_region_data.json
E_0_2_1_L_M_N_N_1976_74_2017.bmp308278,Non-Alcohol,C:\PycharmProjects\Alcohol Detection\dataset\Grupo_0\E_0_2\Iritech\E_0_2_1\E_0_2_1_L_5\via_region_data.json
E_0_2_1_L_M_N_N_1976_75_2017.bmp308278,Non-Alcohol,C:\PycharmProjects\Alcohol Detection\dataset\Grupo_0\E_0_2\Iritech\E_0_2_1\E_0_2_1_L_5\via_region_data.json
E_0_2_1_L_M_N_N_1976_76_2017.bmp308278,Non-Alcohol,C:\PycharmProjects\Alcohol Detection\dataset\Grupo_0\E_0_2\Iritech\E_0_2_1\E_0_2_1_L_5\via_region_data.json
E_0_2_1_L_M_N_N_1976_77_2017.bmp308278,Non-Alcohol,C:\PycharmProjects\Alcohol Detection\dataset\Grupo_0\E_0_2\Iritech\E_0_2_1\E_0_2_1_L_5\via_region_data.json
E_0_2_1_R_M_N_N_1976_0_2017.bmp308278,Non-Alcohol,C:\PycharmProjects\Alcohol Detection\dataset\Grupo_0\E_0_2\Iritech\E_0_2_1\E_0_2_1_R_5\via_region_data.json
E_0_2_1_R_M_N_N_1976_1_2017.bmp308278,Non-Alcohol,C:\PycharmProjects\Alcohol Detection\dataset\Grupo_0\E_0_2\Iritech\E_0_2_1\E_0_2_1_R_5\via_region_data.json
E_0_2_1_R_M_N_N_1976_2_2017.bmp308278,Non-Alcohol,C:\PycharmProjects\Alcohol Detection\dataset\Grupo_0\E_0_2\Iritech\E_0_2_1\E_0_2_1_R_5\via_region_data.json
E_0_2_1_R_M_N_N_1976_3_2017.bmp308278,Non-Alcohol,C:\PycharmProjects\Alcohol Detection\dataset\Grupo_0\E_0_2\Iritech\E_0_2_1\E_0_2_1_R_5\via_region_data.json
E_0_2_1_R_M_N_N_1976_4_2017.bmp308278,Non-Alcohol,C:\PycharmProjects\Alcohol Detection\dataset\Grupo_0\E_0_2\Iritech\E_0_2_1\E_0_2_1_R_5\via_region_data.json
E_0_2_1_R_M_N_N_1976_5_2017.bmp308278,Non-Alcohol,C:\PycharmProjects\Alcohol Detection\dataset\Grupo_0\E_0_2\Iritech\E_0_2_1\E_0_2_1_R_5\via_region_data.json
E_0_2_1_R_M_N_N_1976_6_2017.bmp308278,Non-Alcohol,C:\PycharmProjects\Alcohol Detection\dataset\Grupo_0\E_0_2\Iritech\E_0_2_1\E_0_2_1_R_5\via_region_data.json
E_0_2_1_R_M_N_N_1976_7_2017.bmp308278,Non-Alcohol,C:\PycharmProjects\Alcohol Detection\dataset\Grupo_0\E_0_2\Iritech\E_0_2_1\E_0_2_1_R_5\via_region_data.json
E_0_2_1_R_M_N_N_1976_8_2017.bmp308278,Non-Alcohol,C:\PycharmProjects\Alcohol Detection\dataset\Grupo_0\E_0_2\Iritech\E_0_2_1\E_0_2_1_R_5\via_region_data.json
E_0_2_1_R_M_N_N_1976_9_2017.bmp308278,Non-Alcohol,C:\PycharmProjects\Alcohol Detection\dataset\Grupo_0\E_0_2\Iritech\E_0_2_1\E_0_2_1_R_5\via_region_data.json
E_0_2_1_R_M_N_N_1976_10_2017.bmp308278,Non-Alcohol,C:\PycharmProjects\Alcohol Detection\dataset\Grupo_0\E_0_2\Iritech\E_0_2_1\E_0_2_1_R_5\via_region_data.json
E_0_2_1_R_M_N_N_1976_11_2017.bmp308278,Non-Alcohol,C:\PycharmProjects\Alcohol Detection\dataset\Grupo_0\E_0_2\Iritech\E_0_2_1\E_0_2_1_R_5\via_region_data.json
E_0_2_1_R_M_N_N_1976_12_2017.bmp308278,Non-Alcohol,C:\PycharmProjects\Alcohol Detection\dataset\Grupo_0\E_0_2\Iritech\E_0_2_1\E_0_2_1_R_5\via_region_data.json
E_0_2_1_R_M_N_N_1976_13_2017.bmp308278,Non-Alcohol,C:\PycharmProjects\Alcohol Detection\dataset\Grupo_0\E_0_2\Iritech\E_0_2_1\E_0_2_1_R_5\via_region_data.json
E_0_2_1_R_M_N_N_1976_14_2017.bmp308278,Non-Alcohol,C:\PycharmProjects\Alcohol Detection\dataset\Grupo_0\E_0_2\Iritech\E_0_2_1\E_0_2_1_R_5\via_region_data.json
E_0_2_1_R_M_N_N_1976_15_2017.bmp308278,Non-Alcohol,C:\PycharmProjects\Alcohol Detection\dataset\Grupo_0\E_0_2\Iritech\E_0_2_1\E_0_2_1_R_5\via_region_data.json
E_0_2_1_R_M_N_N_1976_16_2017.bmp308278,Non-Alcohol,C:\PycharmProjects\Alcohol Detection\dataset\Grupo_0\E_0_2\Iritech\E_0_2_1\E_0_2_1_R_5\via_region_data.json
E_0_2_1_R_M_N_N_1976_17_2017.bmp308278,Non-Alcohol,C:\PycharmProjects\Alcohol Detection\dataset\Grupo_0\E_0_2\Iritech\E_0_2_1\E_0_2_1_R_5\via_region_data.json
E_0_2_1_R_M_N_N_1976_18_2017.bmp308278,Non-Alcohol,C:\PycharmProjects\Alcohol Detection\dataset\Grupo_0\E_0_2\Iritech\E_0_2_1\E_0_2_1_R_5\via_region_data.json
E_0_2_1_R_M_N_N_1976_19_2017.bmp308278,Non-Alcohol,C:\PycharmProjects\Alcohol Detection\dataset\Grupo_0\E_0_2\Iritech\E_0_2_1\E_0_2_1_R_5\via_region_data.json
E_0_2_1_R_M_N_N_1976_20_2017.bmp308278,Non-Alcohol,C:\PycharmProjects\Alcohol Detection\dataset\Grupo_0\E_0_2\Iritech\E_0_2_1\E_0_2_1_R_5\via_region_data.json
E_0_2_1_R_M_N_N_1976_21_2017.bmp308278,Non-Alcohol,C:\PycharmProjects\Alcohol Detection\dataset\Grupo_0\E_0_2\Iritech\E_0_2_1\E_0_2_1_R_5\via_region_data.json
E_0_2_1_R_M_N_N_1976_22_2017.bmp308278,Non-Alcohol,C:\PycharmProjects\Alcohol Detection\dataset\Grupo_0\E_0_2\Iritech\E_0_2_1\E_0_2_1_R_5\via_region_data.json
E_0_2_1_R_M_N_N_1976_23_2017.bmp308278,Non-Alcohol,C:\PycharmProjects\Alcohol Detection\dataset\Grupo_0\E_0_2\Iritech\E_0_2_1\E_0_2_1_R_5\via_region_data.json
E_0_2_1_R_M_N_N_1976_24_2017.bmp308278,Non-Alcohol,C:\PycharmProjects\Alcohol Detection\dataset\Grupo_0\E_0_2\Iritech\E_0_2_1\E_0_2_1_R_5\via_region_data.json
E_0_2_1_R_M_N_N_1976_25_2017.bmp308278,Non-Alcohol,C:\PycharmProjects\Alcohol Detection\dataset\Grupo_0\E_0_2\Iritech\E_0_2_1\E_0_2_1_R_5\via_region_data.json
E_0_2_1_R_M_N_N_1976_26_2017.bmp308278,Non-Alcohol,C:\PycharmProjects\Alcohol Detection\dataset\Grupo_0\E_0_2\Iritech\E_0_2_1\E_0_2_1_R_5\via_region_data.json
E_0_2_1_R_M_N_N_1976_27_2017.bmp308278,Non-Alcohol,C:\PycharmProjects\Alcohol Detection\dataset\Grupo_0\E_0_2\Iritech\E_0_2_1\E_0_2_1_R_5\via_region_data.json
E_0_2_1_R_M_N_N_1976_28_2017.bmp308278,Non-Alcohol,C:\PycharmProjects\Alcohol Detection\dataset\Grupo_0\E_0_2\Iritech\E_0_2_1\E_0_2_1_R_5\via_region_data.json
E_0_2_1_R_M_N_N_1976_29_2017.bmp308278,Non-Alcohol,C:\PycharmProjects\Alcohol Detection\dataset\Grupo_0\E_0_2\Iritech\E_0_2_1\E_0_2_1_R_5\via_region_data.json
E_0_2_1_R_M_N_N_1976_30_2017.bmp308278,Non-Alcohol,C:\PycharmProjects\Alcohol Detection\dataset\Grupo_0\E_0_2\Iritech\E_0_2_1\E_0_2_1_R_5\via_region_data.json
E_0_2_1_R_M_N_N_1976_31_2017.bmp308278,Non-Alcohol,C:\PycharmProjects\Alcohol Detection\dataset\Grupo_0\E_0_2\Iritech\E_0_2_1\E_0_2_1_R_5\via_region_data.json
E_0_2_1_R_M_N_N_1976_32_2017.bmp308278,Non-Alcohol,C:\PycharmProjects\Alcohol Detection\dataset\Grupo_0\E_0_2\Iritech\E_0_2_1\E_0_2_1_R_5\via_region_data.json
E_0_2_1_R_M_N_N_1976_33_2017.bmp308278,Non-Alcohol,C:\PycharmProjects\Alcohol Detection\dataset\Grupo_0\E_0_2\Iritech\E_0_2_1\E_0_2_1_R_5\via_region_data.json
E_0_2_1_R_M_N_N_1976_34_2017.bmp308278,Non-Alcohol,C:\PycharmProjects\Alcohol Detection\dataset\Grupo_0\E_0_2\Iritech\E_0_2_1\E_0_2_1_R_5\via_region_data.json
E_0_2_1_R_M_N_N_1976_35_2017.bmp308278,Non-Alcohol,C:\PycharmProjects\Alcohol Detection\dataset\Grupo_0\E_0_2\Iritech\E_0_2_1\E_0_2_1_R_5\via_region_data.json
E_0_2_1_R_M_N_N_1976_36_2017.bmp308278,Non-Alcohol,C:\PycharmProjects\Alcohol Detection\dataset\Grupo_0\E_0_2\Iritech\E_0_2_1\E_0_2_1_R_5\via_region_data.json
E_0_2_1_R_M_N_N_1976_37_2017.bmp308278,Non-Alcohol,C:\PycharmProjects\Alcohol Detection\dataset\Grupo_0\E_0_2\Iritech\E_0_2_1\E_0_2_1_R_5\via_region_data.json
E_0_2_1_R_M_N_N_1976_38_2017.bmp308278,Non-Alcohol,C:\PycharmProjects\Alcohol Detection\dataset\Grupo_0\E_0_2\Iritech\E_0_2_1\E_0_2_1_R_5\via_region_data.json
E_0_2_1_R_M_N_N_1976_39_2017.bmp308278,Non-Alcohol,C:\PycharmProjects\Alcohol Detection\dataset\Grupo_0\E_0_2\Iritech\E_0_2_1\E_0_2_1_R_5\via_region_data.json
E_0_2_1_R_M_N_N_1976_40_2017.bmp308278,Non-Alcohol,C:\PycharmProjects\Alcohol Detection\dataset\Grupo_0\E_0_2\Iritech\E_0_2_1\E_0_2_1_R_5\via_region_data.json
E_0_2_1_R_M_N_N_1976_41_2017.bmp308278,Non-Alcohol,C:\PycharmProjects\Alcohol Detection\dataset\Grupo_0\E_0_2\Iritech\E_0_2_1\E_0_2_1_R_5\via_region_data.json
E_0_2_1_R_M_N_N_1976_42_2017.bmp308278,Non-Alcohol,C:\PycharmProjects\Alcohol Detection\dataset\Grupo_0\E_0_2\Iritech\E_0_2_1\E_0_2_1_R_5\via_region_data.json
E_0_2_1_R_M_N_N_1976_43_2017.bmp308278,Non-Alcohol,C:\PycharmProjects\Alcohol Detection\dataset\Grupo_0\E_0_2\Iritech\E_0_2_1\E_0_2_1_R_5\via_region_data.json
E_0_2_1_R_M_N_N_1976_44_2017.bmp308278,Non-Alcohol,C:\PycharmProjects\Alcohol Detection\dataset\Grupo_0\E_0_2\Iritech\E_0_2_1\E_0_2_1_R_5\via_region_data.json
E_0_2_1_R_M_N_N_1976_45_2017.bmp308278,Non-Alcohol,C:\PycharmProjects\Alcohol Detection\dataset\Grupo_0\E_0_2\Iritech\E_0_2_1\E_0_2_1_R_5\via_region_data.json
E_0_2_1_R_M_N_N_1976_46_2017.bmp308278,Non-Alcohol,C:\PycharmProjects\Alcohol Detection\dataset\Grupo_0\E_0_2\Iritech\E_0_2_1\E_0_2_1_R_5\via_region_data.json
E_0_2_1_R_M_N_N_1976_47_2017.bmp308278,Non-Alcohol,C:\PycharmProjects\Alcohol Detection\dataset\Grupo_0\E_0_2\Iritech\E_0_2_1\E_0_2_1_R_5\via_region_data.json
E_0_2_1_R_M_N_N_1976_48_2017.bmp308278,Non-Alcohol,C:\PycharmProjects\Alcohol Detection\dataset\Grupo_0\E_0_2\Iritech\E_0_2_1\E_0_2_1_R_5\via_region_data.json
E_0_2_1_R_M_N_N_1976_49_2017.bmp308278,Non-Alcohol,C:\PycharmProjects\Alcohol Detection\dataset\Grupo_0\E_0_2\Iritech\E_0_2_1\E_0_2_1_R_5\via_region_data.json
E_0_2_1_R_M_N_N_1976_50_2017.bmp308278,Non-Alcohol,C:\PycharmProjects\Alcohol Detection\dataset\Grupo_0\E_0_2\Iritech\E_0_2_1\E_0_2_1_R_5\via_region_data.json
E_0_2_1_R_M_N_N_1976_51_2017.bmp308278,Non-Alcohol,C:\PycharmProjects\Alcohol Detection\dataset\Grupo_0\E_0_2\Iritech\E_0_2_1\E_0_2_1_R_5\via_region_data.json
E_0_2_1_R_M_N_N_1976_52_2017.bmp308278,Non-Alcohol,C:\PycharmProjects\Alcohol Detection\dataset\Grupo_0\E_0_2\Iritech\E_0_2_1\E_0_2_1_R_5\via_region_data.json
E_0_2_1_R_M_N_N_1976_53_2017.bmp308278,Non-Alcohol,C:\PycharmProjects\Alcohol Detection\dataset\Grupo_0\E_0_2\Iritech\E_0_2_1\E_0_2_1_R_5\via_region_data.json
E_0_2_1_R_M_N_N_1976_54_2017.bmp308278,Non-Alcohol,C:\PycharmProjects\Alcohol Detection\dataset\Grupo_0\E_0_2\Iritech\E_0_2_1\E_0_2_1_R_5\via_region_data.json
E_0_2_1_R_M_N_N_1976_55_2017.bmp308278,Non-Alcohol,C:\PycharmProjects\Alcohol Detection\dataset\Grupo_0\E_0_2\Iritech\E_0_2_1\E_0_2_1_R_5\via_region_data.json
E_0_2_1_R_M_N_N_1976_56_2017.bmp308278,Non-Alcohol,C:\PycharmProjects\Alcohol Detection\dataset\Grupo_0\E_0_2\Iritech\E_0_2_1\E_0_2_1_R_5\via_region_data.json
E_0_2_1_R_M_N_N_1976_57_2017.bmp308278,Non-Alcohol,C:\PycharmProjects\Alcohol Detection\dataset\Grupo_0\E_0_2\Iritech\E_0_2_1\E_0_2_1_R_5\via_region_data.json
E_0_2_1_R_M_N_N_1976_58_2017.bmp308278,Non-Alcohol,C:\PycharmProjects\Alcohol Detection\dataset\Grupo_0\E_0_2\Iritech\E_0_2_1\E_0_2_1_R_5\via_region_data.json
E_0_2_1_R_M_N_N_1976_59_2017.bmp308278,Non-Alcohol,C:\PycharmProjects\Alcohol Detection\dataset\Grupo_0\E_0_2\Iritech\E_0_2_1\E_0_2_1_R_5\via_region_data.json
E_0_2_1_R_M_N_N_1976_60_2017.bmp308278,Non-Alcohol,C:\PycharmProjects\Alcohol Detection\dataset\Grupo_0\E_0_2\Iritech\E_0_2_1\E_0_2_1_R_5\via_region_data.json
E_0_2_1_R_M_N_N_1976_61_2017.bmp308278,Non-Alcohol,C:\PycharmProjects\Alcohol Detection\dataset\Grupo_0\E_0_2\Iritech\E_0_2_1\E_0_2_1_R_5\via_region_data.json
E_0_2_1_R_M_N_N_1976_62_2017.bmp308278,Non-Alcohol,C:\PycharmProjects\Alcohol Detection\dataset\Grupo_0\E_0_2\Iritech\E_0_2_1\E_0_2_1_R_5\via_region_data.json
E_0_2_1_R_M_N_N_1976_63_2017.bmp308278,Non-Alcohol,C:\PycharmProjects\Alcohol Detection\dataset\Grupo_0\E_0_2\Iritech\E_0_2_1\E_0_2_1_R_5\via_region_data.json
E_0_2_1_R_M_N_N_1976_64_2017.bmp308278,Non-Alcohol,C:\PycharmProjects\Alcohol Detection\dataset\Grupo_0\E_0_2\Iritech\E_0_2_1\E_0_2_1_R_5\via_region_data.json
E_0_2_1_R_M_N_N_1976_65_2017.bmp308278,Non-Alcohol,C:\PycharmProjects\Alcohol Detection\dataset\Grupo_0\E_0_2\Iritech\E_0_2_1\E_0_2_1_R_5\via_region_data.json
E_0_2_1_R_M_N_N_1976_66_2017.bmp308278,Non-Alcohol,C:\PycharmProjects\Alcohol Detection\dataset\Grupo_0\E_0_2\Iritech\E_0_2_1\E_0_2_1_R_5\via_region_data.json
E_0_2_1_R_M_N_N_1976_67_2017.bmp308278,Non-Alcohol,C:\PycharmProjects\Alcohol Detection\dataset\Grupo_0\E_0_2\Iritech\E_0_2_1\E_0_2_1_R_5\via_region_data.json
E_0_2_1_R_M_N_N_1976_68_2017.bmp308278,Non-Alcohol,C:\PycharmProjects\Alcohol Detection\dataset\Grupo_0\E_0_2\Iritech\E_0_2_1\E_0_2_1_R_5\via_region_data.json
E_0_2_1_R_M_N_N_1976_69_2017.bmp308278,Non-Alcohol,C:\PycharmProjects\Alcohol Detection\dataset\Grupo_0\E_0_2\Iritech\E_0_2_1\E_0_2_1_R_5\via_region_data.json
E_0_2_1_R_M_N_N_1976_70_2017.bmp308278,Non-Alcohol,C:\PycharmProjects\Alcohol Detection\dataset\Grupo_0\E_0_2\Iritech\E_0_2_1\E_0_2_1_R_5\via_region_data.json
E_0_2_1_R_M_N_N_1976_71_2017.bmp308278,Non-Alcohol,C:\PycharmProjects\Alcohol Detection\dataset\Grupo_0\E_0_2\Iritech\E_0_2_1\E_0_2_1_R_5\via_region_data.json
E_0_2_1_R_M_N_N_1976_72_2017.bmp308278,Non-Alcohol,C:\PycharmProjects\Alcohol Detection\dataset\Grupo_0\E_0_2\Iritech\E_0_2_1\E_0_2_1_R_5\via_region_data.json
E_0_2_1_R_M_N_N_1976_73_2017.bmp308278,Non-Alcohol,C:\PycharmProjects\Alcohol Detection\dataset\Grupo_0\E_0_2\Iritech\E_0_2_1\E_0_2_1_R_5\via_region_data.json
E_0_2_1_R_M_N_N_1976_74_2017.bmp308278,Non-Alcohol,C:\PycharmProjects\Alcohol Detection\dataset\Grupo_0\E_0_2\Iritech\E_0_2_1\E_0_2_1_R_5\via_region_data.json
E_0_2_1_R_M_N_N_1976_75_2017.bmp308278,Non-Alcohol,C:\PycharmProjects\Alcohol Detection\dataset\Grupo_0\E_0_2\Iritech\E_0_2_1\E_0_2_1_R_5\via_region_data.json
E_0_2_1_R_M_N_N_1976_76_2017.bmp308278,Non-Alcohol,C:\PycharmProjects\Alcohol Detection\dataset\Grupo_0\E_0_2\Iritech\E_0_2_1\E_0_2_1_R_5\via_region_data.json
E_0_2_1_R_M_N_N_1976_77_2017.bmp308278,Non-Alcohol,C:\PycharmProjects\Alcohol Detection\dataset\Grupo_0\E_0_2\Iritech\E_0_2_1\E_0_2_1_R_5\via_region_data.json
E_0_2_2_L_M_N_N_1976_0_2017.bmp308278,Non-Alcohol,C:\PycharmProjects\Alcohol Detection\dataset\Grupo_0\E_0_2\Iritech\E_0_2_2\via_region_data.json
E_0_2_2_R_M_N_N_1976_0_2017.bmp308278,Non-Alcohol,C:\PycharmProjects\Alcohol Detection\dataset\Grupo_0\E_0_2\Iritech\E_0_2_2\via_region_data.json
E_0_2_2_L_M_N_N_1976_0_2017.bmp308278,Non-Alcohol,C:\PycharmProjects\Alcohol Detection\dataset\Grupo_0\E_0_2\Iritech\E_0_2_2\E_0_2_2_L_5\via_region_data.json
E_0_2_2_L_M_N_N_1976_1_2017.bmp308278,Non-Alcohol,C:\PycharmProjects\Alcohol Detection\dataset\Grupo_0\E_0_2\Iritech\E_0_2_2\E_0_2_2_L_5\via_region_data.json
E_0_2_2_L_M_N_N_1976_2_2017.bmp308278,Non-Alcohol,C:\PycharmProjects\Alcohol Detection\dataset\Grupo_0\E_0_2\Iritech\E_0_2_2\E_0_2_2_L_5\via_region_data.json
E_0_2_2_L_M_N_N_1976_3_2017.bmp308278,Non-Alcohol,C:\PycharmProjects\Alcohol Detection\dataset\Grupo_0\E_0_2\Iritech\E_0_2_2\E_0_2_2_L_5\via_region_data.json
E_0_2_2_L_M_N_N_1976_4_2017.bmp308278,Non-Alcohol,C:\PycharmProjects\Alcohol Detection\dataset\Grupo_0\E_0_2\Iritech\E_0_2_2\E_0_2_2_L_5\via_region_data.json
E_0_2_2_L_M_N_N_1976_5_2017.bmp308278,Non-Alcohol,C:\PycharmProjects\Alcohol Detection\dataset\Grupo_0\E_0_2\Iritech\E_0_2_2\E_0_2_2_L_5\via_region_data.json
E_0_2_2_L_M_N_N_1976_6_2017.bmp308278,Non-Alcohol,C:\PycharmProjects\Alcohol Detection\dataset\Grupo_0\E_0_2\Iritech\E_0_2_2\E_0_2_2_L_5\via_region_data.json
E_0_2_2_L_M_N_N_1976_7_2017.bmp308278,Non-Alcohol,C:\PycharmProjects\Alcohol Detection\dataset\Grupo_0\E_0_2\Iritech\E_0_2_2\E_0_2_2_L_5\via_region_data.json
E_0_2_2_L_M_N_N_1976_8_2017.bmp308278,Non-Alcohol,C:\PycharmProjects\Alcohol Detection\dataset\Grupo_0\E_0_2\Iritech\E_0_2_2\E_0_2_2_L_5\via_region_data.json
E_0_2_2_L_M_N_N_1976_9_2017.bmp308278,Non-Alcohol,C:\PycharmProjects\Alcohol Detection\dataset\Grupo_0\E_0_2\Iritech\E_0_2_2\E_0_2_2_L_5\via_region_data.json
E_0_2_2_L_M_N_N_1976_10_2017.bmp308278,Non-Alcohol,C:\PycharmProjects\Alcohol Detection\dataset\Grupo_0\E_0_2\Iritech\E_0_2_2\E_0_2_2_L_5\via_region_data.json
E_0_2_2_L_M_N_N_1976_11_2017.bmp308278,Non-Alcohol,C:\PycharmProjects\Alcohol Detection\dataset\Grupo_0\E_0_2\Iritech\E_0_2_2\E_0_2_2_L_5\via_region_data.json
E_0_2_2_L_M_N_N_1976_12_2017.bmp308278,Non-Alcohol,C:\PycharmProjects\Alcohol Detection\dataset\Grupo_0\E_0_2\Iritech\E_0_2_2\E_0_2_2_L_5\via_region_data.json
E_0_2_2_L_M_N_N_1976_13_2017.bmp308278,Non-Alcohol,C:\PycharmProjects\Alcohol Detection\dataset\Grupo_0\E_0_2\Iritech\E_0_2_2\E_0_2_2_L_5\via_region_data.json
E_0_2_2_L_M_N_N_1976_14_2017.bmp308278,Non-Alcohol,C:\PycharmProjects\Alcohol Detection\dataset\Grupo_0\E_0_2\Iritech\E_0_2_2\E_0_2_2_L_5\via_region_data.json
E_0_2_2_L_M_N_N_1976_15_2017.bmp308278,Non-Alcohol,C:\PycharmProjects\Alcohol Detection\dataset\Grupo_0\E_0_2\Iritech\E_0_2_2\E_0_2_2_L_5\via_region_data.json
E_0_2_2_L_M_N_N_1976_16_2017.bmp308278,Non-Alcohol,C:\PycharmProjects\Alcohol Detection\dataset\Grupo_0\E_0_2\Iritech\E_0_2_2\E_0_2_2_L_5\via_region_data.json
E_0_2_2_L_M_N_N_1976_17_2017.bmp308278,Non-Alcohol,C:\PycharmProjects\Alcohol Detection\dataset\Grupo_0\E_0_2\Iritech\E_0_2_2\E_0_2_2_L_5\via_region_data.json
E_0_2_2_L_M_N_N_1976_18_2017.bmp308278,Non-Alcohol,C:\PycharmProjects\Alcohol Detection\dataset\Grupo_0\E_0_2\Iritech\E_0_2_2\E_0_2_2_L_5\via_region_data.json
E_0_2_2_L_M_N_N_1976_19_2017.bmp308278,Non-Alcohol,C:\PycharmProjects\Alcohol Detection\dataset\Grupo_0\E_0_2\Iritech\E_0_2_2\E_0_2_2_L_5\via_region_data.json
E_0_2_2_L_M_N_N_1976_20_2017.bmp308278,Non-Alcohol,C:\PycharmProjects\Alcohol Detection\dataset\Grupo_0\E_0_2\Iritech\E_0_2_2\E_0_2_2_L_5\via_region_data.json
E_0_2_2_L_M_N_N_1976_21_2017.bmp308278,Non-Alcohol,C:\PycharmProjects\Alcohol Detection\dataset\Grupo_0\E_0_2\Iritech\E_0_2_2\E_0_2_2_L_5\via_region_data.json
E_0_2_2_L_M_N_N_1976_22_2017.bmp308278,Non-Alcohol,C:\PycharmProjects\Alcohol Detection\dataset\Grupo_0\E_0_2\Iritech\E_0_2_2\E_0_2_2_L_5\via_region_data.json
E_0_2_2_L_M_N_N_1976_23_2017.bmp308278,Non-Alcohol,C:\PycharmProjects\Alcohol Detection\dataset\Grupo_0\E_0_2\Iritech\E_0_2_2\E_0_2_2_L_5\via_region_data.json
E_0_2_2_L_M_N_N_1976_24_2017.bmp308278,Non-Alcohol,C:\PycharmProjects\Alcohol Detection\dataset\Grupo_0\E_0_2\Iritech\E_0_2_2\E_0_2_2_L_5\via_region_data.json
E_0_2_2_L_M_N_N_1976_25_2017.bmp308278,Non-Alcohol,C:\PycharmProjects\Alcohol Detection\dataset\Grupo_0\E_0_2\Iritech\E_0_2_2\E_0_2_2_L_5\via_region_data.json
E_0_2_2_L_M_N_N_1976_26_2017.bmp308278,Non-Alcohol,C:\PycharmProjects\Alcohol Detection\dataset\Grupo_0\E_0_2\Iritech\E_0_2_2\E_0_2_2_L_5\via_region_data.json
E_0_2_2_L_M_N_N_1976_27_2017.bmp308278,Non-Alcohol,C:\PycharmProjects\Alcohol Detection\dataset\Grupo_0\E_0_2\Iritech\E_0_2_2\E_0_2_2_L_5\via_region_data.json
E_0_2_2_L_M_N_N_1976_28_2017.bmp308278,Non-Alcohol,C:\PycharmProjects\Alcohol Detection\dataset\Grupo_0\E_0_2\Iritech\E_0_2_2\E_0_2_2_L_5\via_region_data.json
E_0_2_2_L_M_N_N_1976_29_2017.bmp308278,Non-Alcohol,C:\PycharmProjects\Alcohol Detection\dataset\Grupo_0\E_0_2\Iritech\E_0_2_2\E_0_2_2_L_5\via_region_data.json
E_0_2_2_L_M_N_N_1976_30_2017.bmp308278,Non-Alcohol,C:\PycharmProjects\Alcohol Detection\dataset\Grupo_0\E_0_2\Iritech\E_0_2_2\E_0_2_2_L_5\via_region_data.json
E_0_2_2_L_M_N_N_1976_31_2017.bmp308278,Non-Alcohol,C:\PycharmProjects\Alcohol Detection\dataset\Grupo_0\E_0_2\Iritech\E_0_2_2\E_0_2_2_L_5\via_region_data.json
E_0_2_2_L_M_N_N_1976_32_2017.bmp308278,Non-Alcohol,C:\PycharmProjects\Alcohol Detection\dataset\Grupo_0\E_0_2\Iritech\E_0_2_2\E_0_2_2_L_5\via_region_data.json
E_0_2_2_L_M_N_N_1976_33_2017.bmp308278,Non-Alcohol,C:\PycharmProjects\Alcohol Detection\dataset\Grupo_0\E_0_2\Iritech\E_0_2_2\E_0_2_2_L_5\via_region_data.json
E_0_2_2_L_M_N_N_1976_34_2017.bmp308278,Non-Alcohol,C:\PycharmProjects\Alcohol Detection\dataset\Grupo_0\E_0_2\Iritech\E_0_2_2\E_0_2_2_L_5\via_region_data.json
E_0_2_2_L_M_N_N_1976_35_2017.bmp308278,Non-Alcohol,C:\PycharmProjects\Alcohol Detection\dataset\Grupo_0\E_0_2\Iritech\E_0_2_2\E_0_2_2_L_5\via_region_data.json
E_0_2_2_L_M_N_N_1976_36_2017.bmp308278,Non-Alcohol,C:\PycharmProjects\Alcohol Detection\dataset\Grupo_0\E_0_2\Iritech\E_0_2_2\E_0_2_2_L_5\via_region_data.json
E_0_2_2_L_M_N_N_1976_37_2017.bmp308278,Non-Alcohol,C:\PycharmProjects\Alcohol Detection\dataset\Grupo_0\E_0_2\Iritech\E_0_2_2\E_0_2_2_L_5\via_region_data.json
E_0_2_2_L_M_N_N_1976_38_2017.bmp308278,Non-Alcohol,C:\PycharmProjects\Alcohol Detection\dataset\Grupo_0\E_0_2\Iritech\E_0_2_2\E_0_2_2_L_5\via_region_data.json
E_0_2_2_L_M_N_N_1976_39_2017.bmp308278,Non-Alcohol,C:\PycharmProjects\Alcohol Detection\dataset\Grupo_0\E_0_2\Iritech\E_0_2_2\E_0_2_2_L_5\via_region_data.json
E_0_2_2_L_M_N_N_1976_40_2017.bmp308278,Non-Alcohol,C:\PycharmProjects\Alcohol Detection\dataset\Grupo_0\E_0_2\Iritech\E_0_2_2\E_0_2_2_L_5\via_region_data.json
E_0_2_2_L_M_N_N_1976_41_2017.bmp308278,Non-Alcohol,C:\PycharmProjects\Alcohol Detection\dataset\Grupo_0\E_0_2\Iritech\E_0_2_2\E_0_2_2_L_5\via_region_data.json
E_0_2_2_L_M_N_N_1976_42_2017.bmp308278,Non-Alcohol,C:\PycharmProjects\Alcohol Detection\dataset\Grupo_0\E_0_2\Iritech\E_0_2_2\E_0_2_2_L_5\via_region_data.json
E_0_2_2_L_M_N_N_1976_43_2017.bmp308278,Non-Alcohol,C:\PycharmProjects\Alcohol Detection\dataset\Grupo_0\E_0_2\Iritech\E_0_2_2\E_0_2_2_L_5\via_region_data.json
E_0_2_2_L_M_N_N_1976_44_2017.bmp308278,Non-Alcohol,C:\PycharmProjects\Alcohol Detection\dataset\Grupo_0\E_0_2\Iritech\E_0_2_2\E_0_2_2_L_5\via_region_data.json
E_0_2_2_L_M_N_N_1976_45_2017.bmp308278,Non-Alcohol,C:\PycharmProjects\Alcohol Detection\dataset\Grupo_0\E_0_2\Iritech\E_0_2_2\E_0_2_2_L_5\via_region_data.json
E_0_2_2_L_M_N_N_1976_46_2017.bmp308278,Non-Alcohol,C:\PycharmProjects\Alcohol Detection\dataset\Grupo_0\E_0_2\Iritech\E_0_2_2\E_0_2_2_L_5\via_region_data.json
E_0_2_2_L_M_N_N_1976_47_2017.bmp308278,Non-Alcohol,C:\PycharmProjects\Alcohol Detection\dataset\Grupo_0\E_0_2\Iritech\E_0_2_2\E_0_2_2_L_5\via_region_data.json
E_0_2_2_L_M_N_N_1976_48_2017.bmp308278,Non-Alcohol,C:\PycharmProjects\Alcohol Detection\dataset\Grupo_0\E_0_2\Iritech\E_0_2_2\E_0_2_2_L_5\via_region_data.json
E_0_2_2_L_M_N_N_1976_49_2017.bmp308278,Non-Alcohol,C:\PycharmProjects\Alcohol Detection\dataset\Grupo_0\E_0_2\Iritech\E_0_2_2\E_0_2_2_L_5\via_region_data.json
E_0_2_2_L_M_N_N_1976_50_2017.bmp308278,Non-Alcohol,C:\PycharmProjects\Alcohol Detection\dataset\Grupo_0\E_0_2\Iritech\E_0_2_2\E_0_2_2_L_5\via_region_data.json
E_0_2_2_L_M_N_N_1976_51_2017.bmp308278,Non-Alcohol,C:\PycharmProjects\Alcohol Detection\dataset\Grupo_0\E_0_2\Iritech\E_0_2_2\E_0_2_2_L_5\via_region_data.json
E_0_2_2_L_M_N_N_1976_52_2017.bmp308278,Non-Alcohol,C:\PycharmProjects\Alcohol Detection\dataset\Grupo_0\E_0_2\Iritech\E_0_2_2\E_0_2_2_L_5\via_region_data.json
E_0_2_2_L_M_N_N_1976_53_2017.bmp308278,Non-Alcohol,C:\PycharmProjects\Alcohol Detection\dataset\Grupo_0\E_0_2\Iritech\E_0_2_2\E_0_2_2_L_5\via_region_data.json
E_0_2_2_L_M_N_N_1976_54_2017.bmp308278,Non-Alcohol,C:\PycharmProjects\Alcohol Detection\dataset\Grupo_0\E_0_2\Iritech\E_0_2_2\E_0_2_2_L_5\via_region_data.json
E_0_2_2_L_M_N_N_1976_55_2017.bmp308278,Non-Alcohol,C:\PycharmProjects\Alcohol Detection\dataset\Grupo_0\E_0_2\Iritech\E_0_2_2\E_0_2_2_L_5\via_region_data.json
E_0_2_2_L_M_N_N_1976_56_2017.bmp308278,Non-Alcohol,C:\PycharmProjects\Alcohol Detection\dataset\Grupo_0\E_0_2\Iritech\E_0_2_2\E_0_2_2_L_5\via_region_data.json
E_0_2_2_L_M_N_N_1976_57_2017.bmp308278,Non-Alcohol,C:\PycharmProjects\Alcohol Detection\dataset\Grupo_0\E_0_2\Iritech\E_0_2_2\E_0_2_2_L_5\via_region_data.json
E_0_2_2_L_M_N_N_1976_58_2017.bmp308278,Non-Alcohol,C:\PycharmProjects\Alcohol Detection\dataset\Grupo_0\E_0_2\Iritech\E_0_2_2\E_0_2_2_L_5\via_region_data.json
E_0_2_2_L_M_N_N_1976_59_2017.bmp308278,Non-Alcohol,C:\PycharmProjects\Alcohol Detection\dataset\Grupo_0\E_0_2\Iritech\E_0_2_2\E_0_2_2_L_5\via_region_data.json
E_0_2_2_L_M_N_N_1976_60_2017.bmp308278,Non-Alcohol,C:\PycharmProjects\Alcohol Detection\dataset\Grupo_0\E_0_2\Iritech\E_0_2_2\E_0_2_2_L_5\via_region_data.json
E_0_2_2_L_M_N_N_1976_61_2017.bmp308278,Non-Alcohol,C:\PycharmProjects\Alcohol Detection\dataset\Grupo_0\E_0_2\Iritech\E_0_2_2\E_0_2_2_L_5\via_region_data.json
E_0_2_2_L_M_N_N_1976_62_2017.bmp308278,Non-Alcohol,C:\PycharmProjects\Alcohol Detection\dataset\Grupo_0\E_0_2\Iritech\E_0_2_2\E_0_2_2_L_5\via_region_data.json
E_0_2_2_L_M_N_N_1976_63_2017.bmp308278,Non-Alcohol,C:\PycharmProjects\Alcohol Detection\dataset\Grupo_0\E_0_2\Iritech\E_0_2_2\E_0_2_2_L_5\via_region_data.json
E_0_2_2_L_M_N_N_1976_64_2017.bmp308278,Non-Alcohol,C:\PycharmProjects\Alcohol Detection\dataset\Grupo_0\E_0_2\Iritech\E_0_2_2\E_0_2_2_L_5\via_region_data.json
E_0_2_2_L_M_N_N_1976_65_2017.bmp308278,Non-Alcohol,C:\PycharmProjects\Alcohol Detection\dataset\Grupo_0\E_0_2\Iritech\E_0_2_2\E_0_2_2_L_5\via_region_data.json
E_0_2_2_L_M_N_N_1976_66_2017.bmp308278,Non-Alcohol,C:\PycharmProjects\Alcohol Detection\dataset\Grupo_0\E_0_2\Iritech\E_0_2_2\E_0_2_2_L_5\via_region_data.json
E_0_2_2_L_M_N_N_1976_67_2017.bmp308278,Non-Alcohol,C:\PycharmProjects\Alcohol Detection\dataset\Grupo_0\E_0_2\Iritech\E_0_2_2\E_0_2_2_L_5\via_region_data.json
E_0_2_2_L_M_N_N_1976_68_2017.bmp308278,Non-Alcohol,C:\PycharmProjects\Alcohol Detection\dataset\Grupo_0\E_0_2\Iritech\E_0_2_2\E_0_2_2_L_5\via_region_data.json
E_0_2_2_L_M_N_N_1976_69_2017.bmp308278,Non-Alcohol,C:\PycharmProjects\Alcohol Detection\dataset\Grupo_0\E_0_2\Iritech\E_0_2_2\E_0_2_2_L_5\via_region_data.json
E_0_2_2_L_M_N_N_1976_70_2017.bmp308278,Non-Alcohol,C:\PycharmProjects\Alcohol Detection\dataset\Grupo_0\E_0_2\Iritech\E_0_2_2\E_0_2_2_L_5\via_region_data.json
E_0_2_2_L_M_N_N_1976_71_2017.bmp308278,Non-Alcohol,C:\PycharmProjects\Alcohol Detection\dataset\Grupo_0\E_0_2\Iritech\E_0_2_2\E_0_2_2_L_5\via_region_data.json
E_0_2_2_L_M_N_N_1976_72_2017.bmp308278,Non-Alcohol,C:\PycharmProjects\Alcohol Detection\dataset\Grupo_0\E_0_2\Iritech\E_0_2_2\E_0_2_2_L_5\via_region_data.json
E_0_2_2_L_M_N_N_1976_73_2017.bmp308278,Non-Alcohol,C:\PycharmProjects\Alcohol Detection\dataset\Grupo_0\E_0_2\Iritech\E_0_2_2\E_0_2_2_L_5\via_region_data.json
E_0_2_2_L_M_N_N_1976_74_2017.bmp308278,Non-Alcohol,C:\PycharmProjects\Alcohol Detection\dataset\Grupo_0\E_0_2\Iritech\E_0_2_2\E_0_2_2_L_5\via_region_data.json
E_0_2_2_L_M_N_N_1976_75_2017.bmp308278,Non-Alcohol,C:\PycharmProjects\Alcohol Detection\dataset\Grupo_0\E_0_2\Iritech\E_0_2_2\E_0_2_2_L_5\via_region_data.json
E_0_2_2_L_M_N_N_1976_76_2017.bmp308278,Non-Alcohol,C:\PycharmProjects\Alcohol Detection\dataset\Grupo_0\E_0_2\Iritech\E_0_2_2\E_0_2_2_L_5\via_region_data.json
E_0_2_2_L_M_N_N_1976_77_2017.bmp308278,Non-Alcohol,C:\PycharmProjects\Alcohol Detection\dataset\Grupo_0\E_0_2\Iritech\E_0_2_2\E_0_2_2_L_5\via_region_data.json
E_0_2_2_R_M_N_N_1976_0_2017.bmp308278,Non-Alcohol,C:\PycharmProjects\Alcohol Detection\dataset\Grupo_0\E_0_2\Iritech\E_0_2_2\E_0_2_2_R_5\via_region_data.json
E_0_2_2_R_M_N_N_1976_1_2017.bmp308278,Non-Alcohol,C:\PycharmProjects\Alcohol Detection\dataset\Grupo_0\E_0_2\Iritech\E_0_2_2\E_0_2_2_R_5\via_region_data.json
E_0_2_2_R_M_N_N_1976_2_2017.bmp308278,Non-Alcohol,C:\PycharmProjects\Alcohol Detection\dataset\Grupo_0\E_0_2\Iritech\E_0_2_2\E_0_2_2_R_5\via_region_data.json
E_0_2_2_R_M_N_N_1976_3_2017.bmp308278,Non-Alcohol,C:\PycharmProjects\Alcohol Detection\dataset\Grupo_0\E_0_2\Iritech\E_0_2_2\E_0_2_2_R_5\via_region_data.json
E_0_2_2_R_M_N_N_1976_4_2017.bmp308278,Non-Alcohol,C:\PycharmProjects\Alcohol Detection\dataset\Grupo_0\E_0_2\Iritech\E_0_2_2\E_0_2_2_R_5\via_region_data.json
E_0_2_2_R_M_N_N_1976_5_2017.bmp308278,Non-Alcohol,C:\PycharmProjects\Alcohol Detection\dataset\Grupo_0\E_0_2\Iritech\E_0_2_2\E_0_2_2_R_5\via_region_data.json
E_0_2_2_R_M_N_N_1976_6_2017.bmp308278,Non-Alcohol,C:\PycharmProjects\Alcohol Detection\dataset\Grupo_0\E_0_2\Iritech\E_0_2_2\E_0_2_2_R_5\via_region_data.json
E_0_2_2_R_M_N_N_1976_7_2017.bmp308278,Non-Alcohol,C:\PycharmProjects\Alcohol Detection\dataset\Grupo_0\E_0_2\Iritech\E_0_2_2\E_0_2_2_R_5\via_region_data.json
E_0_2_2_R_M_N_N_1976_8_2017.bmp308278,Non-Alcohol,C:\PycharmProjects\Alcohol Detection\dataset\Grupo_0\E_0_2\Iritech\E_0_2_2\E_0_2_2_R_5\via_region_data.json
E_0_2_2_R_M_N_N_1976_9_2017.bmp308278,Non-Alcohol,C:\PycharmProjects\Alcohol Detection\dataset\Grupo_0\E_0_2\Iritech\E_0_2_2\E_0_2_2_R_5\via_region_data.json
E_0_2_2_R_M_N_N_1976_10_2017.bmp308278,Non-Alcohol,C:\PycharmProjects\Alcohol Detection\dataset\Grupo_0\E_0_2\Iritech\E_0_2_2\E_0_2_2_R_5\via_region_data.json
E_0_2_2_R_M_N_N_1976_11_2017.bmp308278,Non-Alcohol,C:\PycharmProjects\Alcohol Detection\dataset\Grupo_0\E_0_2\Iritech\E_0_2_2\E_0_2_2_R_5\via_region_data.json
E_0_2_2_R_M_N_N_1976_12_2017.bmp308278,Non-Alcohol,C:\PycharmProjects\Alcohol Detection\dataset\Grupo_0\E_0_2\Iritech\E_0_2_2\E_0_2_2_R_5\via_region_data.json
E_0_2_2_R_M_N_N_1976_13_2017.bmp308278,Non-Alcohol,C:\PycharmProjects\Alcohol Detection\dataset\Grupo_0\E_0_2\Iritech\E_0_2_2\E_0_2_2_R_5\via_region_data.json
E_0_2_2_R_M_N_N_1976_14_2017.bmp308278,Non-Alcohol,C:\PycharmProjects\Alcohol Detection\dataset\Grupo_0\E_0_2\Iritech\E_0_2_2\E_0_2_2_R_5\via_region_data.json
E_0_2_2_R_M_N_N_1976_15_2017.bmp308278,Non-Alcohol,C:\PycharmProjects\Alcohol Detection\dataset\Grupo_0\E_0_2\Iritech\E_0_2_2\E_0_2_2_R_5\via_region_data.json
E_0_2_2_R_M_N_N_1976_16_2017.bmp308278,Non-Alcohol,C:\PycharmProjects\Alcohol Detection\dataset\Grupo_0\E_0_2\Iritech\E_0_2_2\E_0_2_2_R_5\via_region_data.json
E_0_2_2_R_M_N_N_1976_17_2017.bmp308278,Non-Alcohol,C:\PycharmProjects\Alcohol Detection\dataset\Grupo_0\E_0_2\Iritech\E_0_2_2\E_0_2_2_R_5\via_region_data.json
E_0_2_2_R_M_N_N_1976_18_2017.bmp308278,Non-Alcohol,C:\PycharmProjects\Alcohol Detection\dataset\Grupo_0\E_0_2\Iritech\E_0_2_2\E_0_2_2_R_5\via_region_data.json
E_0_2_2_R_M_N_N_1976_19_2017.bmp308278,Non-Alcohol,C:\PycharmProjects\Alcohol Detection\dataset\Grupo_0\E_0_2\Iritech\E_0_2_2\E_0_2_2_R_5\via_region_data.json
E_0_2_2_R_M_N_N_1976_20_2017.bmp308278,Non-Alcohol,C:\PycharmProjects\Alcohol Detection\dataset\Grupo_0\E_0_2\Iritech\E_0_2_2\E_0_2_2_R_5\via_region_data.json
E_0_2_2_R_M_N_N_1976_21_2017.bmp308278,Non-Alcohol,C:\PycharmProjects\Alcohol Detection\dataset\Grupo_0\E_0_2\Iritech\E_0_2_2\E_0_2_2_R_5\via_region_data.json
E_0_2_2_R_M_N_N_1976_22_2017.bmp308278,Non-Alcohol,C:\PycharmProjects\Alcohol Detection\dataset\Grupo_0\E_0_2\Iritech\E_0_2_2\E_0_2_2_R_5\via_region_data.json
E_0_2_2_R_M_N_N_1976_23_2017.bmp308278,Non-Alcohol,C:\PycharmProjects\Alcohol Detection\dataset\Grupo_0\E_0_2\Iritech\E_0_2_2\E_0_2_2_R_5\via_region_data.json
E_0_2_2_R_M_N_N_1976_24_2017.bmp308278,Non-Alcohol,C:\PycharmProjects\Alcohol Detection\dataset\Grupo_0\E_0_2\Iritech\E_0_2_2\E_0_2_2_R_5\via_region_data.json
E_0_2_2_R_M_N_N_1976_25_2017.bmp308278,Non-Alcohol,C:\PycharmProjects\Alcohol Detection\dataset\Grupo_0\E_0_2\Iritech\E_0_2_2\E_0_2_2_R_5\via_region_data.json
E_0_2_2_R_M_N_N_1976_26_2017.bmp308278,Non-Alcohol,C:\PycharmProjects\Alcohol Detection\dataset\Grupo_0\E_0_2\Iritech\E_0_2_2\E_0_2_2_R_5\via_region_data.json
E_0_2_2_R_M_N_N_1976_27_2017.bmp308278,Non-Alcohol,C:\PycharmProjects\Alcohol Detection\dataset\Grupo_0\E_0_2\Iritech\E_0_2_2\E_0_2_2_R_5\via_region_data.json
E_0_2_2_R_M_N_N_1976_28_2017.bmp308278,Non-Alcohol,C:\PycharmProjects\Alcohol Detection\dataset\Grupo_0\E_0_2\Iritech\E_0_2_2\E_0_2_2_R_5\via_region_data.json
E_0_2_2_R_M_N_N_1976_29_2017.bmp308278,Non-Alcohol,C:\PycharmProjects\Alcohol Detection\dataset\Grupo_0\E_0_2\Iritech\E_0_2_2\E_0_2_2_R_5\via_region_data.json
E_0_2_2_R_M_N_N_1976_30_2017.bmp308278,Non-Alcohol,C:\PycharmProjects\Alcohol Detection\dataset\Grupo_0\E_0_2\Iritech\E_0_2_2\E_0_2_2_R_5\via_region_data.json
E_0_2_2_R_M_N_N_1976_31_2017.bmp308278,Non-Alcohol,C:\PycharmProjects\Alcohol Detection\dataset\Grupo_0\E_0_2\Iritech\E_0_2_2\E_0_2_2_R_5\via_region_data.json
E_0_2_2_R_M_N_N_1976_32_2017.bmp308278,Non-Alcohol,C:\PycharmProjects\Alcohol Detection\dataset\Grupo_0\E_0_2\Iritech\E_0_2_2\E_0_2_2_R_5\via_region_data.json
E_0_2_2_R_M_N_N_1976_33_2017.bmp308278,Non-Alcohol,C:\PycharmProjects\Alcohol Detection\dataset\Grupo_0\E_0_2\Iritech\E_0_2_2\E_0_2_2_R_5\via_region_data.json
E_0_2_2_R_M_N_N_1976_34_2017.bmp308278,Non-Alcohol,C:\PycharmProjects\Alcohol Detection\dataset\Grupo_0\E_0_2\Iritech\E_0_2_2\E_0_2_2_R_5\via_region_data.json
E_0_2_2_R_M_N_N_1976_35_2017.bmp308278,Non-Alcohol,C:\PycharmProjects\Alcohol Detection\dataset\Grupo_0\E_0_2\Iritech\E_0_2_2\E_0_2_2_R_5\via_region_data.json
E_0_2_2_R_M_N_N_1976_36_2017.bmp308278,Non-Alcohol,C:\PycharmProjects\Alcohol Detection\dataset\Grupo_0\E_0_2\Iritech\E_0_2_2\E_0_2_2_R_5\via_region_data.json
E_0_2_2_R_M_N_N_1976_37_2017.bmp308278,Non-Alcohol,C:\PycharmProjects\Alcohol Detection\dataset\Grupo_0\E_0_2\Iritech\E_0_2_2\E_0_2_2_R_5\via_region_data.json
E_0_2_2_R_M_N_N_1976_38_2017.bmp308278,Non-Alcohol,C:\PycharmProjects\Alcohol Detection\dataset\Grupo_0\E_0_2\Iritech\E_0_2_2\E_0_2_2_R_5\via_region_data.json
E_0_2_2_R_M_N_N_1976_39_2017.bmp308278,Non-Alcohol,C:\PycharmProjects\Alcohol Detection\dataset\Grupo_0\E_0_2\Iritech\E_0_2_2\E_0_2_2_R_5\via_region_data.json
E_0_2_2_R_M_N_N_1976_40_2017.bmp308278,Non-Alcohol,C:\PycharmProjects\Alcohol Detection\dataset\Grupo_0\E_0_2\Iritech\E_0_2_2\E_0_2_2_R_5\via_region_data.json
E_0_2_2_R_M_N_N_1976_41_2017.bmp308278,Non-Alcohol,C:\PycharmProjects\Alcohol Detection\dataset\Grupo_0\E_0_2\Iritech\E_0_2_2\E_0_2_2_R_5\via_region_data.json
E_0_2_2_R_M_N_N_1976_42_2017.bmp308278,Non-Alcohol,C:\PycharmProjects\Alcohol Detection\dataset\Grupo_0\E_0_2\Iritech\E_0_2_2\E_0_2_2_R_5\via_region_data.json
E_0_2_2_R_M_N_N_1976_43_2017.bmp308278,Non-Alcohol,C:\PycharmProjects\Alcohol Detection\dataset\Grupo_0\E_0_2\Iritech\E_0_2_2\E_0_2_2_R_5\via_region_data.json
E_0_2_2_R_M_N_N_1976_44_2017.bmp308278,Non-Alcohol,C:\PycharmProjects\Alcohol Detection\dataset\Grupo_0\E_0_2\Iritech\E_0_2_2\E_0_2_2_R_5\via_region_data.json
E_0_2_2_R_M_N_N_1976_45_2017.bmp308278,Non-Alcohol,C:\PycharmProjects\Alcohol Detection\dataset\Grupo_0\E_0_2\Iritech\E_0_2_2\E_0_2_2_R_5\via_region_data.json
E_0_2_2_R_M_N_N_1976_46_2017.bmp308278,Non-Alcohol,C:\PycharmProjects\Alcohol Detection\dataset\Grupo_0\E_0_2\Iritech\E_0_2_2\E_0_2_2_R_5\via_region_data.json
E_0_2_2_R_M_N_N_1976_47_2017.bmp308278,Non-Alcohol,C:\PycharmProjects\Alcohol Detection\dataset\Grupo_0\E_0_2\Iritech\E_0_2_2\E_0_2_2_R_5\via_region_data.json
E_0_2_2_R_M_N_N_1976_48_2017.bmp308278,Non-Alcohol,C:\PycharmProjects\Alcohol Detection\dataset\Grupo_0\E_0_2\Iritech\E_0_2_2\E_0_2_2_R_5\via_region_data.json
E_0_2_2_R_M_N_N_1976_49_2017.bmp308278,Non-Alcohol,C:\PycharmProjects\Alcohol Detection\dataset\Grupo_0\E_0_2\Iritech\E_0_2_2\E_0_2_2_R_5\via_region_data.json
E_0_2_2_R_M_N_N_1976_50_2017.bmp308278,Non-Alcohol,C:\PycharmProjects\Alcohol Detection\dataset\Grupo_0\E_0_2\Iritech\E_0_2_2\E_0_2_2_R_5\via_region_data.json
E_0_2_2_R_M_N_N_1976_51_2017.bmp308278,Non-Alcohol,C:\PycharmProjects\Alcohol Detection\dataset\Grupo_0\E_0_2\Iritech\E_0_2_2\E_0_2_2_R_5\via_region_data.json
E_0_2_2_R_M_N_N_1976_52_2017.bmp308278,Non-Alcohol,C:\PycharmProjects\Alcohol Detection\dataset\Grupo_0\E_0_2\Iritech\E_0_2_2\E_0_2_2_R_5\via_region_data.json
E_0_2_2_R_M_N_N_1976_53_2017.bmp308278,Non-Alcohol,C:\PycharmProjects\Alcohol Detection\dataset\Grupo_0\E_0_2\Iritech\E_0_2_2\E_0_2_2_R_5\via_region_data.json
E_0_2_2_R_M_N_N_1976_54_2017.bmp308278,Non-Alcohol,C:\PycharmProjects\Alcohol Detection\dataset\Grupo_0\E_0_2\Iritech\E_0_2_2\E_0_2_2_R_5\via_region_data.json
E_0_2_2_R_M_N_N_1976_55_2017.bmp308278,Non-Alcohol,C:\PycharmProjects\Alcohol Detection\dataset\Grupo_0\E_0_2\Iritech\E_0_2_2\E_0_2_2_R_5\via_region_data.json
E_0_2_2_R_M_N_N_1976_56_2017.bmp308278,Non-Alcohol,C:\PycharmProjects\Alcohol Detection\dataset\Grupo_0\E_0_2\Iritech\E_0_2_2\E_0_2_2_R_5\via_region_data.json
E_0_2_2_R_M_N_N_1976_57_2017.bmp308278,Non-Alcohol,C:\PycharmProjects\Alcohol Detection\dataset\Grupo_0\E_0_2\Iritech\E_0_2_2\E_0_2_2_R_5\via_region_data.json
E_0_2_2_R_M_N_N_1976_58_2017.bmp308278,Non-Alcohol,C:\PycharmProjects\Alcohol Detection\dataset\Grupo_0\E_0_2\Iritech\E_0_2_2\E_0_2_2_R_5\via_region_data.json
E_0_2_2_R_M_N_N_1976_59_2017.bmp308278,Non-Alcohol,C:\PycharmProjects\Alcohol Detection\dataset\Grupo_0\E_0_2\Iritech\E_0_2_2\E_0_2_2_R_5\via_region_data.json
E_0_2_2_R_M_N_N_1976_60_2017.bmp308278,Non-Alcohol,C:\PycharmProjects\Alcohol Detection\dataset\Grupo_0\E_0_2\Iritech\E_0_2_2\E_0_2_2_R_5\via_region_data.json
E_0_2_2_R_M_N_N_1976_61_2017.bmp308278,Non-Alcohol,C:\PycharmProjects\Alcohol Detection\dataset\Grupo_0\E_0_2\Iritech\E_0_2_2\E_0_2_2_R_5\via_region_data.json
E_0_2_2_R_M_N_N_1976_62_2017.bmp308278,Non-Alcohol,C:\PycharmProjects\Alcohol Detection\dataset\Grupo_0\E_0_2\Iritech\E_0_2_2\E_0_2_2_R_5\via_region_data.json
E_0_2_2_R_M_N_N_1976_63_2017.bmp308278,Non-Alcohol,C:\PycharmProjects\Alcohol Detection\dataset\Grupo_0\E_0_2\Iritech\E_0_2_2\E_0_2_2_R_5\via_region_data.json
E_0_2_2_R_M_N_N_1976_64_2017.bmp308278,Non-Alcohol,C:\PycharmProjects\Alcohol Detection\dataset\Grupo_0\E_0_2\Iritech\E_0_2_2\E_0_2_2_R_5\via_region_data.json
E_0_2_2_R_M_N_N_1976_65_2017.bmp308278,Non-Alcohol,C:\PycharmProjects\Alcohol Detection\dataset\Grupo_0\E_0_2\Iritech\E_0_2_2\E_0_2_2_R_5\via_region_data.json
E_0_2_2_R_M_N_N_1976_66_2017.bmp308278,Non-Alcohol,C:\PycharmProjects\Alcohol Detection\dataset\Grupo_0\E_0_2\Iritech\E_0_2_2\E_0_2_2_R_5\via_region_data.json
E_0_2_2_R_M_N_N_1976_67_2017.bmp308278,Non-Alcohol,C:\PycharmProjects\Alcohol Detection\dataset\Grupo_0\E_0_2\Iritech\E_0_2_2\E_0_2_2_R_5\via_region_data.json
E_0_2_2_R_M_N_N_1976_68_2017.bmp308278,Non-Alcohol,C:\PycharmProjects\Alcohol Detection\dataset\Grupo_0\E_0_2\Iritech\E_0_2_2\E_0_2_2_R_5\via_region_data.json
E_0_2_2_R_M_N_N_1976_69_2017.bmp308278,Non-Alcohol,C:\PycharmProjects\Alcohol Detection\dataset\Grupo_0\E_0_2\Iritech\E_0_2_2\E_0_2_2_R_5\via_region_data.json
E_0_2_2_R_M_N_N_1976_70_2017.bmp308278,Non-Alcohol,C:\PycharmProjects\Alcohol Detection\dataset\Grupo_0\E_0_2\Iritech\E_0_2_2\E_0_2_2_R_5\via_region_data.json
E_0_2_2_R_M_N_N_1976_71_2017.bmp308278,Non-Alcohol,C:\PycharmProjects\Alcohol Detection\dataset\Grupo_0\E_0_2\Iritech\E_0_2_2\E_0_2_2_R_5\via_region_data.json
E_0_2_2_R_M_N_N_1976_72_2017.bmp308278,Non-Alcohol,C:\PycharmProjects\Alcohol Detection\dataset\Grupo_0\E_0_2\Iritech\E_0_2_2\E_0_2_2_R_5\via_region_data.json
E_0_2_2_R_M_N_N_1976_73_2017.bmp308278,Non-Alcohol,C:\PycharmProjects\Alcohol Detection\dataset\Grupo_0\E_0_2\Iritech\E_0_2_2\E_0_2_2_R_5\via_region_data.json
E_0_2_2_R_M_N_N_1976_74_2017.bmp308278,Non-Alcohol,C:\PycharmProjects\Alcohol Detection\dataset\Grupo_0\E_0_2\Iritech\E_0_2_2\E_0_2_2_R_5\via_region_data.json
E_0_2_2_R_M_N_N_1976_75_2017.bmp308278,Non-Alcohol,C:\PycharmProjects\Alcohol Detection\dataset\Grupo_0\E_0_2\Iritech\E_0_2_2\E_0_2_2_R_5\via_region_data.json
E_0_2_2_R_M_N_N_1976_76_2017.bmp308278,Non-Alcohol,C:\PycharmProjects\Alcohol Detection\dataset\Grupo_0\E_0_2\Iritech\E_0_2_2\E_0_2_2_R_5\via_region_data.json
E_0_2_2_R_M_N_N_1976_77_2017.bmp308278,Non-Alcohol,C:\PycharmProjects\Alcohol Detection\dataset\Grupo_0\E_0_2\Iritech\E_0_2_2\E_0_2_2_R_5\via_region_data.json
E_0_2_3_L_M_N_N_1976_0_2017.bmp308278,Non-Alcohol,C:\PycharmProjects\Alcohol Detection\dataset\Grupo_0\E_0_2\Iritech\E_0_2_3\via_region_data.json
E_0_2_3_R_M_N_N_1976_0_2017.bmp308278,Non-Alcohol,C:\PycharmProjects\Alcohol Detection\dataset\Grupo_0\E_0_2\Iritech\E_0_2_3\via_region_data.json
E_0_2_3_L_M_N_N_1976_0_2017.bmp308278,Non-Alcohol,C:\PycharmProjects\Alcohol Detection\dataset\Grupo_0\E_0_2\Iritech\E_0_2_3\E_0_2_3_L_5\via_region_data.json
E_0_2_3_L_M_N_N_1976_1_2017.bmp308278,Non-Alcohol,C:\PycharmProjects\Alcohol Detection\dataset\Grupo_0\E_0_2\Iritech\E_0_2_3\E_0_2_3_L_5\via_region_data.json
E_0_2_3_L_M_N_N_1976_2_2017.bmp308278,Non-Alcohol,C:\PycharmProjects\Alcohol Detection\dataset\Grupo_0\E_0_2\Iritech\E_0_2_3\E_0_2_3_L_5\via_region_data.json
E_0_2_3_L_M_N_N_1976_3_2017.bmp308278,Non-Alcohol,C:\PycharmProjects\Alcohol Detection\dataset\Grupo_0\E_0_2\Iritech\E_0_2_3\E_0_2_3_L_5\via_region_data.json
E_0_2_3_L_M_N_N_1976_4_2017.bmp308278,Non-Alcohol,C:\PycharmProjects\Alcohol Detection\dataset\Grupo_0\E_0_2\Iritech\E_0_2_3\E_0_2_3_L_5\via_region_data.json
E_0_2_3_L_M_N_N_1976_5_2017.bmp308278,Non-Alcohol,C:\PycharmProjects\Alcohol Detection\dataset\Grupo_0\E_0_2\Iritech\E_0_2_3\E_0_2_3_L_5\via_region_data.json
E_0_2_3_L_M_N_N_1976_6_2017.bmp308278,Non-Alcohol,C:\PycharmProjects\Alcohol Detection\dataset\Grupo_0\E_0_2\Iritech\E_0_2_3\E_0_2_3_L_5\via_region_data.json
E_0_2_3_L_M_N_N_1976_7_2017.bmp308278,Non-Alcohol,C:\PycharmProjects\Alcohol Detection\dataset\Grupo_0\E_0_2\Iritech\E_0_2_3\E_0_2_3_L_5\via_region_data.json
E_0_2_3_L_M_N_N_1976_8_2017.bmp308278,Non-Alcohol,C:\PycharmProjects\Alcohol Detection\dataset\Grupo_0\E_0_2\Iritech\E_0_2_3\E_0_2_3_L_5\via_region_data.json
E_0_2_3_L_M_N_N_1976_9_2017.bmp308278,Non-Alcohol,C:\PycharmProjects\Alcohol Detection\dataset\Grupo_0\E_0_2\Iritech\E_0_2_3\E_0_2_3_L_5\via_region_data.json
E_0_2_3_L_M_N_N_1976_10_2017.bmp308278,Non-Alcohol,C:\PycharmProjects\Alcohol Detection\dataset\Grupo_0\E_0_2\Iritech\E_0_2_3\E_0_2_3_L_5\via_region_data.json
E_0_2_3_L_M_N_N_1976_11_2017.bmp308278,Non-Alcohol,C:\PycharmProjects\Alcohol Detection\dataset\Grupo_0\E_0_2\Iritech\E_0_2_3\E_0_2_3_L_5\via_region_data.json
E_0_2_3_L_M_N_N_1976_12_2017.bmp308278,Non-Alcohol,C:\PycharmProjects\Alcohol Detection\dataset\Grupo_0\E_0_2\Iritech\E_0_2_3\E_0_2_3_L_5\via_region_data.json
E_0_2_3_L_M_N_N_1976_13_2017.bmp308278,Non-Alcohol,C:\PycharmProjects\Alcohol Detection\dataset\Grupo_0\E_0_2\Iritech\E_0_2_3\E_0_2_3_L_5\via_region_data.json
E_0_2_3_L_M_N_N_1976_14_2017.bmp308278,Non-Alcohol,C:\PycharmProjects\Alcohol Detection\dataset\Grupo_0\E_0_2\Iritech\E_0_2_3\E_0_2_3_L_5\via_region_data.json
E_0_2_3_L_M_N_N_1976_15_2017.bmp308278,Non-Alcohol,C:\PycharmProjects\Alcohol Detection\dataset\Grupo_0\E_0_2\Iritech\E_0_2_3\E_0_2_3_L_5\via_region_data.json
E_0_2_3_L_M_N_N_1976_16_2017.bmp308278,Non-Alcohol,C:\PycharmProjects\Alcohol Detection\dataset\Grupo_0\E_0_2\Iritech\E_0_2_3\E_0_2_3_L_5\via_region_data.json
E_0_2_3_L_M_N_N_1976_17_2017.bmp308278,Non-Alcohol,C:\PycharmProjects\Alcohol Detection\dataset\Grupo_0\E_0_2\Iritech\E_0_2_3\E_0_2_3_L_5\via_region_data.json
E_0_2_3_L_M_N_N_1976_18_2017.bmp308278,Non-Alcohol,C:\PycharmProjects\Alcohol Detection\dataset\Grupo_0\E_0_2\Iritech\E_0_2_3\E_0_2_3_L_5\via_region_data.json
E_0_2_3_L_M_N_N_1976_19_2017.bmp308278,Non-Alcohol,C:\PycharmProjects\Alcohol Detection\dataset\Grupo_0\E_0_2\Iritech\E_0_2_3\E_0_2_3_L_5\via_region_data.json
E_0_2_3_L_M_N_N_1976_20_2017.bmp308278,Non-Alcohol,C:\PycharmProjects\Alcohol Detection\dataset\Grupo_0\E_0_2\Iritech\E_0_2_3\E_0_2_3_L_5\via_region_data.json
E_0_2_3_L_M_N_N_1976_21_2017.bmp308278,Non-Alcohol,C:\PycharmProjects\Alcohol Detection\dataset\Grupo_0\E_0_2\Iritech\E_0_2_3\E_0_2_3_L_5\via_region_data.json
E_0_2_3_L_M_N_N_1976_22_2017.bmp308278,Non-Alcohol,C:\PycharmProjects\Alcohol Detection\dataset\Grupo_0\E_0_2\Iritech\E_0_2_3\E_0_2_3_L_5\via_region_data.json
E_0_2_3_L_M_N_N_1976_23_2017.bmp308278,Non-Alcohol,C:\PycharmProjects\Alcohol Detection\dataset\Grupo_0\E_0_2\Iritech\E_0_2_3\E_0_2_3_L_5\via_region_data.json
E_0_2_3_L_M_N_N_1976_24_2017.bmp308278,Non-Alcohol,C:\PycharmProjects\Alcohol Detection\dataset\Grupo_0\E_0_2\Iritech\E_0_2_3\E_0_2_3_L_5\via_region_data.json
E_0_2_3_L_M_N_N_1976_25_2017.bmp308278,Non-Alcohol,C:\PycharmProjects\Alcohol Detection\dataset\Grupo_0\E_0_2\Iritech\E_0_2_3\E_0_2_3_L_5\via_region_data.json
E_0_2_3_L_M_N_N_1976_26_2017.bmp308278,Non-Alcohol,C:\PycharmProjects\Alcohol Detection\dataset\Grupo_0\E_0_2\Iritech\E_0_2_3\E_0_2_3_L_5\via_region_data.json
E_0_2_3_L_M_N_N_1976_27_2017.bmp308278,Non-Alcohol,C:\PycharmProjects\Alcohol Detection\dataset\Grupo_0\E_0_2\Iritech\E_0_2_3\E_0_2_3_L_5\via_region_data.json
E_0_2_3_L_M_N_N_1976_28_2017.bmp308278,Non-Alcohol,C:\PycharmProjects\Alcohol Detection\dataset\Grupo_0\E_0_2\Iritech\E_0_2_3\E_0_2_3_L_5\via_region_data.json
E_0_2_3_L_M_N_N_1976_29_2017.bmp308278,Non-Alcohol,C:\PycharmProjects\Alcohol Detection\dataset\Grupo_0\E_0_2\Iritech\E_0_2_3\E_0_2_3_L_5\via_region_data.json
E_0_2_3_L_M_N_N_1976_30_2017.bmp308278,Non-Alcohol,C:\PycharmProjects\Alcohol Detection\dataset\Grupo_0\E_0_2\Iritech\E_0_2_3\E_0_2_3_L_5\via_region_data.json
E_0_2_3_L_M_N_N_1976_31_2017.bmp308278,Non-Alcohol,C:\PycharmProjects\Alcohol Detection\dataset\Grupo_0\E_0_2\Iritech\E_0_2_3\E_0_2_3_L_5\via_region_data.json
E_0_2_3_L_M_N_N_1976_32_2017.bmp308278,Non-Alcohol,C:\PycharmProjects\Alcohol Detection\dataset\Grupo_0\E_0_2\Iritech\E_0_2_3\E_0_2_3_L_5\via_region_data.json
E_0_2_3_L_M_N_N_1976_33_2017.bmp308278,Non-Alcohol,C:\PycharmProjects\Alcohol Detection\dataset\Grupo_0\E_0_2\Iritech\E_0_2_3\E_0_2_3_L_5\via_region_data.json
E_0_2_3_L_M_N_N_1976_34_2017.bmp308278,Non-Alcohol,C:\PycharmProjects\Alcohol Detection\dataset\Grupo_0\E_0_2\Iritech\E_0_2_3\E_0_2_3_L_5\via_region_data.json
E_0_2_3_L_M_N_N_1976_35_2017.bmp308278,Non-Alcohol,C:\PycharmProjects\Alcohol Detection\dataset\Grupo_0\E_0_2\Iritech\E_0_2_3\E_0_2_3_L_5\via_region_data.json
E_0_2_3_L_M_N_N_1976_36_2017.bmp308278,Non-Alcohol,C:\PycharmProjects\Alcohol Detection\dataset\Grupo_0\E_0_2\Iritech\E_0_2_3\E_0_2_3_L_5\via_region_data.json
E_0_2_3_L_M_N_N_1976_37_2017.bmp308278,Non-Alcohol,C:\PycharmProjects\Alcohol Detection\dataset\Grupo_0\E_0_2\Iritech\E_0_2_3\E_0_2_3_L_5\via_region_data.json
E_0_2_3_L_M_N_N_1976_38_2017.bmp308278,Non-Alcohol,C:\PycharmProjects\Alcohol Detection\dataset\Grupo_0\E_0_2\Iritech\E_0_2_3\E_0_2_3_L_5\via_region_data.json
E_0_2_3_L_M_N_N_1976_39_2017.bmp308278,Non-Alcohol,C:\PycharmProjects\Alcohol Detection\dataset\Grupo_0\E_0_2\Iritech\E_0_2_3\E_0_2_3_L_5\via_region_data.json
E_0_2_3_L_M_N_N_1976_40_2017.bmp308278,Non-Alcohol,C:\PycharmProjects\Alcohol Detection\dataset\Grupo_0\E_0_2\Iritech\E_0_2_3\E_0_2_3_L_5\via_region_data.json
E_0_2_3_L_M_N_N_1976_41_2017.bmp308278,Non-Alcohol,C:\PycharmProjects\Alcohol Detection\dataset\Grupo_0\E_0_2\Iritech\E_0_2_3\E_0_2_3_L_5\via_region_data.json
E_0_2_3_L_M_N_N_1976_42_2017.bmp308278,Non-Alcohol,C:\PycharmProjects\Alcohol Detection\dataset\Grupo_0\E_0_2\Iritech\E_0_2_3\E_0_2_3_L_5\via_region_data.json
E_0_2_3_L_M_N_N_1976_43_2017.bmp308278,Non-Alcohol,C:\PycharmProjects\Alcohol Detection\dataset\Grupo_0\E_0_2\Iritech\E_0_2_3\E_0_2_3_L_5\via_region_data.json
E_0_2_3_L_M_N_N_1976_44_2017.bmp308278,Non-Alcohol,C:\PycharmProjects\Alcohol Detection\dataset\Grupo_0\E_0_2\Iritech\E_0_2_3\E_0_2_3_L_5\via_region_data.json
E_0_2_3_L_M_N_N_1976_45_2017.bmp308278,Non-Alcohol,C:\PycharmProjects\Alcohol Detection\dataset\Grupo_0\E_0_2\Iritech\E_0_2_3\E_0_2_3_L_5\via_region_data.json
E_0_2_3_L_M_N_N_1976_46_2017.bmp308278,Non-Alcohol,C:\PycharmProjects\Alcohol Detection\dataset\Grupo_0\E_0_2\Iritech\E_0_2_3\E_0_2_3_L_5\via_region_data.json
E_0_2_3_L_M_N_N_1976_47_2017.bmp308278,Non-Alcohol,C:\PycharmProjects\Alcohol Detection\dataset\Grupo_0\E_0_2\Iritech\E_0_2_3\E_0_2_3_L_5\via_region_data.json
E_0_2_3_L_M_N_N_1976_48_2017.bmp308278,Non-Alcohol,C:\PycharmProjects\Alcohol Detection\dataset\Grupo_0\E_0_2\Iritech\E_0_2_3\E_0_2_3_L_5\via_region_data.json
E_0_2_3_L_M_N_N_1976_49_2017.bmp308278,Non-Alcohol,C:\PycharmProjects\Alcohol Detection\dataset\Grupo_0\E_0_2\Iritech\E_0_2_3\E_0_2_3_L_5\via_region_data.json
E_0_2_3_L_M_N_N_1976_50_2017.bmp308278,Non-Alcohol,C:\PycharmProjects\Alcohol Detection\dataset\Grupo_0\E_0_2\Iritech\E_0_2_3\E_0_2_3_L_5\via_region_data.json
E_0_2_3_L_M_N_N_1976_51_2017.bmp308278,Non-Alcohol,C:\PycharmProjects\Alcohol Detection\dataset\Grupo_0\E_0_2\Iritech\E_0_2_3\E_0_2_3_L_5\via_region_data.json
E_0_2_3_L_M_N_N_1976_52_2017.bmp308278,Non-Alcohol,C:\PycharmProjects\Alcohol Detection\dataset\Grupo_0\E_0_2\Iritech\E_0_2_3\E_0_2_3_L_5\via_region_data.json
E_0_2_3_L_M_N_N_1976_53_2017.bmp308278,Non-Alcohol,C:\PycharmProjects\Alcohol Detection\dataset\Grupo_0\E_0_2\Iritech\E_0_2_3\E_0_2_3_L_5\via_region_data.json
E_0_2_3_L_M_N_N_1976_54_2017.bmp308278,Non-Alcohol,C:\PycharmProjects\Alcohol Detection\dataset\Grupo_0\E_0_2\Iritech\E_0_2_3\E_0_2_3_L_5\via_region_data.json
E_0_2_3_L_M_N_N_1976_55_2017.bmp308278,Non-Alcohol,C:\PycharmProjects\Alcohol Detection\dataset\Grupo_0\E_0_2\Iritech\E_0_2_3\E_0_2_3_L_5\via_region_data.json
E_0_2_3_L_M_N_N_1976_56_2017.bmp308278,Non-Alcohol,C:\PycharmProjects\Alcohol Detection\dataset\Grupo_0\E_0_2\Iritech\E_0_2_3\E_0_2_3_L_5\via_region_data.json
E_0_2_3_L_M_N_N_1976_57_2017.bmp308278,Non-Alcohol,C:\PycharmProjects\Alcohol Detection\dataset\Grupo_0\E_0_2\Iritech\E_0_2_3\E_0_2_3_L_5\via_region_data.json
E_0_2_3_L_M_N_N_1976_58_2017.bmp308278,Non-Alcohol,C:\PycharmProjects\Alcohol Detection\dataset\Grupo_0\E_0_2\Iritech\E_0_2_3\E_0_2_3_L_5\via_region_data.json
E_0_2_3_L_M_N_N_1976_59_2017.bmp308278,Non-Alcohol,C:\PycharmProjects\Alcohol Detection\dataset\Grupo_0\E_0_2\Iritech\E_0_2_3\E_0_2_3_L_5\via_region_data.json
E_0_2_3_L_M_N_N_1976_60_2017.bmp308278,Non-Alcohol,C:\PycharmProjects\Alcohol Detection\dataset\Grupo_0\E_0_2\Iritech\E_0_2_3\E_0_2_3_L_5\via_region_data.json
E_0_2_3_L_M_N_N_1976_61_2017.bmp308278,Non-Alcohol,C:\PycharmProjects\Alcohol Detection\dataset\Grupo_0\E_0_2\Iritech\E_0_2_3\E_0_2_3_L_5\via_region_data.json
E_0_2_3_L_M_N_N_1976_62_2017.bmp308278,Non-Alcohol,C:\PycharmProjects\Alcohol Detection\dataset\Grupo_0\E_0_2\Iritech\E_0_2_3\E_0_2_3_L_5\via_region_data.json
E_0_2_3_L_M_N_N_1976_63_2017.bmp308278,Non-Alcohol,C:\PycharmProjects\Alcohol Detection\dataset\Grupo_0\E_0_2\Iritech\E_0_2_3\E_0_2_3_L_5\via_region_data.json
E_0_2_3_L_M_N_N_1976_64_2017.bmp308278,Non-Alcohol,C:\PycharmProjects\Alcohol Detection\dataset\Grupo_0\E_0_2\Iritech\E_0_2_3\E_0_2_3_L_5\via_region_data.json
E_0_2_3_L_M_N_N_1976_65_2017.bmp308278,Non-Alcohol,C:\PycharmProjects\Alcohol Detection\dataset\Grupo_0\E_0_2\Iritech\E_0_2_3\E_0_2_3_L_5\via_region_data.json
E_0_2_3_L_M_N_N_1976_66_2017.bmp308278,Non-Alcohol,C:\PycharmProjects\Alcohol Detection\dataset\Grupo_0\E_0_2\Iritech\E_0_2_3\E_0_2_3_L_5\via_region_data.json
E_0_2_3_L_M_N_N_1976_67_2017.bmp308278,Non-Alcohol,C:\PycharmProjects\Alcohol Detection\dataset\Grupo_0\E_0_2\Iritech\E_0_2_3\E_0_2_3_L_5\via_region_data.json
E_0_2_3_L_M_N_N_1976_68_2017.bmp308278,Non-Alcohol,C:\PycharmProjects\Alcohol Detection\dataset\Grupo_0\E_0_2\Iritech\E_0_2_3\E_0_2_3_L_5\via_region_data.json
E_0_2_3_L_M_N_N_1976_69_2017.bmp308278,Non-Alcohol,C:\PycharmProjects\Alcohol Detection\dataset\Grupo_0\E_0_2\Iritech\E_0_2_3\E_0_2_3_L_5\via_region_data.json
E_0_2_3_L_M_N_N_1976_70_2017.bmp308278,Non-Alcohol,C:\PycharmProjects\Alcohol Detection\dataset\Grupo_0\E_0_2\Iritech\E_0_2_3\E_0_2_3_L_5\via_region_data.json
E_0_2_3_L_M_N_N_1976_71_2017.bmp308278,Non-Alcohol,C:\PycharmProjects\Alcohol Detection\dataset\Grupo_0\E_0_2\Iritech\E_0_2_3\E_0_2_3_L_5\via_region_data.json
E_0_2_3_L_M_N_N_1976_72_2017.bmp308278,Non-Alcohol,C:\PycharmProjects\Alcohol Detection\dataset\Grupo_0\E_0_2\Iritech\E_0_2_3\E_0_2_3_L_5\via_region_data.json
E_0_2_3_L_M_N_N_1976_73_2017.bmp308278,Non-Alcohol,C:\PycharmProjects\Alcohol Detection\dataset\Grupo_0\E_0_2\Iritech\E_0_2_3\E_0_2_3_L_5\via_region_data.json
E_0_2_3_L_M_N_N_1976_74_2017.bmp308278,Non-Alcohol,C:\PycharmProjects\Alcohol Detection\dataset\Grupo_0\E_0_2\Iritech\E_0_2_3\E_0_2_3_L_5\via_region_data.json
E_0_2_3_L_M_N_N_1976_75_2017.bmp308278,Non-Alcohol,C:\PycharmProjects\Alcohol Detection\dataset\Grupo_0\E_0_2\Iritech\E_0_2_3\E_0_2_3_L_5\via_region_data.json
E_0_2_3_L_M_N_N_1976_76_2017.bmp308278,Non-Alcohol,C:\PycharmProjects\Alcohol Detection\dataset\Grupo_0\E_0_2\Iritech\E_0_2_3\E_0_2_3_L_5\via_region_data.json
E_0_2_3_L_M_N_N_1976_77_2017.bmp308278,Non-Alcohol,C:\PycharmProjects\Alcohol Detection\dataset\Grupo_0\E_0_2\Iritech\E_0_2_3\E_0_2_3_L_5\via_region_data.json
E_0_2_3_R_M_N_N_1976_0_2017.bmp308278,Non-Alcohol,C:\PycharmProjects\Alcohol Detection\dataset\Grupo_0\E_0_2\Iritech\E_0_2_3\E_0_2_3_R_5\via_region_data.json
E_0_2_3_R_M_N_N_1976_1_2017.bmp308278,Non-Alcohol,C:\PycharmProjects\Alcohol Detection\dataset\Grupo_0\E_0_2\Iritech\E_0_2_3\E_0_2_3_R_5\via_region_data.json
E_0_2_3_R_M_N_N_1976_2_2017.bmp308278,Non-Alcohol,C:\PycharmProjects\Alcohol Detection\dataset\Grupo_0\E_0_2\Iritech\E_0_2_3\E_0_2_3_R_5\via_region_data.json
E_0_2_3_R_M_N_N_1976_3_2017.bmp308278,Non-Alcohol,C:\PycharmProjects\Alcohol Detection\dataset\Grupo_0\E_0_2\Iritech\E_0_2_3\E_0_2_3_R_5\via_region_data.json
E_0_2_3_R_M_N_N_1976_4_2017.bmp308278,Non-Alcohol,C:\PycharmProjects\Alcohol Detection\dataset\Grupo_0\E_0_2\Iritech\E_0_2_3\E_0_2_3_R_5\via_region_data.json
E_0_2_3_R_M_N_N_1976_5_2017.bmp308278,Non-Alcohol,C:\PycharmProjects\Alcohol Detection\dataset\Grupo_0\E_0_2\Iritech\E_0_2_3\E_0_2_3_R_5\via_region_data.json
E_0_2_3_R_M_N_N_1976_6_2017.bmp308278,Non-Alcohol,C:\PycharmProjects\Alcohol Detection\dataset\Grupo_0\E_0_2\Iritech\E_0_2_3\E_0_2_3_R_5\via_region_data.json
E_0_2_3_R_M_N_N_1976_7_2017.bmp308278,Non-Alcohol,C:\PycharmProjects\Alcohol Detection\dataset\Grupo_0\E_0_2\Iritech\E_0_2_3\E_0_2_3_R_5\via_region_data.json
E_0_2_3_R_M_N_N_1976_8_2017.bmp308278,Non-Alcohol,C:\PycharmProjects\Alcohol Detection\dataset\Grupo_0\E_0_2\Iritech\E_0_2_3\E_0_2_3_R_5\via_region_data.json
E_0_2_3_R_M_N_N_1976_9_2017.bmp308278,Non-Alcohol,C:\PycharmProjects\Alcohol Detection\dataset\Grupo_0\E_0_2\Iritech\E_0_2_3\E_0_2_3_R_5\via_region_data.json
E_0_2_3_R_M_N_N_1976_10_2017.bmp308278,Non-Alcohol,C:\PycharmProjects\Alcohol Detection\dataset\Grupo_0\E_0_2\Iritech\E_0_2_3\E_0_2_3_R_5\via_region_data.json
E_0_2_3_R_M_N_N_1976_11_2017.bmp308278,Non-Alcohol,C:\PycharmProjects\Alcohol Detection\dataset\Grupo_0\E_0_2\Iritech\E_0_2_3\E_0_2_3_R_5\via_region_data.json
E_0_2_3_R_M_N_N_1976_12_2017.bmp308278,Non-Alcohol,C:\PycharmProjects\Alcohol Detection\dataset\Grupo_0\E_0_2\Iritech\E_0_2_3\E_0_2_3_R_5\via_region_data.json
E_0_2_3_R_M_N_N_1976_13_2017.bmp308278,Non-Alcohol,C:\PycharmProjects\Alcohol Detection\dataset\Grupo_0\E_0_2\Iritech\E_0_2_3\E_0_2_3_R_5\via_region_data.json
E_0_2_3_R_M_N_N_1976_14_2017.bmp308278,Non-Alcohol,C:\PycharmProjects\Alcohol Detection\dataset\Grupo_0\E_0_2\Iritech\E_0_2_3\E_0_2_3_R_5\via_region_data.json
E_0_2_3_R_M_N_N_1976_15_2017.bmp308278,Non-Alcohol,C:\PycharmProjects\Alcohol Detection\dataset\Grupo_0\E_0_2\Iritech\E_0_2_3\E_0_2_3_R_5\via_region_data.json
E_0_2_3_R_M_N_N_1976_16_2017.bmp308278,Non-Alcohol,C:\PycharmProjects\Alcohol Detection\dataset\Grupo_0\E_0_2\Iritech\E_0_2_3\E_0_2_3_R_5\via_region_data.json
E_0_2_3_R_M_N_N_1976_17_2017.bmp308278,Non-Alcohol,C:\PycharmProjects\Alcohol Detection\dataset\Grupo_0\E_0_2\Iritech\E_0_2_3\E_0_2_3_R_5\via_region_data.json
E_0_2_3_R_M_N_N_1976_18_2017.bmp308278,Non-Alcohol,C:\PycharmProjects\Alcohol Detection\dataset\Grupo_0\E_0_2\Iritech\E_0_2_3\E_0_2_3_R_5\via_region_data.json
E_0_2_3_R_M_N_N_1976_19_2017.bmp308278,Non-Alcohol,C:\PycharmProjects\Alcohol Detection\dataset\Grupo_0\E_0_2\Iritech\E_0_2_3\E_0_2_3_R_5\via_region_data.json
E_0_2_3_R_M_N_N_1976_20_2017.bmp308278,Non-Alcohol,C:\PycharmProjects\Alcohol Detection\dataset\Grupo_0\E_0_2\Iritech\E_0_2_3\E_0_2_3_R_5\via_region_data.json
E_0_2_3_R_M_N_N_1976_21_2017.bmp308278,Non-Alcohol,C:\PycharmProjects\Alcohol Detection\dataset\Grupo_0\E_0_2\Iritech\E_0_2_3\E_0_2_3_R_5\via_region_data.json
E_0_2_3_R_M_N_N_1976_22_2017.bmp308278,Non-Alcohol,C:\PycharmProjects\Alcohol Detection\dataset\Grupo_0\E_0_2\Iritech\E_0_2_3\E_0_2_3_R_5\via_region_data.json
E_0_2_3_R_M_N_N_1976_23_2017.bmp308278,Non-Alcohol,C:\PycharmProjects\Alcohol Detection\dataset\Grupo_0\E_0_2\Iritech\E_0_2_3\E_0_2_3_R_5\via_region_data.json
E_0_2_3_R_M_N_N_1976_24_2017.bmp308278,Non-Alcohol,C:\PycharmProjects\Alcohol Detection\dataset\Grupo_0\E_0_2\Iritech\E_0_2_3\E_0_2_3_R_5\via_region_data.json
E_0_2_3_R_M_N_N_1976_25_2017.bmp308278,Non-Alcohol,C:\PycharmProjects\Alcohol Detection\dataset\Grupo_0\E_0_2\Iritech\E_0_2_3\E_0_2_3_R_5\via_region_data.json
E_0_2_3_R_M_N_N_1976_26_2017.bmp308278,Non-Alcohol,C:\PycharmProjects\Alcohol Detection\dataset\Grupo_0\E_0_2\Iritech\E_0_2_3\E_0_2_3_R_5\via_region_data.json
E_0_2_3_R_M_N_N_1976_27_2017.bmp308278,Non-Alcohol,C:\PycharmProjects\Alcohol Detection\dataset\Grupo_0\E_0_2\Iritech\E_0_2_3\E_0_2_3_R_5\via_region_data.json
E_0_2_3_R_M_N_N_1976_28_2017.bmp308278,Non-Alcohol,C:\PycharmProjects\Alcohol Detection\dataset\Grupo_0\E_0_2\Iritech\E_0_2_3\E_0_2_3_R_5\via_region_data.json
E_0_2_3_R_M_N_N_1976_29_2017.bmp308278,Non-Alcohol,C:\PycharmProjects\Alcohol Detection\dataset\Grupo_0\E_0_2\Iritech\E_0_2_3\E_0_2_3_R_5\via_region_data.json
E_0_2_3_R_M_N_N_1976_30_2017.bmp308278,Non-Alcohol,C:\PycharmProjects\Alcohol Detection\dataset\Grupo_0\E_0_2\Iritech\E_0_2_3\E_0_2_3_R_5\via_region_data.json
E_0_2_3_R_M_N_N_1976_31_2017.bmp308278,Non-Alcohol,C:\PycharmProjects\Alcohol Detection\dataset\Grupo_0\E_0_2\Iritech\E_0_2_3\E_0_2_3_R_5\via_region_data.json
E_0_2_3_R_M_N_N_1976_32_2017.bmp308278,Non-Alcohol,C:\PycharmProjects\Alcohol Detection\dataset\Grupo_0\E_0_2\Iritech\E_0_2_3\E_0_2_3_R_5\via_region_data.json
E_0_2_3_R_M_N_N_1976_33_2017.bmp308278,Non-Alcohol,C:\PycharmProjects\Alcohol Detection\dataset\Grupo_0\E_0_2\Iritech\E_0_2_3\E_0_2_3_R_5\via_region_data.json
E_0_2_3_R_M_N_N_1976_34_2017.bmp308278,Non-Alcohol,C:\PycharmProjects\Alcohol Detection\dataset\Grupo_0\E_0_2\Iritech\E_0_2_3\E_0_2_3_R_5\via_region_data.json
E_0_2_3_R_M_N_N_1976_35_2017.bmp308278,Non-Alcohol,C:\PycharmProjects\Alcohol Detection\dataset\Grupo_0\E_0_2\Iritech\E_0_2_3\E_0_2_3_R_5\via_region_data.json
E_0_2_3_R_M_N_N_1976_36_2017.bmp308278,Non-Alcohol,C:\PycharmProjects\Alcohol Detection\dataset\Grupo_0\E_0_2\Iritech\E_0_2_3\E_0_2_3_R_5\via_region_data.json
E_0_2_3_R_M_N_N_1976_37_2017.bmp308278,Non-Alcohol,C:\PycharmProjects\Alcohol Detection\dataset\Grupo_0\E_0_2\Iritech\E_0_2_3\E_0_2_3_R_5\via_region_data.json
E_0_2_3_R_M_N_N_1976_38_2017.bmp308278,Non-Alcohol,C:\PycharmProjects\Alcohol Detection\dataset\Grupo_0\E_0_2\Iritech\E_0_2_3\E_0_2_3_R_5\via_region_data.json
E_0_2_3_R_M_N_N_1976_39_2017.bmp308278,Non-Alcohol,C:\PycharmProjects\Alcohol Detection\dataset\Grupo_0\E_0_2\Iritech\E_0_2_3\E_0_2_3_R_5\via_region_data.json
E_0_2_3_R_M_N_N_1976_40_2017.bmp308278,Non-Alcohol,C:\PycharmProjects\Alcohol Detection\dataset\Grupo_0\E_0_2\Iritech\E_0_2_3\E_0_2_3_R_5\via_region_data.json
E_0_2_3_R_M_N_N_1976_41_2017.bmp308278,Non-Alcohol,C:\PycharmProjects\Alcohol Detection\dataset\Grupo_0\E_0_2\Iritech\E_0_2_3\E_0_2_3_R_5\via_region_data.json
E_0_2_3_R_M_N_N_1976_42_2017.bmp308278,Non-Alcohol,C:\PycharmProjects\Alcohol Detection\dataset\Grupo_0\E_0_2\Iritech\E_0_2_3\E_0_2_3_R_5\via_region_data.json
E_0_2_3_R_M_N_N_1976_43_2017.bmp308278,Non-Alcohol,C:\PycharmProjects\Alcohol Detection\dataset\Grupo_0\E_0_2\Iritech\E_0_2_3\E_0_2_3_R_5\via_region_data.json
E_0_2_3_R_M_N_N_1976_44_2017.bmp308278,Non-Alcohol,C:\PycharmProjects\Alcohol Detection\dataset\Grupo_0\E_0_2\Iritech\E_0_2_3\E_0_2_3_R_5\via_region_data.json
E_0_2_3_R_M_N_N_1976_45_2017.bmp308278,Non-Alcohol,C:\PycharmProjects\Alcohol Detection\dataset\Grupo_0\E_0_2\Iritech\E_0_2_3\E_0_2_3_R_5\via_region_data.json
E_0_2_3_R_M_N_N_1976_46_2017.bmp308278,Non-Alcohol,C:\PycharmProjects\Alcohol Detection\dataset\Grupo_0\E_0_2\Iritech\E_0_2_3\E_0_2_3_R_5\via_region_data.json
E_0_2_3_R_M_N_N_1976_47_2017.bmp308278,Non-Alcohol,C:\PycharmProjects\Alcohol Detection\dataset\Grupo_0\E_0_2\Iritech\E_0_2_3\E_0_2_3_R_5\via_region_data.json
E_0_2_3_R_M_N_N_1976_48_2017.bmp308278,Non-Alcohol,C:\PycharmProjects\Alcohol Detection\dataset\Grupo_0\E_0_2\Iritech\E_0_2_3\E_0_2_3_R_5\via_region_data.json
E_0_2_3_R_M_N_N_1976_49_2017.bmp308278,Non-Alcohol,C:\PycharmProjects\Alcohol Detection\dataset\Grupo_0\E_0_2\Iritech\E_0_2_3\E_0_2_3_R_5\via_region_data.json
E_0_2_3_R_M_N_N_1976_50_2017.bmp308278,Non-Alcohol,C:\PycharmProjects\Alcohol Detection\dataset\Grupo_0\E_0_2\Iritech\E_0_2_3\E_0_2_3_R_5\via_region_data.json
E_0_2_3_R_M_N_N_1976_51_2017.bmp308278,Non-Alcohol,C:\PycharmProjects\Alcohol Detection\dataset\Grupo_0\E_0_2\Iritech\E_0_2_3\E_0_2_3_R_5\via_region_data.json
E_0_2_3_R_M_N_N_1976_52_2017.bmp308278,Non-Alcohol,C:\PycharmProjects\Alcohol Detection\dataset\Grupo_0\E_0_2\Iritech\E_0_2_3\E_0_2_3_R_5\via_region_data.json
E_0_2_3_R_M_N_N_1976_53_2017.bmp308278,Non-Alcohol,C:\PycharmProjects\Alcohol Detection\dataset\Grupo_0\E_0_2\Iritech\E_0_2_3\E_0_2_3_R_5\via_region_data.json
E_0_2_3_R_M_N_N_1976_54_2017.bmp308278,Non-Alcohol,C:\PycharmProjects\Alcohol Detection\dataset\Grupo_0\E_0_2\Iritech\E_0_2_3\E_0_2_3_R_5\via_region_data.json
E_0_2_3_R_M_N_N_1976_55_2017.bmp308278,Non-Alcohol,C:\PycharmProjects\Alcohol Detection\dataset\Grupo_0\E_0_2\Iritech\E_0_2_3\E_0_2_3_R_5\via_region_data.json
E_0_2_3_R_M_N_N_1976_56_2017.bmp308278,Non-Alcohol,C:\PycharmProjects\Alcohol Detection\dataset\Grupo_0\E_0_2\Iritech\E_0_2_3\E_0_2_3_R_5\via_region_data.json
E_0_2_3_R_M_N_N_1976_57_2017.bmp308278,Non-Alcohol,C:\PycharmProjects\Alcohol Detection\dataset\Grupo_0\E_0_2\Iritech\E_0_2_3\E_0_2_3_R_5\via_region_data.json
E_0_2_3_R_M_N_N_1976_58_2017.bmp308278,Non-Alcohol,C:\PycharmProjects\Alcohol Detection\dataset\Grupo_0\E_0_2\Iritech\E_0_2_3\E_0_2_3_R_5\via_region_data.json
E_0_2_3_R_M_N_N_1976_59_2017.bmp308278,Non-Alcohol,C:\PycharmProjects\Alcohol Detection\dataset\Grupo_0\E_0_2\Iritech\E_0_2_3\E_0_2_3_R_5\via_region_data.json
E_0_2_3_R_M_N_N_1976_60_2017.bmp308278,Non-Alcohol,C:\PycharmProjects\Alcohol Detection\dataset\Grupo_0\E_0_2\Iritech\E_0_2_3\E_0_2_3_R_5\via_region_data.json
E_0_2_3_R_M_N_N_1976_61_2017.bmp308278,Non-Alcohol,C:\PycharmProjects\Alcohol Detection\dataset\Grupo_0\E_0_2\Iritech\E_0_2_3\E_0_2_3_R_5\via_region_data.json
E_0_2_3_R_M_N_N_1976_62_2017.bmp308278,Non-Alcohol,C:\PycharmProjects\Alcohol Detection\dataset\Grupo_0\E_0_2\Iritech\E_0_2_3\E_0_2_3_R_5\via_region_data.json
E_0_2_3_R_M_N_N_1976_63_2017.bmp308278,Non-Alcohol,C:\PycharmProjects\Alcohol Detection\dataset\Grupo_0\E_0_2\Iritech\E_0_2_3\E_0_2_3_R_5\via_region_data.json
E_0_2_3_R_M_N_N_1976_64_2017.bmp308278,Non-Alcohol,C:\PycharmProjects\Alcohol Detection\dataset\Grupo_0\E_0_2\Iritech\E_0_2_3\E_0_2_3_R_5\via_region_data.json
E_0_2_3_R_M_N_N_1976_65_2017.bmp308278,Non-Alcohol,C:\PycharmProjects\Alcohol Detection\dataset\Grupo_0\E_0_2\Iritech\E_0_2_3\E_0_2_3_R_5\via_region_data.json
E_0_2_3_R_M_N_N_1976_66_2017.bmp308278,Non-Alcohol,C:\PycharmProjects\Alcohol Detection\dataset\Grupo_0\E_0_2\Iritech\E_0_2_3\E_0_2_3_R_5\via_region_data.json
E_0_2_3_R_M_N_N_1976_67_2017.bmp308278,Non-Alcohol,C:\PycharmProjects\Alcohol Detection\dataset\Grupo_0\E_0_2\Iritech\E_0_2_3\E_0_2_3_R_5\via_region_data.json
E_0_2_3_R_M_N_N_1976_68_2017.bmp308278,Non-Alcohol,C:\PycharmProjects\Alcohol Detection\dataset\Grupo_0\E_0_2\Iritech\E_0_2_3\E_0_2_3_R_5\via_region_data.json
E_0_2_3_R_M_N_N_1976_69_2017.bmp308278,Non-Alcohol,C:\PycharmProjects\Alcohol Detection\dataset\Grupo_0\E_0_2\Iritech\E_0_2_3\E_0_2_3_R_5\via_region_data.json
E_0_2_3_R_M_N_N_1976_70_2017.bmp308278,Non-Alcohol,C:\PycharmProjects\Alcohol Detection\dataset\Grupo_0\E_0_2\Iritech\E_0_2_3\E_0_2_3_R_5\via_region_data.json
E_0_2_3_R_M_N_N_1976_71_2017.bmp308278,Non-Alcohol,C:\PycharmProjects\Alcohol Detection\dataset\Grupo_0\E_0_2\Iritech\E_0_2_3\E_0_2_3_R_5\via_region_data.json
E_0_2_3_R_M_N_N_1976_72_2017.bmp308278,Non-Alcohol,C:\PycharmProjects\Alcohol Detection\dataset\Grupo_0\E_0_2\Iritech\E_0_2_3\E_0_2_3_R_5\via_region_data.json
E_0_2_3_R_M_N_N_1976_73_2017.bmp308278,Non-Alcohol,C:\PycharmProjects\Alcohol Detection\dataset\Grupo_0\E_0_2\Iritech\E_0_2_3\E_0_2_3_R_5\via_region_data.json
E_0_2_3_R_M_N_N_1976_74_2017.bmp308278,Non-Alcohol,C:\PycharmProjects\Alcohol Detection\dataset\Grupo_0\E_0_2\Iritech\E_0_2_3\E_0_2_3_R_5\via_region_data.json
E_0_2_3_R_M_N_N_1976_75_2017.bmp308278,Non-Alcohol,C:\PycharmProjects\Alcohol Detection\dataset\Grupo_0\E_0_2\Iritech\E_0_2_3\E_0_2_3_R_5\via_region_data.json
E_0_2_3_R_M_N_N_1976_76_2017.bmp308278,Non-Alcohol,C:\PycharmProjects\Alcohol Detection\dataset\Grupo_0\E_0_2\Iritech\E_0_2_3\E_0_2_3_R_5\via_region_data.json
E_0_2_3_R_M_N_N_1976_77_2017.bmp308278,Non-Alcohol,C:\PycharmProjects\Alcohol Detection\dataset\Grupo_0\E_0_2\Iritech\E_0_2_3\E_0_2_3_R_5\via_region_data.json
E_0_2_3_R_M_N_N_1976_78_2017.bmp308278,Non-Alcohol,C:\PycharmProjects\Alcohol Detection\dataset\Grupo_0\E_0_2\Iritech\E_0_2_3\E_0_2_3_R_5\via_region_data.json
E_0_2_4_L_M_N_N_1976_0_2017.bmp308278,Non-Alcohol,C:\PycharmProjects\Alcohol Detection\dataset\Grupo_0\E_0_2\Iritech\E_0_2_4\via_region_data.json
E_0_2_4_R_M_N_N_1976_0_2017.bmp308278,Non-Alcohol,C:\PycharmProjects\Alcohol Detection\dataset\Grupo_0\E_0_2\Iritech\E_0_2_4\via_region_data.json
E_0_2_4_L_M_N_N_1976_0_2017.bmp308278,Non-Alcohol,C:\PycharmProjects\Alcohol Detection\dataset\Grupo_0\E_0_2\Iritech\E_0_2_4\E_0_2_4_L_5\via_region_data.json
E_0_2_4_L_M_N_N_1976_1_2017.bmp308278,Non-Alcohol,C:\PycharmProjects\Alcohol Detection\dataset\Grupo_0\E_0_2\Iritech\E_0_2_4\E_0_2_4_L_5\via_region_data.json
E_0_2_4_L_M_N_N_1976_2_2017.bmp308278,Non-Alcohol,C:\PycharmProjects\Alcohol Detection\dataset\Grupo_0\E_0_2\Iritech\E_0_2_4\E_0_2_4_L_5\via_region_data.json
E_0_2_4_L_M_N_N_1976_3_2017.bmp308278,Non-Alcohol,C:\PycharmProjects\Alcohol Detection\dataset\Grupo_0\E_0_2\Iritech\E_0_2_4\E_0_2_4_L_5\via_region_data.json
E_0_2_4_L_M_N_N_1976_4_2017.bmp308278,Non-Alcohol,C:\PycharmProjects\Alcohol Detection\dataset\Grupo_0\E_0_2\Iritech\E_0_2_4\E_0_2_4_L_5\via_region_data.json
E_0_2_4_L_M_N_N_1976_5_2017.bmp308278,Non-Alcohol,C:\PycharmProjects\Alcohol Detection\dataset\Grupo_0\E_0_2\Iritech\E_0_2_4\E_0_2_4_L_5\via_region_data.json
E_0_2_4_L_M_N_N_1976_6_2017.bmp308278,Non-Alcohol,C:\PycharmProjects\Alcohol Detection\dataset\Grupo_0\E_0_2\Iritech\E_0_2_4\E_0_2_4_L_5\via_region_data.json
E_0_2_4_L_M_N_N_1976_7_2017.bmp308278,Non-Alcohol,C:\PycharmProjects\Alcohol Detection\dataset\Grupo_0\E_0_2\Iritech\E_0_2_4\E_0_2_4_L_5\via_region_data.json
E_0_2_4_L_M_N_N_1976_8_2017.bmp308278,Non-Alcohol,C:\PycharmProjects\Alcohol Detection\dataset\Grupo_0\E_0_2\Iritech\E_0_2_4\E_0_2_4_L_5\via_region_data.json
E_0_2_4_L_M_N_N_1976_9_2017.bmp308278,Non-Alcohol,C:\PycharmProjects\Alcohol Detection\dataset\Grupo_0\E_0_2\Iritech\E_0_2_4\E_0_2_4_L_5\via_region_data.json
E_0_2_4_L_M_N_N_1976_10_2017.bmp308278,Non-Alcohol,C:\PycharmProjects\Alcohol Detection\dataset\Grupo_0\E_0_2\Iritech\E_0_2_4\E_0_2_4_L_5\via_region_data.json
E_0_2_4_L_M_N_N_1976_11_2017.bmp308278,Non-Alcohol,C:\PycharmProjects\Alcohol Detection\dataset\Grupo_0\E_0_2\Iritech\E_0_2_4\E_0_2_4_L_5\via_region_data.json
E_0_2_4_L_M_N_N_1976_12_2017.bmp308278,Non-Alcohol,C:\PycharmProjects\Alcohol Detection\dataset\Grupo_0\E_0_2\Iritech\E_0_2_4\E_0_2_4_L_5\via_region_data.json
E_0_2_4_L_M_N_N_1976_13_2017.bmp308278,Non-Alcohol,C:\PycharmProjects\Alcohol Detection\dataset\Grupo_0\E_0_2\Iritech\E_0_2_4\E_0_2_4_L_5\via_region_data.json
E_0_2_4_L_M_N_N_1976_14_2017.bmp308278,Non-Alcohol,C:\PycharmProjects\Alcohol Detection\dataset\Grupo_0\E_0_2\Iritech\E_0_2_4\E_0_2_4_L_5\via_region_data.json
E_0_2_4_L_M_N_N_1976_15_2017.bmp308278,Non-Alcohol,C:\PycharmProjects\Alcohol Detection\dataset\Grupo_0\E_0_2\Iritech\E_0_2_4\E_0_2_4_L_5\via_region_data.json
E_0_2_4_L_M_N_N_1976_16_2017.bmp308278,Non-Alcohol,C:\PycharmProjects\Alcohol Detection\dataset\Grupo_0\E_0_2\Iritech\E_0_2_4\E_0_2_4_L_5\via_region_data.json
E_0_2_4_L_M_N_N_1976_17_2017.bmp308278,Non-Alcohol,C:\PycharmProjects\Alcohol Detection\dataset\Grupo_0\E_0_2\Iritech\E_0_2_4\E_0_2_4_L_5\via_region_data.json
E_0_2_4_L_M_N_N_1976_18_2017.bmp308278,Non-Alcohol,C:\PycharmProjects\Alcohol Detection\dataset\Grupo_0\E_0_2\Iritech\E_0_2_4\E_0_2_4_L_5\via_region_data.json
E_0_2_4_L_M_N_N_1976_19_2017.bmp308278,Non-Alcohol,C:\PycharmProjects\Alcohol Detection\dataset\Grupo_0\E_0_2\Iritech\E_0_2_4\E_0_2_4_L_5\via_region_data.json
E_0_2_4_L_M_N_N_1976_20_2017.bmp308278,Non-Alcohol,C:\PycharmProjects\Alcohol Detection\dataset\Grupo_0\E_0_2\Iritech\E_0_2_4\E_0_2_4_L_5\via_region_data.json
E_0_2_4_L_M_N_N_1976_21_2017.bmp308278,Non-Alcohol,C:\PycharmProjects\Alcohol Detection\dataset\Grupo_0\E_0_2\Iritech\E_0_2_4\E_0_2_4_L_5\via_region_data.json
E_0_2_4_L_M_N_N_1976_22_2017.bmp308278,Non-Alcohol,C:\PycharmProjects\Alcohol Detection\dataset\Grupo_0\E_0_2\Iritech\E_0_2_4\E_0_2_4_L_5\via_region_data.json
E_0_2_4_L_M_N_N_1976_23_2017.bmp308278,Non-Alcohol,C:\PycharmProjects\Alcohol Detection\dataset\Grupo_0\E_0_2\Iritech\E_0_2_4\E_0_2_4_L_5\via_region_data.json
E_0_2_4_L_M_N_N_1976_24_2017.bmp308278,Non-Alcohol,C:\PycharmProjects\Alcohol Detection\dataset\Grupo_0\E_0_2\Iritech\E_0_2_4\E_0_2_4_L_5\via_region_data.json
E_0_2_4_L_M_N_N_1976_25_2017.bmp308278,Non-Alcohol,C:\PycharmProjects\Alcohol Detection\dataset\Grupo_0\E_0_2\Iritech\E_0_2_4\E_0_2_4_L_5\via_region_data.json
E_0_2_4_L_M_N_N_1976_26_2017.bmp308278,Non-Alcohol,C:\PycharmProjects\Alcohol Detection\dataset\Grupo_0\E_0_2\Iritech\E_0_2_4\E_0_2_4_L_5\via_region_data.json
E_0_2_4_L_M_N_N_1976_27_2017.bmp308278,Non-Alcohol,C:\PycharmProjects\Alcohol Detection\dataset\Grupo_0\E_0_2\Iritech\E_0_2_4\E_0_2_4_L_5\via_region_data.json
E_0_2_4_L_M_N_N_1976_28_2017.bmp308278,Non-Alcohol,C:\PycharmProjects\Alcohol Detection\dataset\Grupo_0\E_0_2\Iritech\E_0_2_4\E_0_2_4_L_5\via_region_data.json
E_0_2_4_L_M_N_N_1976_29_2017.bmp308278,Non-Alcohol,C:\PycharmProjects\Alcohol Detection\dataset\Grupo_0\E_0_2\Iritech\E_0_2_4\E_0_2_4_L_5\via_region_data.json
E_0_2_4_L_M_N_N_1976_30_2017.bmp308278,Non-Alcohol,C:\PycharmProjects\Alcohol Detection\dataset\Grupo_0\E_0_2\Iritech\E_0_2_4\E_0_2_4_L_5\via_region_data.json
E_0_2_4_L_M_N_N_1976_31_2017.bmp308278,Non-Alcohol,C:\PycharmProjects\Alcohol Detection\dataset\Grupo_0\E_0_2\Iritech\E_0_2_4\E_0_2_4_L_5\via_region_data.json
E_0_2_4_L_M_N_N_1976_32_2017.bmp308278,Non-Alcohol,C:\PycharmProjects\Alcohol Detection\dataset\Grupo_0\E_0_2\Iritech\E_0_2_4\E_0_2_4_L_5\via_region_data.json
E_0_2_4_L_M_N_N_1976_33_2017.bmp308278,Non-Alcohol,C:\PycharmProjects\Alcohol Detection\dataset\Grupo_0\E_0_2\Iritech\E_0_2_4\E_0_2_4_L_5\via_region_data.json
E_0_2_4_L_M_N_N_1976_34_2017.bmp308278,Non-Alcohol,C:\PycharmProjects\Alcohol Detection\dataset\Grupo_0\E_0_2\Iritech\E_0_2_4\E_0_2_4_L_5\via_region_data.json
E_0_2_4_L_M_N_N_1976_35_2017.bmp308278,Non-Alcohol,C:\PycharmProjects\Alcohol Detection\dataset\Grupo_0\E_0_2\Iritech\E_0_2_4\E_0_2_4_L_5\via_region_data.json
E_0_2_4_L_M_N_N_1976_36_2017.bmp308278,Non-Alcohol,C:\PycharmProjects\Alcohol Detection\dataset\Grupo_0\E_0_2\Iritech\E_0_2_4\E_0_2_4_L_5\via_region_data.json
E_0_2_4_L_M_N_N_1976_37_2017.bmp308278,Non-Alcohol,C:\PycharmProjects\Alcohol Detection\dataset\Grupo_0\E_0_2\Iritech\E_0_2_4\E_0_2_4_L_5\via_region_data.json
E_0_2_4_L_M_N_N_1976_38_2017.bmp308278,Non-Alcohol,C:\PycharmProjects\Alcohol Detection\dataset\Grupo_0\E_0_2\Iritech\E_0_2_4\E_0_2_4_L_5\via_region_data.json
E_0_2_4_L_M_N_N_1976_39_2017.bmp308278,Non-Alcohol,C:\PycharmProjects\Alcohol Detection\dataset\Grupo_0\E_0_2\Iritech\E_0_2_4\E_0_2_4_L_5\via_region_data.json
E_0_2_4_L_M_N_N_1976_40_2017.bmp308278,Non-Alcohol,C:\PycharmProjects\Alcohol Detection\dataset\Grupo_0\E_0_2\Iritech\E_0_2_4\E_0_2_4_L_5\via_region_data.json
E_0_2_4_L_M_N_N_1976_41_2017.bmp308278,Non-Alcohol,C:\PycharmProjects\Alcohol Detection\dataset\Grupo_0\E_0_2\Iritech\E_0_2_4\E_0_2_4_L_5\via_region_data.json
E_0_2_4_L_M_N_N_1976_42_2017.bmp308278,Non-Alcohol,C:\PycharmProjects\Alcohol Detection\dataset\Grupo_0\E_0_2\Iritech\E_0_2_4\E_0_2_4_L_5\via_region_data.json
E_0_2_4_L_M_N_N_1976_43_2017.bmp308278,Non-Alcohol,C:\PycharmProjects\Alcohol Detection\dataset\Grupo_0\E_0_2\Iritech\E_0_2_4\E_0_2_4_L_5\via_region_data.json
E_0_2_4_L_M_N_N_1976_44_2017.bmp308278,Non-Alcohol,C:\PycharmProjects\Alcohol Detection\dataset\Grupo_0\E_0_2\Iritech\E_0_2_4\E_0_2_4_L_5\via_region_data.json
E_0_2_4_L_M_N_N_1976_45_2017.bmp308278,Non-Alcohol,C:\PycharmProjects\Alcohol Detection\dataset\Grupo_0\E_0_2\Iritech\E_0_2_4\E_0_2_4_L_5\via_region_data.json
E_0_2_4_L_M_N_N_1976_46_2017.bmp308278,Non-Alcohol,C:\PycharmProjects\Alcohol Detection\dataset\Grupo_0\E_0_2\Iritech\E_0_2_4\E_0_2_4_L_5\via_region_data.json
E_0_2_4_L_M_N_N_1976_47_2017.bmp308278,Non-Alcohol,C:\PycharmProjects\Alcohol Detection\dataset\Grupo_0\E_0_2\Iritech\E_0_2_4\E_0_2_4_L_5\via_region_data.json
E_0_2_4_L_M_N_N_1976_48_2017.bmp308278,Non-Alcohol,C:\PycharmProjects\Alcohol Detection\dataset\Grupo_0\E_0_2\Iritech\E_0_2_4\E_0_2_4_L_5\via_region_data.json
E_0_2_4_L_M_N_N_1976_49_2017.bmp308278,Non-Alcohol,C:\PycharmProjects\Alcohol Detection\dataset\Grupo_0\E_0_2\Iritech\E_0_2_4\E_0_2_4_L_5\via_region_data.json
E_0_2_4_L_M_N_N_1976_50_2017.bmp308278,Non-Alcohol,C:\PycharmProjects\Alcohol Detection\dataset\Grupo_0\E_0_2\Iritech\E_0_2_4\E_0_2_4_L_5\via_region_data.json
E_0_2_4_L_M_N_N_1976_51_2017.bmp308278,Non-Alcohol,C:\PycharmProjects\Alcohol Detection\dataset\Grupo_0\E_0_2\Iritech\E_0_2_4\E_0_2_4_L_5\via_region_data.json
E_0_2_4_L_M_N_N_1976_52_2017.bmp308278,Non-Alcohol,C:\PycharmProjects\Alcohol Detection\dataset\Grupo_0\E_0_2\Iritech\E_0_2_4\E_0_2_4_L_5\via_region_data.json
E_0_2_4_L_M_N_N_1976_53_2017.bmp308278,Non-Alcohol,C:\PycharmProjects\Alcohol Detection\dataset\Grupo_0\E_0_2\Iritech\E_0_2_4\E_0_2_4_L_5\via_region_data.json
E_0_2_4_L_M_N_N_1976_54_2017.bmp308278,Non-Alcohol,C:\PycharmProjects\Alcohol Detection\dataset\Grupo_0\E_0_2\Iritech\E_0_2_4\E_0_2_4_L_5\via_region_data.json
E_0_2_4_L_M_N_N_1976_55_2017.bmp308278,Non-Alcohol,C:\PycharmProjects\Alcohol Detection\dataset\Grupo_0\E_0_2\Iritech\E_0_2_4\E_0_2_4_L_5\via_region_data.json
E_0_2_4_L_M_N_N_1976_56_2017.bmp308278,Non-Alcohol,C:\PycharmProjects\Alcohol Detection\dataset\Grupo_0\E_0_2\Iritech\E_0_2_4\E_0_2_4_L_5\via_region_data.json
E_0_2_4_L_M_N_N_1976_57_2017.bmp308278,Non-Alcohol,C:\PycharmProjects\Alcohol Detection\dataset\Grupo_0\E_0_2\Iritech\E_0_2_4\E_0_2_4_L_5\via_region_data.json
E_0_2_4_L_M_N_N_1976_58_2017.bmp308278,Non-Alcohol,C:\PycharmProjects\Alcohol Detection\dataset\Grupo_0\E_0_2\Iritech\E_0_2_4\E_0_2_4_L_5\via_region_data.json
E_0_2_4_L_M_N_N_1976_59_2017.bmp308278,Non-Alcohol,C:\PycharmProjects\Alcohol Detection\dataset\Grupo_0\E_0_2\Iritech\E_0_2_4\E_0_2_4_L_5\via_region_data.json
E_0_2_4_L_M_N_N_1976_60_2017.bmp308278,Non-Alcohol,C:\PycharmProjects\Alcohol Detection\dataset\Grupo_0\E_0_2\Iritech\E_0_2_4\E_0_2_4_L_5\via_region_data.json
E_0_2_4_L_M_N_N_1976_61_2017.bmp308278,Non-Alcohol,C:\PycharmProjects\Alcohol Detection\dataset\Grupo_0\E_0_2\Iritech\E_0_2_4\E_0_2_4_L_5\via_region_data.json
E_0_2_4_L_M_N_N_1976_62_2017.bmp308278,Non-Alcohol,C:\PycharmProjects\Alcohol Detection\dataset\Grupo_0\E_0_2\Iritech\E_0_2_4\E_0_2_4_L_5\via_region_data.json
E_0_2_4_L_M_N_N_1976_63_2017.bmp308278,Non-Alcohol,C:\PycharmProjects\Alcohol Detection\dataset\Grupo_0\E_0_2\Iritech\E_0_2_4\E_0_2_4_L_5\via_region_data.json
E_0_2_4_L_M_N_N_1976_64_2017.bmp308278,Non-Alcohol,C:\PycharmProjects\Alcohol Detection\dataset\Grupo_0\E_0_2\Iritech\E_0_2_4\E_0_2_4_L_5\via_region_data.json
E_0_2_4_L_M_N_N_1976_65_2017.bmp308278,Non-Alcohol,C:\PycharmProjects\Alcohol Detection\dataset\Grupo_0\E_0_2\Iritech\E_0_2_4\E_0_2_4_L_5\via_region_data.json
E_0_2_4_L_M_N_N_1976_66_2017.bmp308278,Non-Alcohol,C:\PycharmProjects\Alcohol Detection\dataset\Grupo_0\E_0_2\Iritech\E_0_2_4\E_0_2_4_L_5\via_region_data.json
E_0_2_4_L_M_N_N_1976_67_2017.bmp308278,Non-Alcohol,C:\PycharmProjects\Alcohol Detection\dataset\Grupo_0\E_0_2\Iritech\E_0_2_4\E_0_2_4_L_5\via_region_data.json
E_0_2_4_L_M_N_N_1976_68_2017.bmp308278,Non-Alcohol,C:\PycharmProjects\Alcohol Detection\dataset\Grupo_0\E_0_2\Iritech\E_0_2_4\E_0_2_4_L_5\via_region_data.json
E_0_2_4_L_M_N_N_1976_69_2017.bmp308278,Non-Alcohol,C:\PycharmProjects\Alcohol Detection\dataset\Grupo_0\E_0_2\Iritech\E_0_2_4\E_0_2_4_L_5\via_region_data.json
E_0_2_4_L_M_N_N_1976_70_2017.bmp308278,Non-Alcohol,C:\PycharmProjects\Alcohol Detection\dataset\Grupo_0\E_0_2\Iritech\E_0_2_4\E_0_2_4_L_5\via_region_data.json
E_0_2_4_L_M_N_N_1976_71_2017.bmp308278,Non-Alcohol,C:\PycharmProjects\Alcohol Detection\dataset\Grupo_0\E_0_2\Iritech\E_0_2_4\E_0_2_4_L_5\via_region_data.json
E_0_2_4_L_M_N_N_1976_72_2017.bmp308278,Non-Alcohol,C:\PycharmProjects\Alcohol Detection\dataset\Grupo_0\E_0_2\Iritech\E_0_2_4\E_0_2_4_L_5\via_region_data.json
E_0_2_4_L_M_N_N_1976_73_2017.bmp308278,Non-Alcohol,C:\PycharmProjects\Alcohol Detection\dataset\Grupo_0\E_0_2\Iritech\E_0_2_4\E_0_2_4_L_5\via_region_data.json
E_0_2_4_L_M_N_N_1976_74_2017.bmp308278,Non-Alcohol,C:\PycharmProjects\Alcohol Detection\dataset\Grupo_0\E_0_2\Iritech\E_0_2_4\E_0_2_4_L_5\via_region_data.json
E_0_2_4_L_M_N_N_1976_75_2017.bmp308278,Non-Alcohol,C:\PycharmProjects\Alcohol Detection\dataset\Grupo_0\E_0_2\Iritech\E_0_2_4\E_0_2_4_L_5\via_region_data.json
E_0_2_4_L_M_N_N_1976_76_2017.bmp308278,Non-Alcohol,C:\PycharmProjects\Alcohol Detection\dataset\Grupo_0\E_0_2\Iritech\E_0_2_4\E_0_2_4_L_5\via_region_data.json
E_0_2_4_R_M_N_N_1976_0_2017.bmp308278,Non-Alcohol,C:\PycharmProjects\Alcohol Detection\dataset\Grupo_0\E_0_2\Iritech\E_0_2_4\E_0_2_4_R_5\via_region_data.json
E_0_2_4_R_M_N_N_1976_1_2017.bmp308278,Non-Alcohol,C:\PycharmProjects\Alcohol Detection\dataset\Grupo_0\E_0_2\Iritech\E_0_2_4\E_0_2_4_R_5\via_region_data.json
E_0_2_4_R_M_N_N_1976_2_2017.bmp308278,Non-Alcohol,C:\PycharmProjects\Alcohol Detection\dataset\Grupo_0\E_0_2\Iritech\E_0_2_4\E_0_2_4_R_5\via_region_data.json
E_0_2_4_R_M_N_N_1976_3_2017.bmp308278,Non-Alcohol,C:\PycharmProjects\Alcohol Detection\dataset\Grupo_0\E_0_2\Iritech\E_0_2_4\E_0_2_4_R_5\via_region_data.json
E_0_2_4_R_M_N_N_1976_4_2017.bmp308278,Non-Alcohol,C:\PycharmProjects\Alcohol Detection\dataset\Grupo_0\E_0_2\Iritech\E_0_2_4\E_0_2_4_R_5\via_region_data.json
E_0_2_4_R_M_N_N_1976_5_2017.bmp308278,Non-Alcohol,C:\PycharmProjects\Alcohol Detection\dataset\Grupo_0\E_0_2\Iritech\E_0_2_4\E_0_2_4_R_5\via_region_data.json
E_0_2_4_R_M_N_N_1976_6_2017.bmp308278,Non-Alcohol,C:\PycharmProjects\Alcohol Detection\dataset\Grupo_0\E_0_2\Iritech\E_0_2_4\E_0_2_4_R_5\via_region_data.json
E_0_2_4_R_M_N_N_1976_7_2017.bmp308278,Non-Alcohol,C:\PycharmProjects\Alcohol Detection\dataset\Grupo_0\E_0_2\Iritech\E_0_2_4\E_0_2_4_R_5\via_region_data.json
E_0_2_4_R_M_N_N_1976_8_2017.bmp308278,Non-Alcohol,C:\PycharmProjects\Alcohol Detection\dataset\Grupo_0\E_0_2\Iritech\E_0_2_4\E_0_2_4_R_5\via_region_data.json
E_0_2_4_R_M_N_N_1976_9_2017.bmp308278,Non-Alcohol,C:\PycharmProjects\Alcohol Detection\dataset\Grupo_0\E_0_2\Iritech\E_0_2_4\E_0_2_4_R_5\via_region_data.json
E_0_2_4_R_M_N_N_1976_10_2017.bmp308278,Non-Alcohol,C:\PycharmProjects\Alcohol Detection\dataset\Grupo_0\E_0_2\Iritech\E_0_2_4\E_0_2_4_R_5\via_region_data.json
E_0_2_4_R_M_N_N_1976_11_2017.bmp308278,Non-Alcohol,C:\PycharmProjects\Alcohol Detection\dataset\Grupo_0\E_0_2\Iritech\E_0_2_4\E_0_2_4_R_5\via_region_data.json
E_0_2_4_R_M_N_N_1976_12_2017.bmp308278,Non-Alcohol,C:\PycharmProjects\Alcohol Detection\dataset\Grupo_0\E_0_2\Iritech\E_0_2_4\E_0_2_4_R_5\via_region_data.json
E_0_2_4_R_M_N_N_1976_13_2017.bmp308278,Non-Alcohol,C:\PycharmProjects\Alcohol Detection\dataset\Grupo_0\E_0_2\Iritech\E_0_2_4\E_0_2_4_R_5\via_region_data.json
E_0_2_4_R_M_N_N_1976_14_2017.bmp308278,Non-Alcohol,C:\PycharmProjects\Alcohol Detection\dataset\Grupo_0\E_0_2\Iritech\E_0_2_4\E_0_2_4_R_5\via_region_data.json
E_0_2_4_R_M_N_N_1976_15_2017.bmp308278,Non-Alcohol,C:\PycharmProjects\Alcohol Detection\dataset\Grupo_0\E_0_2\Iritech\E_0_2_4\E_0_2_4_R_5\via_region_data.json
E_0_2_4_R_M_N_N_1976_16_2017.bmp308278,Non-Alcohol,C:\PycharmProjects\Alcohol Detection\dataset\Grupo_0\E_0_2\Iritech\E_0_2_4\E_0_2_4_R_5\via_region_data.json
E_0_2_4_R_M_N_N_1976_17_2017.bmp308278,Non-Alcohol,C:\PycharmProjects\Alcohol Detection\dataset\Grupo_0\E_0_2\Iritech\E_0_2_4\E_0_2_4_R_5\via_region_data.json
E_0_2_4_R_M_N_N_1976_18_2017.bmp308278,Non-Alcohol,C:\PycharmProjects\Alcohol Detection\dataset\Grupo_0\E_0_2\Iritech\E_0_2_4\E_0_2_4_R_5\via_region_data.json
E_0_2_4_R_M_N_N_1976_19_2017.bmp308278,Non-Alcohol,C:\PycharmProjects\Alcohol Detection\dataset\Grupo_0\E_0_2\Iritech\E_0_2_4\E_0_2_4_R_5\via_region_data.json
E_0_2_4_R_M_N_N_1976_20_2017.bmp308278,Non-Alcohol,C:\PycharmProjects\Alcohol Detection\dataset\Grupo_0\E_0_2\Iritech\E_0_2_4\E_0_2_4_R_5\via_region_data.json
E_0_2_4_R_M_N_N_1976_21_2017.bmp308278,Non-Alcohol,C:\PycharmProjects\Alcohol Detection\dataset\Grupo_0\E_0_2\Iritech\E_0_2_4\E_0_2_4_R_5\via_region_data.json
E_0_2_4_R_M_N_N_1976_22_2017.bmp308278,Non-Alcohol,C:\PycharmProjects\Alcohol Detection\dataset\Grupo_0\E_0_2\Iritech\E_0_2_4\E_0_2_4_R_5\via_region_data.json
E_0_2_4_R_M_N_N_1976_23_2017.bmp308278,Non-Alcohol,C:\PycharmProjects\Alcohol Detection\dataset\Grupo_0\E_0_2\Iritech\E_0_2_4\E_0_2_4_R_5\via_region_data.json
E_0_2_4_R_M_N_N_1976_24_2017.bmp308278,Non-Alcohol,C:\PycharmProjects\Alcohol Detection\dataset\Grupo_0\E_0_2\Iritech\E_0_2_4\E_0_2_4_R_5\via_region_data.json
E_0_2_4_R_M_N_N_1976_25_2017.bmp308278,Non-Alcohol,C:\PycharmProjects\Alcohol Detection\dataset\Grupo_0\E_0_2\Iritech\E_0_2_4\E_0_2_4_R_5\via_region_data.json
E_0_2_4_R_M_N_N_1976_26_2017.bmp308278,Non-Alcohol,C:\PycharmProjects\Alcohol Detection\dataset\Grupo_0\E_0_2\Iritech\E_0_2_4\E_0_2_4_R_5\via_region_data.json
E_0_2_4_R_M_N_N_1976_27_2017.bmp308278,Non-Alcohol,C:\PycharmProjects\Alcohol Detection\dataset\Grupo_0\E_0_2\Iritech\E_0_2_4\E_0_2_4_R_5\via_region_data.json
E_0_2_4_R_M_N_N_1976_28_2017.bmp308278,Non-Alcohol,C:\PycharmProjects\Alcohol Detection\dataset\Grupo_0\E_0_2\Iritech\E_0_2_4\E_0_2_4_R_5\via_region_data.json
E_0_2_4_R_M_N_N_1976_29_2017.bmp308278,Non-Alcohol,C:\PycharmProjects\Alcohol Detection\dataset\Grupo_0\E_0_2\Iritech\E_0_2_4\E_0_2_4_R_5\via_region_data.json
E_0_2_4_R_M_N_N_1976_30_2017.bmp308278,Non-Alcohol,C:\PycharmProjects\Alcohol Detection\dataset\Grupo_0\E_0_2\Iritech\E_0_2_4\E_0_2_4_R_5\via_region_data.json
E_0_2_4_R_M_N_N_1976_31_2017.bmp308278,Non-Alcohol,C:\PycharmProjects\Alcohol Detection\dataset\Grupo_0\E_0_2\Iritech\E_0_2_4\E_0_2_4_R_5\via_region_data.json
E_0_2_4_R_M_N_N_1976_32_2017.bmp308278,Non-Alcohol,C:\PycharmProjects\Alcohol Detection\dataset\Grupo_0\E_0_2\Iritech\E_0_2_4\E_0_2_4_R_5\via_region_data.json
E_0_2_4_R_M_N_N_1976_33_2017.bmp308278,Non-Alcohol,C:\PycharmProjects\Alcohol Detection\dataset\Grupo_0\E_0_2\Iritech\E_0_2_4\E_0_2_4_R_5\via_region_data.json
E_0_2_4_R_M_N_N_1976_34_2017.bmp308278,Non-Alcohol,C:\PycharmProjects\Alcohol Detection\dataset\Grupo_0\E_0_2\Iritech\E_0_2_4\E_0_2_4_R_5\via_region_data.json
E_0_2_4_R_M_N_N_1976_35_2017.bmp308278,Non-Alcohol,C:\PycharmProjects\Alcohol Detection\dataset\Grupo_0\E_0_2\Iritech\E_0_2_4\E_0_2_4_R_5\via_region_data.json
E_0_2_4_R_M_N_N_1976_36_2017.bmp308278,Non-Alcohol,C:\PycharmProjects\Alcohol Detection\dataset\Grupo_0\E_0_2\Iritech\E_0_2_4\E_0_2_4_R_5\via_region_data.json
E_0_2_4_R_M_N_N_1976_37_2017.bmp308278,Non-Alcohol,C:\PycharmProjects\Alcohol Detection\dataset\Grupo_0\E_0_2\Iritech\E_0_2_4\E_0_2_4_R_5\via_region_data.json
E_0_2_4_R_M_N_N_1976_38_2017.bmp308278,Non-Alcohol,C:\PycharmProjects\Alcohol Detection\dataset\Grupo_0\E_0_2\Iritech\E_0_2_4\E_0_2_4_R_5\via_region_data.json
E_0_2_4_R_M_N_N_1976_39_2017.bmp308278,Non-Alcohol,C:\PycharmProjects\Alcohol Detection\dataset\Grupo_0\E_0_2\Iritech\E_0_2_4\E_0_2_4_R_5\via_region_data.json
E_0_2_4_R_M_N_N_1976_40_2017.bmp308278,Non-Alcohol,C:\PycharmProjects\Alcohol Detection\dataset\Grupo_0\E_0_2\Iritech\E_0_2_4\E_0_2_4_R_5\via_region_data.json
E_0_2_4_R_M_N_N_1976_41_2017.bmp308278,Non-Alcohol,C:\PycharmProjects\Alcohol Detection\dataset\Grupo_0\E_0_2\Iritech\E_0_2_4\E_0_2_4_R_5\via_region_data.json
E_0_2_4_R_M_N_N_1976_42_2017.bmp308278,Non-Alcohol,C:\PycharmProjects\Alcohol Detection\dataset\Grupo_0\E_0_2\Iritech\E_0_2_4\E_0_2_4_R_5\via_region_data.json
E_0_2_4_R_M_N_N_1976_43_2017.bmp308278,Non-Alcohol,C:\PycharmProjects\Alcohol Detection\dataset\Grupo_0\E_0_2\Iritech\E_0_2_4\E_0_2_4_R_5\via_region_data.json
E_0_2_4_R_M_N_N_1976_44_2017.bmp308278,Non-Alcohol,C:\PycharmProjects\Alcohol Detection\dataset\Grupo_0\E_0_2\Iritech\E_0_2_4\E_0_2_4_R_5\via_region_data.json
E_0_2_4_R_M_N_N_1976_45_2017.bmp308278,Non-Alcohol,C:\PycharmProjects\Alcohol Detection\dataset\Grupo_0\E_0_2\Iritech\E_0_2_4\E_0_2_4_R_5\via_region_data.json
E_0_2_4_R_M_N_N_1976_46_2017.bmp308278,Non-Alcohol,C:\PycharmProjects\Alcohol Detection\dataset\Grupo_0\E_0_2\Iritech\E_0_2_4\E_0_2_4_R_5\via_region_data.json
E_0_2_4_R_M_N_N_1976_47_2017.bmp308278,Non-Alcohol,C:\PycharmProjects\Alcohol Detection\dataset\Grupo_0\E_0_2\Iritech\E_0_2_4\E_0_2_4_R_5\via_region_data.json
E_0_2_4_R_M_N_N_1976_48_2017.bmp308278,Non-Alcohol,C:\PycharmProjects\Alcohol Detection\dataset\Grupo_0\E_0_2\Iritech\E_0_2_4\E_0_2_4_R_5\via_region_data.json
E_0_2_4_R_M_N_N_1976_49_2017.bmp308278,Non-Alcohol,C:\PycharmProjects\Alcohol Detection\dataset\Grupo_0\E_0_2\Iritech\E_0_2_4\E_0_2_4_R_5\via_region_data.json
E_0_2_4_R_M_N_N_1976_50_2017.bmp308278,Non-Alcohol,C:\PycharmProjects\Alcohol Detection\dataset\Grupo_0\E_0_2\Iritech\E_0_2_4\E_0_2_4_R_5\via_region_data.json
E_0_2_4_R_M_N_N_1976_51_2017.bmp308278,Non-Alcohol,C:\PycharmProjects\Alcohol Detection\dataset\Grupo_0\E_0_2\Iritech\E_0_2_4\E_0_2_4_R_5\via_region_data.json
E_0_2_4_R_M_N_N_1976_52_2017.bmp308278,Non-Alcohol,C:\PycharmProjects\Alcohol Detection\dataset\Grupo_0\E_0_2\Iritech\E_0_2_4\E_0_2_4_R_5\via_region_data.json
E_0_2_4_R_M_N_N_1976_53_2017.bmp308278,Non-Alcohol,C:\PycharmProjects\Alcohol Detection\dataset\Grupo_0\E_0_2\Iritech\E_0_2_4\E_0_2_4_R_5\via_region_data.json
E_0_2_4_R_M_N_N_1976_54_2017.bmp308278,Non-Alcohol,C:\PycharmProjects\Alcohol Detection\dataset\Grupo_0\E_0_2\Iritech\E_0_2_4\E_0_2_4_R_5\via_region_data.json
E_0_2_4_R_M_N_N_1976_55_2017.bmp308278,Non-Alcohol,C:\PycharmProjects\Alcohol Detection\dataset\Grupo_0\E_0_2\Iritech\E_0_2_4\E_0_2_4_R_5\via_region_data.json
E_0_2_4_R_M_N_N_1976_56_2017.bmp308278,Non-Alcohol,C:\PycharmProjects\Alcohol Detection\dataset\Grupo_0\E_0_2\Iritech\E_0_2_4\E_0_2_4_R_5\via_region_data.json
E_0_2_4_R_M_N_N_1976_57_2017.bmp308278,Non-Alcohol,C:\PycharmProjects\Alcohol Detection\dataset\Grupo_0\E_0_2\Iritech\E_0_2_4\E_0_2_4_R_5\via_region_data.json
E_0_2_4_R_M_N_N_1976_58_2017.bmp308278,Non-Alcohol,C:\PycharmProjects\Alcohol Detection\dataset\Grupo_0\E_0_2\Iritech\E_0_2_4\E_0_2_4_R_5\via_region_data.json
E_0_2_4_R_M_N_N_1976_59_2017.bmp308278,Non-Alcohol,C:\PycharmProjects\Alcohol Detection\dataset\Grupo_0\E_0_2\Iritech\E_0_2_4\E_0_2_4_R_5\via_region_data.json
E_0_2_4_R_M_N_N_1976_60_2017.bmp308278,Non-Alcohol,C:\PycharmProjects\Alcohol Detection\dataset\Grupo_0\E_0_2\Iritech\E_0_2_4\E_0_2_4_R_5\via_region_data.json
E_0_2_4_R_M_N_N_1976_61_2017.bmp308278,Non-Alcohol,C:\PycharmProjects\Alcohol Detection\dataset\Grupo_0\E_0_2\Iritech\E_0_2_4\E_0_2_4_R_5\via_region_data.json
E_0_2_4_R_M_N_N_1976_62_2017.bmp308278,Non-Alcohol,C:\PycharmProjects\Alcohol Detection\dataset\Grupo_0\E_0_2\Iritech\E_0_2_4\E_0_2_4_R_5\via_region_data.json
E_0_2_4_R_M_N_N_1976_63_2017.bmp308278,Non-Alcohol,C:\PycharmProjects\Alcohol Detection\dataset\Grupo_0\E_0_2\Iritech\E_0_2_4\E_0_2_4_R_5\via_region_data.json
E_0_2_4_R_M_N_N_1976_64_2017.bmp308278,Non-Alcohol,C:\PycharmProjects\Alcohol Detection\dataset\Grupo_0\E_0_2\Iritech\E_0_2_4\E_0_2_4_R_5\via_region_data.json
E_0_2_4_R_M_N_N_1976_65_2017.bmp308278,Non-Alcohol,C:\PycharmProjects\Alcohol Detection\dataset\Grupo_0\E_0_2\Iritech\E_0_2_4\E_0_2_4_R_5\via_region_data.json
E_0_2_4_R_M_N_N_1976_66_2017.bmp308278,Non-Alcohol,C:\PycharmProjects\Alcohol Detection\dataset\Grupo_0\E_0_2\Iritech\E_0_2_4\E_0_2_4_R_5\via_region_data.json
E_0_2_4_R_M_N_N_1976_67_2017.bmp308278,Non-Alcohol,C:\PycharmProjects\Alcohol Detection\dataset\Grupo_0\E_0_2\Iritech\E_0_2_4\E_0_2_4_R_5\via_region_data.json
E_0_2_4_R_M_N_N_1976_68_2017.bmp308278,Non-Alcohol,C:\PycharmProjects\Alcohol Detection\dataset\Grupo_0\E_0_2\Iritech\E_0_2_4\E_0_2_4_R_5\via_region_data.json
E_0_2_4_R_M_N_N_1976_69_2017.bmp308278,Non-Alcohol,C:\PycharmProjects\Alcohol Detection\dataset\Grupo_0\E_0_2\Iritech\E_0_2_4\E_0_2_4_R_5\via_region_data.json
E_0_2_4_R_M_N_N_1976_70_2017.bmp308278,Non-Alcohol,C:\PycharmProjects\Alcohol Detection\dataset\Grupo_0\E_0_2\Iritech\E_0_2_4\E_0_2_4_R_5\via_region_data.json
E_0_2_4_R_M_N_N_1976_71_2017.bmp308278,Non-Alcohol,C:\PycharmProjects\Alcohol Detection\dataset\Grupo_0\E_0_2\Iritech\E_0_2_4\E_0_2_4_R_5\via_region_data.json
E_0_2_4_R_M_N_N_1976_72_2017.bmp308278,Non-Alcohol,C:\PycharmProjects\Alcohol Detection\dataset\Grupo_0\E_0_2\Iritech\E_0_2_4\E_0_2_4_R_5\via_region_data.json
E_0_2_4_R_M_N_N_1976_73_2017.bmp308278,Non-Alcohol,C:\PycharmProjects\Alcohol Detection\dataset\Grupo_0\E_0_2\Iritech\E_0_2_4\E_0_2_4_R_5\via_region_data.json
E_0_2_4_R_M_N_N_1976_74_2017.bmp308278,Non-Alcohol,C:\PycharmProjects\Alcohol Detection\dataset\Grupo_0\E_0_2\Iritech\E_0_2_4\E_0_2_4_R_5\via_region_data.json
E_0_2_4_R_M_N_N_1976_75_2017.bmp308278,Non-Alcohol,C:\PycharmProjects\Alcohol Detection\dataset\Grupo_0\E_0_2\Iritech\E_0_2_4\E_0_2_4_R_5\via_region_data.json
E_0_2_4_R_M_N_N_1976_76_2017.bmp308278,Non-Alcohol,C:\PycharmProjects\Alcohol Detection\dataset\Grupo_0\E_0_2\Iritech\E_0_2_4\E_0_2_4_R_5\via_region_data.json
E_0_2_4_R_M_N_N_1976_77_2017.bmp308278,Non-Alcohol,C:\PycharmProjects\Alcohol Detection\dataset\Grupo_0\E_0_2\Iritech\E_0_2_4\E_0_2_4_R_5\via_region_data.json
E_0_2_4_R_M_N_N_1976_78_2017.bmp308278,Non-Alcohol,C:\PycharmProjects\Alcohol Detection\dataset\Grupo_0\E_0_2\Iritech\E_0_2_4\E_0_2_4_R_5\via_region_data.json
E_0_2_4_R_M_N_N_1976_79_2017.bmp308278,Non-Alcohol,C:\PycharmProjects\Alcohol Detection\dataset\Grupo_0\E_0_2\Iritech\E_0_2_4\E_0_2_4_R_5\via_region_data.json
E_0_2_4_R_M_N_N_1976_80_2017.bmp308278,Non-Alcohol,C:\PycharmProjects\Alcohol Detection\dataset\Grupo_0\E_0_2\Iritech\E_0_2_4\E_0_2_4_R_5\via_region_data.json
E_0_2_4_R_M_N_N_1976_81_2017.bmp308278,Non-Alcohol,C:\PycharmProjects\Alcohol Detection\dataset\Grupo_0\E_0_2\Iritech\E_0_2_4\E_0_2_4_R_5\via_region_data.json
E_0_2_4_R_M_N_N_1976_82_2017.bmp308278,Non-Alcohol,C:\PycharmProjects\Alcohol Detection\dataset\Grupo_0\E_0_2\Iritech\E_0_2_4\E_0_2_4_R_5\via_region_data.json
E_0_2_0_L_M_N_N_1976_0_2017.bmp308278,Non-Alcohol,C:\PycharmProjects\Alcohol Detection\dataset\Grupo_0\E_0_2\LG\E_0_2_0\E_0_2_0_R_10\via_region_data.json
E_0_2_0_L_M_N_N_1976_1_2017.bmp308278,Non-Alcohol,C:\PycharmProjects\Alcohol Detection\dataset\Grupo_0\E_0_2\LG\E_0_2_0\E_0_2_0_R_10\via_region_data.json
E_0_2_0_L_M_N_N_1976_2_2017.bmp308278,Non-Alcohol,C:\PycharmProjects\Alcohol Detection\dataset\Grupo_0\E_0_2\LG\E_0_2_0\E_0_2_0_R_10\via_region_data.json
E_0_2_0_L_M_N_N_1976_3_2017.bmp308278,Non-Alcohol,C:\PycharmProjects\Alcohol Detection\dataset\Grupo_0\E_0_2\LG\E_0_2_0\E_0_2_0_R_10\via_region_data.json
E_0_2_0_L_M_N_N_1976_4_2017.bmp308278,Non-Alcohol,C:\PycharmProjects\Alcohol Detection\dataset\Grupo_0\E_0_2\LG\E_0_2_0\E_0_2_0_R_10\via_region_data.json
E_0_2_0_L_M_N_N_1976_5_2017.bmp308278,Non-Alcohol,C:\PycharmProjects\Alcohol Detection\dataset\Grupo_0\E_0_2\LG\E_0_2_0\E_0_2_0_R_10\via_region_data.json
E_0_2_0_L_M_N_N_1976_6_2017.bmp308278,Non-Alcohol,C:\PycharmProjects\Alcohol Detection\dataset\Grupo_0\E_0_2\LG\E_0_2_0\E_0_2_0_R_10\via_region_data.json
E_0_2_0_L_M_N_N_1976_7_2017.bmp308278,Non-Alcohol,C:\PycharmProjects\Alcohol Detection\dataset\Grupo_0\E_0_2\LG\E_0_2_0\E_0_2_0_R_10\via_region_data.json
E_0_2_0_L_M_N_N_1976_8_2017.bmp308278,Non-Alcohol,C:\PycharmProjects\Alcohol Detection\dataset\Grupo_0\E_0_2\LG\E_0_2_0\E_0_2_0_R_10\via_region_data.json
E_0_2_0_L_M_N_N_1976_9_2017.bmp308278,Non-Alcohol,C:\PycharmProjects\Alcohol Detection\dataset\Grupo_0\E_0_2\LG\E_0_2_0\E_0_2_0_R_10\via_region_data.json
E_0_2_0_R_M_N_N_1976_0_2017.bmp308278,Non-Alcohol,C:\PycharmProjects\Alcohol Detection\dataset\Grupo_0\E_0_2\LG\E_0_2_0\E_0_2_0_R_10\via_region_data.json
E_0_2_0_R_M_N_N_1976_1_2017.bmp308278,Non-Alcohol,C:\PycharmProjects\Alcohol Detection\dataset\Grupo_0\E_0_2\LG\E_0_2_0\E_0_2_0_R_10\via_region_data.json
E_0_2_0_R_M_N_N_1976_2_2017.bmp308278,Non-Alcohol,C:\PycharmProjects\Alcohol Detection\dataset\Grupo_0\E_0_2\LG\E_0_2_0\E_0_2_0_R_10\via_region_data.json
E_0_2_0_R_M_N_N_1976_3_2017.bmp308278,Non-Alcohol,C:\PycharmProjects\Alcohol Detection\dataset\Grupo_0\E_0_2\LG\E_0_2_0\E_0_2_0_R_10\via_region_data.json
E_0_2_0_R_M_N_N_1976_4_2017.bmp308278,Non-Alcohol,C:\PycharmProjects\Alcohol Detection\dataset\Grupo_0\E_0_2\LG\E_0_2_0\E_0_2_0_R_10\via_region_data.json
E_0_2_0_R_M_N_N_1976_5_2017.bmp308278,Non-Alcohol,C:\PycharmProjects\Alcohol Detection\dataset\Grupo_0\E_0_2\LG\E_0_2_0\E_0_2_0_R_10\via_region_data.json
E_0_2_0_R_M_N_N_1976_6_2017.bmp308278,Non-Alcohol,C:\PycharmProjects\Alcohol Detection\dataset\Grupo_0\E_0_2\LG\E_0_2_0\E_0_2_0_R_10\via_region_data.json
E_0_2_0_R_M_N_N_1976_7_2017.bmp308278,Non-Alcohol,C:\PycharmProjects\Alcohol Detection\dataset\Grupo_0\E_0_2\LG\E_0_2_0\E_0_2_0_R_10\via_region_data.json
E_0_2_0_R_M_N_N_1976_8_2017.bmp308278,Non-Alcohol,C:\PycharmProjects\Alcohol Detection\dataset\Grupo_0\E_0_2\LG\E_0_2_0\E_0_2_0_R_10\via_region_data.json
E_0_2_0_R_M_N_N_1976_9_2017.bmp308278,Non-Alcohol,C:\PycharmProjects\Alcohol Detection\dataset\Grupo_0\E_0_2\LG\E_0_2_0\E_0_2_0_R_10\via_region_data.json
E_0_2_1_L_M_N_N_1976_0_2017.bmp308278,Non-Alcohol,C:\PycharmProjects\Alcohol Detection\dataset\Grupo_0\E_0_2\LG\E_0_2_1\E_0_2_1_R_10\via_region_data.json
E_0_2_1_L_M_N_N_1976_1_2017.bmp308278,Non-Alcohol,C:\PycharmProjects\Alcohol Detection\dataset\Grupo_0\E_0_2\LG\E_0_2_1\E_0_2_1_R_10\via_region_data.json
E_0_2_1_L_M_N_N_1976_2_2017.bmp308278,Non-Alcohol,C:\PycharmProjects\Alcohol Detection\dataset\Grupo_0\E_0_2\LG\E_0_2_1\E_0_2_1_R_10\via_region_data.json
E_0_2_1_L_M_N_N_1976_3_2017.bmp308278,Non-Alcohol,C:\PycharmProjects\Alcohol Detection\dataset\Grupo_0\E_0_2\LG\E_0_2_1\E_0_2_1_R_10\via_region_data.json
E_0_2_1_L_M_N_N_1976_4_2017.bmp308278,Non-Alcohol,C:\PycharmProjects\Alcohol Detection\dataset\Grupo_0\E_0_2\LG\E_0_2_1\E_0_2_1_R_10\via_region_data.json
E_0_2_1_L_M_N_N_1976_5_2017.bmp308278,Non-Alcohol,C:\PycharmProjects\Alcohol Detection\dataset\Grupo_0\E_0_2\LG\E_0_2_1\E_0_2_1_R_10\via_region_data.json
E_0_2_1_L_M_N_N_1976_6_2017.bmp308278,Non-Alcohol,C:\PycharmProjects\Alcohol Detection\dataset\Grupo_0\E_0_2\LG\E_0_2_1\E_0_2_1_R_10\via_region_data.json
E_0_2_1_L_M_N_N_1976_7_2017.bmp308278,Non-Alcohol,C:\PycharmProjects\Alcohol Detection\dataset\Grupo_0\E_0_2\LG\E_0_2_1\E_0_2_1_R_10\via_region_data.json
E_0_2_1_L_M_N_N_1976_8_2017.bmp308278,Non-Alcohol,C:\PycharmProjects\Alcohol Detection\dataset\Grupo_0\E_0_2\LG\E_0_2_1\E_0_2_1_R_10\via_region_data.json
E_0_2_1_L_M_N_N_1976_9_2017.bmp308278,Non-Alcohol,C:\PycharmProjects\Alcohol Detection\dataset\Grupo_0\E_0_2\LG\E_0_2_1\E_0_2_1_R_10\via_region_data.json
E_0_2_1_R_M_N_N_1976_0_2017.bmp308278,Non-Alcohol,C:\PycharmProjects\Alcohol Detection\dataset\Grupo_0\E_0_2\LG\E_0_2_1\E_0_2_1_R_10\via_region_data.json
E_0_2_1_R_M_N_N_1976_1_2017.bmp308278,Non-Alcohol,C:\PycharmProjects\Alcohol Detection\dataset\Grupo_0\E_0_2\LG\E_0_2_1\E_0_2_1_R_10\via_region_data.json
E_0_2_1_R_M_N_N_1976_2_2017.bmp308278,Non-Alcohol,C:\PycharmProjects\Alcohol Detection\dataset\Grupo_0\E_0_2\LG\E_0_2_1\E_0_2_1_R_10\via_region_data.json
E_0_2_1_R_M_N_N_1976_3_2017.bmp308278,Non-Alcohol,C:\PycharmProjects\Alcohol Detection\dataset\Grupo_0\E_0_2\LG\E_0_2_1\E_0_2_1_R_10\via_region_data.json
E_0_2_1_R_M_N_N_1976_4_2017.bmp308278,Non-Alcohol,C:\PycharmProjects\Alcohol Detection\dataset\Grupo_0\E_0_2\LG\E_0_2_1\E_0_2_1_R_10\via_region_data.json
E_0_2_1_R_M_N_N_1976_5_2017.bmp308278,Non-Alcohol,C:\PycharmProjects\Alcohol Detection\dataset\Grupo_0\E_0_2\LG\E_0_2_1\E_0_2_1_R_10\via_region_data.json
E_0_2_1_R_M_N_N_1976_6_2017.bmp308278,Non-Alcohol,C:\PycharmProjects\Alcohol Detection\dataset\Grupo_0\E_0_2\LG\E_0_2_1\E_0_2_1_R_10\via_region_data.json
E_0_2_1_R_M_N_N_1976_7_2017.bmp308278,Non-Alcohol,C:\PycharmProjects\Alcohol Detection\dataset\Grupo_0\E_0_2\LG\E_0_2_1\E_0_2_1_R_10\via_region_data.json
E_0_2_1_R_M_N_N_1976_8_2017.bmp308278,Non-Alcohol,C:\PycharmProjects\Alcohol Detection\dataset\Grupo_0\E_0_2\LG\E_0_2_1\E_0_2_1_R_10\via_region_data.json
E_0_2_1_R_M_N_N_1976_9_2017.bmp308278,Non-Alcohol,C:\PycharmProjects\Alcohol Detection\dataset\Grupo_0\E_0_2\LG\E_0_2_1\E_0_2_1_R_10\via_region_data.json
E_0_2_2_L_M_N_N_1976_0_2017.bmp308278,Non-Alcohol,C:\PycharmProjects\Alcohol Detection\dataset\Grupo_0\E_0_2\LG\E_0_2_2\E_0_2_2_R_10\via_region_data.json
E_0_2_2_L_M_N_N_1976_1_2017.bmp308278,Non-Alcohol,C:\PycharmProjects\Alcohol Detection\dataset\Grupo_0\E_0_2\LG\E_0_2_2\E_0_2_2_R_10\via_region_data.json
E_0_2_2_L_M_N_N_1976_2_2017.bmp308278,Non-Alcohol,C:\PycharmProjects\Alcohol Detection\dataset\Grupo_0\E_0_2\LG\E_0_2_2\E_0_2_2_R_10\via_region_data.json
E_0_2_2_L_M_N_N_1976_3_2017.bmp308278,Non-Alcohol,C:\PycharmProjects\Alcohol Detection\dataset\Grupo_0\E_0_2\LG\E_0_2_2\E_0_2_2_R_10\via_region_data.json
E_0_2_2_L_M_N_N_1976_4_2017.bmp308278,Non-Alcohol,C:\PycharmProjects\Alcohol Detection\dataset\Grupo_0\E_0_2\LG\E_0_2_2\E_0_2_2_R_10\via_region_data.json
E_0_2_2_L_M_N_N_1976_5_2017.bmp308278,Non-Alcohol,C:\PycharmProjects\Alcohol Detection\dataset\Grupo_0\E_0_2\LG\E_0_2_2\E_0_2_2_R_10\via_region_data.json
E_0_2_2_L_M_N_N_1976_6_2017.bmp308278,Non-Alcohol,C:\PycharmProjects\Alcohol Detection\dataset\Grupo_0\E_0_2\LG\E_0_2_2\E_0_2_2_R_10\via_region_data.json
E_0_2_2_L_M_N_N_1976_7_2017.bmp308278,Non-Alcohol,C:\PycharmProjects\Alcohol Detection\dataset\Grupo_0\E_0_2\LG\E_0_2_2\E_0_2_2_R_10\via_region_data.json
E_0_2_2_L_M_N_N_1976_8_2017.bmp308278,Non-Alcohol,C:\PycharmProjects\Alcohol Detection\dataset\Grupo_0\E_0_2\LG\E_0_2_2\E_0_2_2_R_10\via_region_data.json
E_0_2_2_L_M_N_N_1976_9_2017.bmp308278,Non-Alcohol,C:\PycharmProjects\Alcohol Detection\dataset\Grupo_0\E_0_2\LG\E_0_2_2\E_0_2_2_R_10\via_region_data.json
E_0_2_2_R_M_N_N_1976_0_2017.bmp308278,Non-Alcohol,C:\PycharmProjects\Alcohol Detection\dataset\Grupo_0\E_0_2\LG\E_0_2_2\E_0_2_2_R_10\via_region_data.json
E_0_2_2_R_M_N_N_1976_1_2017.bmp308278,Non-Alcohol,C:\PycharmProjects\Alcohol Detection\dataset\Grupo_0\E_0_2\LG\E_0_2_2\E_0_2_2_R_10\via_region_data.json
E_0_2_2_R_M_N_N_1976_2_2017.bmp308278,Non-Alcohol,C:\PycharmProjects\Alcohol Detection\dataset\Grupo_0\E_0_2\LG\E_0_2_2\E_0_2_2_R_10\via_region_data.json
E_0_2_2_R_M_N_N_1976_3_2017.bmp308278,Non-Alcohol,C:\PycharmProjects\Alcohol Detection\dataset\Grupo_0\E_0_2\LG\E_0_2_2\E_0_2_2_R_10\via_region_data.json
E_0_2_2_R_M_N_N_1976_4_2017.bmp308278,Non-Alcohol,C:\PycharmProjects\Alcohol Detection\dataset\Grupo_0\E_0_2\LG\E_0_2_2\E_0_2_2_R_10\via_region_data.json
E_0_2_2_R_M_N_N_1976_5_2017.bmp308278,Non-Alcohol,C:\PycharmProjects\Alcohol Detection\dataset\Grupo_0\E_0_2\LG\E_0_2_2\E_0_2_2_R_10\via_region_data.json
E_0_2_2_R_M_N_N_1976_6_2017.bmp308278,Non-Alcohol,C:\PycharmProjects\Alcohol Detection\dataset\Grupo_0\E_0_2\LG\E_0_2_2\E_0_2_2_R_10\via_region_data.json
E_0_2_2_R_M_N_N_1976_7_2017.bmp308278,Non-Alcohol,C:\PycharmProjects\Alcohol Detection\dataset\Grupo_0\E_0_2\LG\E_0_2_2\E_0_2_2_R_10\via_region_data.json
E_0_2_2_R_M_N_N_1976_8_2017.bmp308278,Non-Alcohol,C:\PycharmProjects\Alcohol Detection\dataset\Grupo_0\E_0_2\LG\E_0_2_2\E_0_2_2_R_10\via_region_data.json
E_0_2_2_R_M_N_N_1976_9_2017.bmp308278,Non-Alcohol,C:\PycharmProjects\Alcohol Detection\dataset\Grupo_0\E_0_2\LG\E_0_2_2\E_0_2_2_R_10\via_region_data.json
E_0_2_3_L_M_N_N_1976_0_2017.bmp308278,Non-Alcohol,C:\PycharmProjects\Alcohol Detection\dataset\Grupo_0\E_0_2\LG\E_0_2_3\E_0_2_3_R_10\via_region_data.json
E_0_2_3_L_M_N_N_1976_1_2017.bmp308278,Non-Alcohol,C:\PycharmProjects\Alcohol Detection\dataset\Grupo_0\E_0_2\LG\E_0_2_3\E_0_2_3_R_10\via_region_data.json
E_0_2_3_L_M_N_N_1976_2_2017.bmp308278,Non-Alcohol,C:\PycharmProjects\Alcohol Detection\dataset\Grupo_0\E_0_2\LG\E_0_2_3\E_0_2_3_R_10\via_region_data.json
E_0_2_3_L_M_N_N_1976_3_2017.bmp308278,Non-Alcohol,C:\PycharmProjects\Alcohol Detection\dataset\Grupo_0\E_0_2\LG\E_0_2_3\E_0_2_3_R_10\via_region_data.json
E_0_2_3_L_M_N_N_1976_4_2017.bmp308278,Non-Alcohol,C:\PycharmProjects\Alcohol Detection\dataset\Grupo_0\E_0_2\LG\E_0_2_3\E_0_2_3_R_10\via_region_data.json
E_0_2_3_L_M_N_N_1976_5_2017.bmp308278,Non-Alcohol,C:\PycharmProjects\Alcohol Detection\dataset\Grupo_0\E_0_2\LG\E_0_2_3\E_0_2_3_R_10\via_region_data.json
E_0_2_3_L_M_N_N_1976_6_2017.bmp308278,Non-Alcohol,C:\PycharmProjects\Alcohol Detection\dataset\Grupo_0\E_0_2\LG\E_0_2_3\E_0_2_3_R_10\via_region_data.json
E_0_2_3_L_M_N_N_1976_7_2017.bmp308278,Non-Alcohol,C:\PycharmProjects\Alcohol Detection\dataset\Grupo_0\E_0_2\LG\E_0_2_3\E_0_2_3_R_10\via_region_data.json
E_0_2_3_L_M_N_N_1976_8_2017.bmp308278,Non-Alcohol,C:\PycharmProjects\Alcohol Detection\dataset\Grupo_0\E_0_2\LG\E_0_2_3\E_0_2_3_R_10\via_region_data.json
E_0_2_3_L_M_N_N_1976_9_2017.bmp308278,Non-Alcohol,C:\PycharmProjects\Alcohol Detection\dataset\Grupo_0\E_0_2\LG\E_0_2_3\E_0_2_3_R_10\via_region_data.json
E_0_2_3_R_M_N_N_1976_0_2017.bmp308278,Non-Alcohol,C:\PycharmProjects\Alcohol Detection\dataset\Grupo_0\E_0_2\LG\E_0_2_3\E_0_2_3_R_10\via_region_data.json
E_0_2_3_R_M_N_N_1976_1_2017.bmp308278,Non-Alcohol,C:\PycharmProjects\Alcohol Detection\dataset\Grupo_0\E_0_2\LG\E_0_2_3\E_0_2_3_R_10\via_region_data.json
E_0_2_3_R_M_N_N_1976_2_2017.bmp308278,Non-Alcohol,C:\PycharmProjects\Alcohol Detection\dataset\Grupo_0\E_0_2\LG\E_0_2_3\E_0_2_3_R_10\via_region_data.json
E_0_2_3_R_M_N_N_1976_3_2017.bmp308278,Non-Alcohol,C:\PycharmProjects\Alcohol Detection\dataset\Grupo_0\E_0_2\LG\E_0_2_3\E_0_2_3_R_10\via_region_data.json
E_0_2_3_R_M_N_N_1976_4_2017.bmp308278,Non-Alcohol,C:\PycharmProjects\Alcohol Detection\dataset\Grupo_0\E_0_2\LG\E_0_2_3\E_0_2_3_R_10\via_region_data.json
E_0_2_3_R_M_N_N_1976_5_2017.bmp308278,Non-Alcohol,C:\PycharmProjects\Alcohol Detection\dataset\Grupo_0\E_0_2\LG\E_0_2_3\E_0_2_3_R_10\via_region_data.json
E_0_2_3_R_M_N_N_1976_6_2017.bmp308278,Non-Alcohol,C:\PycharmProjects\Alcohol Detection\dataset\Grupo_0\E_0_2\LG\E_0_2_3\E_0_2_3_R_10\via_region_data.json
E_0_2_3_R_M_N_N_1976_7_2017.bmp308278,Non-Alcohol,C:\PycharmProjects\Alcohol Detection\dataset\Grupo_0\E_0_2\LG\E_0_2_3\E_0_2_3_R_10\via_region_data.json
E_0_2_3_R_M_N_N_1976_8_2017.bmp308278,Non-Alcohol,C:\PycharmProjects\Alcohol Detection\dataset\Grupo_0\E_0_2\LG\E_0_2_3\E_0_2_3_R_10\via_region_data.json
E_0_2_3_R_M_N_N_1976_9_2017.bmp308278,Non-Alcohol,C:\PycharmProjects\Alcohol Detection\dataset\Grupo_0\E_0_2\LG\E_0_2_3\E_0_2_3_R_10\via_region_data.json
E_0_2_4_L_M_N_N_1976_0_2017.bmp308278,Non-Alcohol,C:\PycharmProjects\Alcohol Detection\dataset\Grupo_0\E_0_2\LG\E_0_2_4\E_0_2_4_R_10\via_region_data.json
E_0_2_4_L_M_N_N_1976_1_2017.bmp308278,Non-Alcohol,C:\PycharmProjects\Alcohol Detection\dataset\Grupo_0\E_0_2\LG\E_0_2_4\E_0_2_4_R_10\via_region_data.json
E_0_2_4_L_M_N_N_1976_2_2017.bmp308278,Non-Alcohol,C:\PycharmProjects\Alcohol Detection\dataset\Grupo_0\E_0_2\LG\E_0_2_4\E_0_2_4_R_10\via_region_data.json
E_0_2_4_L_M_N_N_1976_3_2017.bmp308278,Non-Alcohol,C:\PycharmProjects\Alcohol Detection\dataset\Grupo_0\E_0_2\LG\E_0_2_4\E_0_2_4_R_10\via_region_data.json
E_0_2_4_L_M_N_N_1976_4_2017.bmp308278,Non-Alcohol,C:\PycharmProjects\Alcohol Detection\dataset\Grupo_0\E_0_2\LG\E_0_2_4\E_0_2_4_R_10\via_region_data.json
E_0_2_4_L_M_N_N_1976_5_2017.bmp308278,Non-Alcohol,C:\PycharmProjects\Alcohol Detection\dataset\Grupo_0\E_0_2\LG\E_0_2_4\E_0_2_4_R_10\via_region_data.json
E_0_2_4_L_M_N_N_1976_6_2017.bmp308278,Non-Alcohol,C:\PycharmProjects\Alcohol Detection\dataset\Grupo_0\E_0_2\LG\E_0_2_4\E_0_2_4_R_10\via_region_data.json
E_0_2_4_L_M_N_N_1976_7_2017.bmp308278,Non-Alcohol,C:\PycharmProjects\Alcohol Detection\dataset\Grupo_0\E_0_2\LG\E_0_2_4\E_0_2_4_R_10\via_region_data.json
E_0_2_4_L_M_N_N_1976_8_2017.bmp308278,Non-Alcohol,C:\PycharmProjects\Alcohol Detection\dataset\Grupo_0\E_0_2\LG\E_0_2_4\E_0_2_4_R_10\via_region_data.json
E_0_2_4_L_M_N_N_1976_9_2017.bmp308278,Non-Alcohol,C:\PycharmProjects\Alcohol Detection\dataset\Grupo_0\E_0_2\LG\E_0_2_4\E_0_2_4_R_10\via_region_data.json
E_0_2_4_R_M_N_N_1976_0_2017.bmp308278,Non-Alcohol,C:\PycharmProjects\Alcohol Detection\dataset\Grupo_0\E_0_2\LG\E_0_2_4\E_0_2_4_R_10\via_region_data.json
E_0_2_4_R_M_N_N_1976_1_2017.bmp308278,Non-Alcohol,C:\PycharmProjects\Alcohol Detection\dataset\Grupo_0\E_0_2\LG\E_0_2_4\E_0_2_4_R_10\via_region_data.json
E_0_2_4_R_M_N_N_1976_2_2017.bmp308278,Non-Alcohol,C:\PycharmProjects\Alcohol Detection\dataset\Grupo_0\E_0_2\LG\E_0_2_4\E_0_2_4_R_10\via_region_data.json
E_0_2_4_R_M_N_N_1976_3_2017.bmp308278,Non-Alcohol,C:\PycharmProjects\Alcohol Detection\dataset\Grupo_0\E_0_2\LG\E_0_2_4\E_0_2_4_R_10\via_region_data.json
E_0_2_4_R_M_N_N_1976_4_2017.bmp308278,Non-Alcohol,C:\PycharmProjects\Alcohol Detection\dataset\Grupo_0\E_0_2\LG\E_0_2_4\E_0_2_4_R_10\via_region_data.json
E_0_2_4_R_M_N_N_1976_5_2017.bmp308278,Non-Alcohol,C:\PycharmProjects\Alcohol Detection\dataset\Grupo_0\E_0_2\LG\E_0_2_4\E_0_2_4_R_10\via_region_data.json
E_0_2_4_R_M_N_N_1976_6_2017.bmp308278,Non-Alcohol,C:\PycharmProjects\Alcohol Detection\dataset\Grupo_0\E_0_2\LG\E_0_2_4\E_0_2_4_R_10\via_region_data.json
E_0_2_4_R_M_N_N_1976_7_2017.bmp308278,Non-Alcohol,C:\PycharmProjects\Alcohol Detection\dataset\Grupo_0\E_0_2\LG\E_0_2_4\E_0_2_4_R_10\via_region_data.json
E_0_2_4_R_M_N_N_1976_8_2017.bmp308278,Non-Alcohol,C:\PycharmProjects\Alcohol Detection\dataset\Grupo_0\E_0_2\LG\E_0_2_4\E_0_2_4_R_10\via_region_data.json
E_0_2_4_R_M_N_N_1976_9_2017.bmp308278,Non-Alcohol,C:\PycharmProjects\Alcohol Detection\dataset\Grupo_0\E_0_2\LG\E_0_2_4\E_0_2_4_R_10\via_region_data.json
E_1_0_0_L_M_N_N_1977_0_2017.bmp308278,Non-Alcohol,C:\PycharmProjects\Alcohol Detection\dataset\Grupo_1\E_1_0\Iritech\E_1_0_0\via_region_data.json
E_1_0_0_R_M_N_N_1977_0_2017.bmp308278,Non-Alcohol,C:\PycharmProjects\Alcohol Detection\dataset\Grupo_1\E_1_0\Iritech\E_1_0_0\via_region_data.json
E_1_0_0_L_M_N_N_1977_0_2017.bmp308278,Non-Alcohol,C:\PycharmProjects\Alcohol Detection\dataset\Grupo_1\E_1_0\Iritech\E_1_0_0\E_1_0_0_L_5\via_region_data.json
E_1_0_0_L_M_N_N_1977_1_2017.bmp308278,Non-Alcohol,C:\PycharmProjects\Alcohol Detection\dataset\Grupo_1\E_1_0\Iritech\E_1_0_0\E_1_0_0_L_5\via_region_data.json
E_1_0_0_L_M_N_N_1977_2_2017.bmp308278,Non-Alcohol,C:\PycharmProjects\Alcohol Detection\dataset\Grupo_1\E_1_0\Iritech\E_1_0_0\E_1_0_0_L_5\via_region_data.json
E_1_0_0_L_M_N_N_1977_3_2017.bmp308278,Non-Alcohol,C:\PycharmProjects\Alcohol Detection\dataset\Grupo_1\E_1_0\Iritech\E_1_0_0\E_1_0_0_L_5\via_region_data.json
E_1_0_0_L_M_N_N_1977_4_2017.bmp308278,Non-Alcohol,C:\PycharmProjects\Alcohol Detection\dataset\Grupo_1\E_1_0\Iritech\E_1_0_0\E_1_0_0_L_5\via_region_data.json
E_1_0_0_L_M_N_N_1977_5_2017.bmp308278,Non-Alcohol,C:\PycharmProjects\Alcohol Detection\dataset\Grupo_1\E_1_0\Iritech\E_1_0_0\E_1_0_0_L_5\via_region_data.json
E_1_0_0_L_M_N_N_1977_6_2017.bmp308278,Non-Alcohol,C:\PycharmProjects\Alcohol Detection\dataset\Grupo_1\E_1_0\Iritech\E_1_0_0\E_1_0_0_L_5\via_region_data.json
E_1_0_0_L_M_N_N_1977_7_2017.bmp308278,Non-Alcohol,C:\PycharmProjects\Alcohol Detection\dataset\Grupo_1\E_1_0\Iritech\E_1_0_0\E_1_0_0_L_5\via_region_data.json
E_1_0_0_L_M_N_N_1977_8_2017.bmp308278,Non-Alcohol,C:\PycharmProjects\Alcohol Detection\dataset\Grupo_1\E_1_0\Iritech\E_1_0_0\E_1_0_0_L_5\via_region_data.json
E_1_0_0_L_M_N_N_1977_9_2017.bmp308278,Non-Alcohol,C:\PycharmProjects\Alcohol Detection\dataset\Grupo_1\E_1_0\Iritech\E_1_0_0\E_1_0_0_L_5\via_region_data.json
E_1_0_0_L_M_N_N_1977_10_2017.bmp308278,Non-Alcohol,C:\PycharmProjects\Alcohol Detection\dataset\Grupo_1\E_1_0\Iritech\E_1_0_0\E_1_0_0_L_5\via_region_data.json
E_1_0_0_L_M_N_N_1977_11_2017.bmp308278,Non-Alcohol,C:\PycharmProjects\Alcohol Detection\dataset\Grupo_1\E_1_0\Iritech\E_1_0_0\E_1_0_0_L_5\via_region_data.json
E_1_0_0_L_M_N_N_1977_12_2017.bmp308278,Non-Alcohol,C:\PycharmProjects\Alcohol Detection\dataset\Grupo_1\E_1_0\Iritech\E_1_0_0\E_1_0_0_L_5\via_region_data.json
E_1_0_0_L_M_N_N_1977_13_2017.bmp308278,Non-Alcohol,C:\PycharmProjects\Alcohol Detection\dataset\Grupo_1\E_1_0\Iritech\E_1_0_0\E_1_0_0_L_5\via_region_data.json
E_1_0_0_L_M_N_N_1977_14_2017.bmp308278,Non-Alcohol,C:\PycharmProjects\Alcohol Detection\dataset\Grupo_1\E_1_0\Iritech\E_1_0_0\E_1_0_0_L_5\via_region_data.json
E_1_0_0_L_M_N_N_1977_15_2017.bmp308278,Non-Alcohol,C:\PycharmProjects\Alcohol Detection\dataset\Grupo_1\E_1_0\Iritech\E_1_0_0\E_1_0_0_L_5\via_region_data.json
E_1_0_0_L_M_N_N_1977_16_2017.bmp308278,Non-Alcohol,C:\PycharmProjects\Alcohol Detection\dataset\Grupo_1\E_1_0\Iritech\E_1_0_0\E_1_0_0_L_5\via_region_data.json
E_1_0_0_L_M_N_N_1977_17_2017.bmp308278,Non-Alcohol,C:\PycharmProjects\Alcohol Detection\dataset\Grupo_1\E_1_0\Iritech\E_1_0_0\E_1_0_0_L_5\via_region_data.json
E_1_0_0_L_M_N_N_1977_18_2017.bmp308278,Non-Alcohol,C:\PycharmProjects\Alcohol Detection\dataset\Grupo_1\E_1_0\Iritech\E_1_0_0\E_1_0_0_L_5\via_region_data.json
E_1_0_0_L_M_N_N_1977_19_2017.bmp308278,Non-Alcohol,C:\PycharmProjects\Alcohol Detection\dataset\Grupo_1\E_1_0\Iritech\E_1_0_0\E_1_0_0_L_5\via_region_data.json
E_1_0_0_L_M_N_N_1977_20_2017.bmp308278,Non-Alcohol,C:\PycharmProjects\Alcohol Detection\dataset\Grupo_1\E_1_0\Iritech\E_1_0_0\E_1_0_0_L_5\via_region_data.json
E_1_0_0_L_M_N_N_1977_21_2017.bmp308278,Non-Alcohol,C:\PycharmProjects\Alcohol Detection\dataset\Grupo_1\E_1_0\Iritech\E_1_0_0\E_1_0_0_L_5\via_region_data.json
E_1_0_0_L_M_N_N_1977_22_2017.bmp308278,Non-Alcohol,C:\PycharmProjects\Alcohol Detection\dataset\Grupo_1\E_1_0\Iritech\E_1_0_0\E_1_0_0_L_5\via_region_data.json
E_1_0_0_L_M_N_N_1977_23_2017.bmp308278,Non-Alcohol,C:\PycharmProjects\Alcohol Detection\dataset\Grupo_1\E_1_0\Iritech\E_1_0_0\E_1_0_0_L_5\via_region_data.json
E_1_0_0_L_M_N_N_1977_24_2017.bmp308278,Non-Alcohol,C:\PycharmProjects\Alcohol Detection\dataset\Grupo_1\E_1_0\Iritech\E_1_0_0\E_1_0_0_L_5\via_region_data.json
E_1_0_0_L_M_N_N_1977_25_2017.bmp308278,Non-Alcohol,C:\PycharmProjects\Alcohol Detection\dataset\Grupo_1\E_1_0\Iritech\E_1_0_0\E_1_0_0_L_5\via_region_data.json
E_1_0_0_L_M_N_N_1977_26_2017.bmp308278,Non-Alcohol,C:\PycharmProjects\Alcohol Detection\dataset\Grupo_1\E_1_0\Iritech\E_1_0_0\E_1_0_0_L_5\via_region_data.json
E_1_0_0_L_M_N_N_1977_27_2017.bmp308278,Non-Alcohol,C:\PycharmProjects\Alcohol Detection\dataset\Grupo_1\E_1_0\Iritech\E_1_0_0\E_1_0_0_L_5\via_region_data.json
E_1_0_0_L_M_N_N_1977_28_2017.bmp308278,Non-Alcohol,C:\PycharmProjects\Alcohol Detection\dataset\Grupo_1\E_1_0\Iritech\E_1_0_0\E_1_0_0_L_5\via_region_data.json
E_1_0_0_L_M_N_N_1977_29_2017.bmp308278,Non-Alcohol,C:\PycharmProjects\Alcohol Detection\dataset\Grupo_1\E_1_0\Iritech\E_1_0_0\E_1_0_0_L_5\via_region_data.json
E_1_0_0_L_M_N_N_1977_30_2017.bmp308278,Non-Alcohol,C:\PycharmProjects\Alcohol Detection\dataset\Grupo_1\E_1_0\Iritech\E_1_0_0\E_1_0_0_L_5\via_region_data.json
E_1_0_0_L_M_N_N_1977_31_2017.bmp308278,Non-Alcohol,C:\PycharmProjects\Alcohol Detection\dataset\Grupo_1\E_1_0\Iritech\E_1_0_0\E_1_0_0_L_5\via_region_data.json
E_1_0_0_L_M_N_N_1977_32_2017.bmp308278,Non-Alcohol,C:\PycharmProjects\Alcohol Detection\dataset\Grupo_1\E_1_0\Iritech\E_1_0_0\E_1_0_0_L_5\via_region_data.json
E_1_0_0_L_M_N_N_1977_33_2017.bmp308278,Non-Alcohol,C:\PycharmProjects\Alcohol Detection\dataset\Grupo_1\E_1_0\Iritech\E_1_0_0\E_1_0_0_L_5\via_region_data.json
E_1_0_0_L_M_N_N_1977_34_2017.bmp308278,Non-Alcohol,C:\PycharmProjects\Alcohol Detection\dataset\Grupo_1\E_1_0\Iritech\E_1_0_0\E_1_0_0_L_5\via_region_data.json
E_1_0_0_L_M_N_N_1977_35_2017.bmp308278,Non-Alcohol,C:\PycharmProjects\Alcohol Detection\dataset\Grupo_1\E_1_0\Iritech\E_1_0_0\E_1_0_0_L_5\via_region_data.json
E_1_0_0_L_M_N_N_1977_36_2017.bmp308278,Non-Alcohol,C:\PycharmProjects\Alcohol Detection\dataset\Grupo_1\E_1_0\Iritech\E_1_0_0\E_1_0_0_L_5\via_region_data.json
E_1_0_0_L_M_N_N_1977_37_2017.bmp308278,Non-Alcohol,C:\PycharmProjects\Alcohol Detection\dataset\Grupo_1\E_1_0\Iritech\E_1_0_0\E_1_0_0_L_5\via_region_data.json
E_1_0_0_L_M_N_N_1977_38_2017.bmp308278,Non-Alcohol,C:\PycharmProjects\Alcohol Detection\dataset\Grupo_1\E_1_0\Iritech\E_1_0_0\E_1_0_0_L_5\via_region_data.json
E_1_0_0_L_M_N_N_1977_39_2017.bmp308278,Non-Alcohol,C:\PycharmProjects\Alcohol Detection\dataset\Grupo_1\E_1_0\Iritech\E_1_0_0\E_1_0_0_L_5\via_region_data.json
E_1_0_0_L_M_N_N_1977_40_2017.bmp308278,Non-Alcohol,C:\PycharmProjects\Alcohol Detection\dataset\Grupo_1\E_1_0\Iritech\E_1_0_0\E_1_0_0_L_5\via_region_data.json
E_1_0_0_L_M_N_N_1977_41_2017.bmp308278,Non-Alcohol,C:\PycharmProjects\Alcohol Detection\dataset\Grupo_1\E_1_0\Iritech\E_1_0_0\E_1_0_0_L_5\via_region_data.json
E_1_0_0_L_M_N_N_1977_42_2017.bmp308278,Non-Alcohol,C:\PycharmProjects\Alcohol Detection\dataset\Grupo_1\E_1_0\Iritech\E_1_0_0\E_1_0_0_L_5\via_region_data.json
E_1_0_0_L_M_N_N_1977_43_2017.bmp308278,Non-Alcohol,C:\PycharmProjects\Alcohol Detection\dataset\Grupo_1\E_1_0\Iritech\E_1_0_0\E_1_0_0_L_5\via_region_data.json
E_1_0_0_L_M_N_N_1977_44_2017.bmp308278,Non-Alcohol,C:\PycharmProjects\Alcohol Detection\dataset\Grupo_1\E_1_0\Iritech\E_1_0_0\E_1_0_0_L_5\via_region_data.json
E_1_0_0_L_M_N_N_1977_45_2017.bmp308278,Non-Alcohol,C:\PycharmProjects\Alcohol Detection\dataset\Grupo_1\E_1_0\Iritech\E_1_0_0\E_1_0_0_L_5\via_region_data.json
E_1_0_0_L_M_N_N_1977_46_2017.bmp308278,Non-Alcohol,C:\PycharmProjects\Alcohol Detection\dataset\Grupo_1\E_1_0\Iritech\E_1_0_0\E_1_0_0_L_5\via_region_data.json
E_1_0_0_L_M_N_N_1977_47_2017.bmp308278,Non-Alcohol,C:\PycharmProjects\Alcohol Detection\dataset\Grupo_1\E_1_0\Iritech\E_1_0_0\E_1_0_0_L_5\via_region_data.json
E_1_0_0_L_M_N_N_1977_48_2017.bmp308278,Non-Alcohol,C:\PycharmProjects\Alcohol Detection\dataset\Grupo_1\E_1_0\Iritech\E_1_0_0\E_1_0_0_L_5\via_region_data.json
E_1_0_0_L_M_N_N_1977_49_2017.bmp308278,Non-Alcohol,C:\PycharmProjects\Alcohol Detection\dataset\Grupo_1\E_1_0\Iritech\E_1_0_0\E_1_0_0_L_5\via_region_data.json
E_1_0_0_L_M_N_N_1977_50_2017.bmp308278,Non-Alcohol,C:\PycharmProjects\Alcohol Detection\dataset\Grupo_1\E_1_0\Iritech\E_1_0_0\E_1_0_0_L_5\via_region_data.json
E_1_0_0_L_M_N_N_1977_51_2017.bmp308278,Non-Alcohol,C:\PycharmProjects\Alcohol Detection\dataset\Grupo_1\E_1_0\Iritech\E_1_0_0\E_1_0_0_L_5\via_region_data.json
E_1_0_0_L_M_N_N_1977_52_2017.bmp308278,Non-Alcohol,C:\PycharmProjects\Alcohol Detection\dataset\Grupo_1\E_1_0\Iritech\E_1_0_0\E_1_0_0_L_5\via_region_data.json
E_1_0_0_L_M_N_N_1977_53_2017.bmp308278,Non-Alcohol,C:\PycharmProjects\Alcohol Detection\dataset\Grupo_1\E_1_0\Iritech\E_1_0_0\E_1_0_0_L_5\via_region_data.json
E_1_0_0_L_M_N_N_1977_54_2017.bmp308278,Non-Alcohol,C:\PycharmProjects\Alcohol Detection\dataset\Grupo_1\E_1_0\Iritech\E_1_0_0\E_1_0_0_L_5\via_region_data.json
E_1_0_0_L_M_N_N_1977_55_2017.bmp308278,Non-Alcohol,C:\PycharmProjects\Alcohol Detection\dataset\Grupo_1\E_1_0\Iritech\E_1_0_0\E_1_0_0_L_5\via_region_data.json
E_1_0_0_L_M_N_N_1977_56_2017.bmp308278,Non-Alcohol,C:\PycharmProjects\Alcohol Detection\dataset\Grupo_1\E_1_0\Iritech\E_1_0_0\E_1_0_0_L_5\via_region_data.json
E_1_0_0_L_M_N_N_1977_57_2017.bmp308278,Non-Alcohol,C:\PycharmProjects\Alcohol Detection\dataset\Grupo_1\E_1_0\Iritech\E_1_0_0\E_1_0_0_L_5\via_region_data.json
E_1_0_0_L_M_N_N_1977_58_2017.bmp308278,Non-Alcohol,C:\PycharmProjects\Alcohol Detection\dataset\Grupo_1\E_1_0\Iritech\E_1_0_0\E_1_0_0_L_5\via_region_data.json
E_1_0_0_L_M_N_N_1977_59_2017.bmp308278,Non-Alcohol,C:\PycharmProjects\Alcohol Detection\dataset\Grupo_1\E_1_0\Iritech\E_1_0_0\E_1_0_0_L_5\via_region_data.json
E_1_0_0_L_M_N_N_1977_60_2017.bmp308278,Non-Alcohol,C:\PycharmProjects\Alcohol Detection\dataset\Grupo_1\E_1_0\Iritech\E_1_0_0\E_1_0_0_L_5\via_region_data.json
E_1_0_0_L_M_N_N_1977_61_2017.bmp308278,Non-Alcohol,C:\PycharmProjects\Alcohol Detection\dataset\Grupo_1\E_1_0\Iritech\E_1_0_0\E_1_0_0_L_5\via_region_data.json
E_1_0_0_L_M_N_N_1977_62_2017.bmp308278,Non-Alcohol,C:\PycharmProjects\Alcohol Detection\dataset\Grupo_1\E_1_0\Iritech\E_1_0_0\E_1_0_0_L_5\via_region_data.json
E_1_0_0_L_M_N_N_1977_63_2017.bmp308278,Non-Alcohol,C:\PycharmProjects\Alcohol Detection\dataset\Grupo_1\E_1_0\Iritech\E_1_0_0\E_1_0_0_L_5\via_region_data.json
E_1_0_0_L_M_N_N_1977_64_2017.bmp308278,Non-Alcohol,C:\PycharmProjects\Alcohol Detection\dataset\Grupo_1\E_1_0\Iritech\E_1_0_0\E_1_0_0_L_5\via_region_data.json
E_1_0_0_L_M_N_N_1977_65_2017.bmp308278,Non-Alcohol,C:\PycharmProjects\Alcohol Detection\dataset\Grupo_1\E_1_0\Iritech\E_1_0_0\E_1_0_0_L_5\via_region_data.json
E_1_0_0_L_M_N_N_1977_66_2017.bmp308278,Non-Alcohol,C:\PycharmProjects\Alcohol Detection\dataset\Grupo_1\E_1_0\Iritech\E_1_0_0\E_1_0_0_L_5\via_region_data.json
E_1_0_0_L_M_N_N_1977_67_2017.bmp308278,Non-Alcohol,C:\PycharmProjects\Alcohol Detection\dataset\Grupo_1\E_1_0\Iritech\E_1_0_0\E_1_0_0_L_5\via_region_data.json
E_1_0_0_L_M_N_N_1977_68_2017.bmp308278,Non-Alcohol,C:\PycharmProjects\Alcohol Detection\dataset\Grupo_1\E_1_0\Iritech\E_1_0_0\E_1_0_0_L_5\via_region_data.json
E_1_0_0_L_M_N_N_1977_69_2017.bmp308278,Non-Alcohol,C:\PycharmProjects\Alcohol Detection\dataset\Grupo_1\E_1_0\Iritech\E_1_0_0\E_1_0_0_L_5\via_region_data.json
E_1_0_0_L_M_N_N_1977_70_2017.bmp308278,Non-Alcohol,C:\PycharmProjects\Alcohol Detection\dataset\Grupo_1\E_1_0\Iritech\E_1_0_0\E_1_0_0_L_5\via_region_data.json
E_1_0_0_L_M_N_N_1977_71_2017.bmp308278,Non-Alcohol,C:\PycharmProjects\Alcohol Detection\dataset\Grupo_1\E_1_0\Iritech\E_1_0_0\E_1_0_0_L_5\via_region_data.json
E_1_0_0_L_M_N_N_1977_72_2017.bmp308278,Non-Alcohol,C:\PycharmProjects\Alcohol Detection\dataset\Grupo_1\E_1_0\Iritech\E_1_0_0\E_1_0_0_L_5\via_region_data.json
E_1_0_0_L_M_N_N_1977_73_2017.bmp308278,Non-Alcohol,C:\PycharmProjects\Alcohol Detection\dataset\Grupo_1\E_1_0\Iritech\E_1_0_0\E_1_0_0_L_5\via_region_data.json
E_1_0_0_L_M_N_N_1977_74_2017.bmp308278,Non-Alcohol,C:\PycharmProjects\Alcohol Detection\dataset\Grupo_1\E_1_0\Iritech\E_1_0_0\E_1_0_0_L_5\via_region_data.json
E_1_0_0_L_M_N_N_1977_75_2017.bmp308278,Non-Alcohol,C:\PycharmProjects\Alcohol Detection\dataset\Grupo_1\E_1_0\Iritech\E_1_0_0\E_1_0_0_L_5\via_region_data.json
E_1_0_0_R_M_N_N_1977_0_2017.bmp308278,Non-Alcohol,C:\PycharmProjects\Alcohol Detection\dataset\Grupo_1\E_1_0\Iritech\E_1_0_0\E_1_0_0_R_5\via_region_data.json
E_1_0_0_R_M_N_N_1977_1_2017.bmp308278,Non-Alcohol,C:\PycharmProjects\Alcohol Detection\dataset\Grupo_1\E_1_0\Iritech\E_1_0_0\E_1_0_0_R_5\via_region_data.json
E_1_0_0_R_M_N_N_1977_2_2017.bmp308278,Non-Alcohol,C:\PycharmProjects\Alcohol Detection\dataset\Grupo_1\E_1_0\Iritech\E_1_0_0\E_1_0_0_R_5\via_region_data.json
E_1_0_0_R_M_N_N_1977_3_2017.bmp308278,Non-Alcohol,C:\PycharmProjects\Alcohol Detection\dataset\Grupo_1\E_1_0\Iritech\E_1_0_0\E_1_0_0_R_5\via_region_data.json
E_1_0_0_R_M_N_N_1977_4_2017.bmp308278,Non-Alcohol,C:\PycharmProjects\Alcohol Detection\dataset\Grupo_1\E_1_0\Iritech\E_1_0_0\E_1_0_0_R_5\via_region_data.json
E_1_0_0_R_M_N_N_1977_5_2017.bmp308278,Non-Alcohol,C:\PycharmProjects\Alcohol Detection\dataset\Grupo_1\E_1_0\Iritech\E_1_0_0\E_1_0_0_R_5\via_region_data.json
E_1_0_0_R_M_N_N_1977_6_2017.bmp308278,Non-Alcohol,C:\PycharmProjects\Alcohol Detection\dataset\Grupo_1\E_1_0\Iritech\E_1_0_0\E_1_0_0_R_5\via_region_data.json
E_1_0_0_R_M_N_N_1977_7_2017.bmp308278,Non-Alcohol,C:\PycharmProjects\Alcohol Detection\dataset\Grupo_1\E_1_0\Iritech\E_1_0_0\E_1_0_0_R_5\via_region_data.json
E_1_0_0_R_M_N_N_1977_8_2017.bmp308278,Non-Alcohol,C:\PycharmProjects\Alcohol Detection\dataset\Grupo_1\E_1_0\Iritech\E_1_0_0\E_1_0_0_R_5\via_region_data.json
E_1_0_0_R_M_N_N_1977_9_2017.bmp308278,Non-Alcohol,C:\PycharmProjects\Alcohol Detection\dataset\Grupo_1\E_1_0\Iritech\E_1_0_0\E_1_0_0_R_5\via_region_data.json
E_1_0_0_R_M_N_N_1977_10_2017.bmp308278,Non-Alcohol,C:\PycharmProjects\Alcohol Detection\dataset\Grupo_1\E_1_0\Iritech\E_1_0_0\E_1_0_0_R_5\via_region_data.json
E_1_0_0_R_M_N_N_1977_11_2017.bmp308278,Non-Alcohol,C:\PycharmProjects\Alcohol Detection\dataset\Grupo_1\E_1_0\Iritech\E_1_0_0\E_1_0_0_R_5\via_region_data.json
E_1_0_0_R_M_N_N_1977_12_2017.bmp308278,Non-Alcohol,C:\PycharmProjects\Alcohol Detection\dataset\Grupo_1\E_1_0\Iritech\E_1_0_0\E_1_0_0_R_5\via_region_data.json
E_1_0_0_R_M_N_N_1977_13_2017.bmp308278,Non-Alcohol,C:\PycharmProjects\Alcohol Detection\dataset\Grupo_1\E_1_0\Iritech\E_1_0_0\E_1_0_0_R_5\via_region_data.json
E_1_0_0_R_M_N_N_1977_14_2017.bmp308278,Non-Alcohol,C:\PycharmProjects\Alcohol Detection\dataset\Grupo_1\E_1_0\Iritech\E_1_0_0\E_1_0_0_R_5\via_region_data.json
E_1_0_0_R_M_N_N_1977_15_2017.bmp308278,Non-Alcohol,C:\PycharmProjects\Alcohol Detection\dataset\Grupo_1\E_1_0\Iritech\E_1_0_0\E_1_0_0_R_5\via_region_data.json
E_1_0_0_R_M_N_N_1977_16_2017.bmp308278,Non-Alcohol,C:\PycharmProjects\Alcohol Detection\dataset\Grupo_1\E_1_0\Iritech\E_1_0_0\E_1_0_0_R_5\via_region_data.json
E_1_0_0_R_M_N_N_1977_17_2017.bmp308278,Non-Alcohol,C:\PycharmProjects\Alcohol Detection\dataset\Grupo_1\E_1_0\Iritech\E_1_0_0\E_1_0_0_R_5\via_region_data.json
E_1_0_0_R_M_N_N_1977_18_2017.bmp308278,Non-Alcohol,C:\PycharmProjects\Alcohol Detection\dataset\Grupo_1\E_1_0\Iritech\E_1_0_0\E_1_0_0_R_5\via_region_data.json
E_1_0_0_R_M_N_N_1977_19_2017.bmp308278,Non-Alcohol,C:\PycharmProjects\Alcohol Detection\dataset\Grupo_1\E_1_0\Iritech\E_1_0_0\E_1_0_0_R_5\via_region_data.json
E_1_0_0_R_M_N_N_1977_20_2017.bmp308278,Non-Alcohol,C:\PycharmProjects\Alcohol Detection\dataset\Grupo_1\E_1_0\Iritech\E_1_0_0\E_1_0_0_R_5\via_region_data.json
E_1_0_0_R_M_N_N_1977_21_2017.bmp308278,Non-Alcohol,C:\PycharmProjects\Alcohol Detection\dataset\Grupo_1\E_1_0\Iritech\E_1_0_0\E_1_0_0_R_5\via_region_data.json
E_1_0_0_R_M_N_N_1977_22_2017.bmp308278,Non-Alcohol,C:\PycharmProjects\Alcohol Detection\dataset\Grupo_1\E_1_0\Iritech\E_1_0_0\E_1_0_0_R_5\via_region_data.json
E_1_0_0_R_M_N_N_1977_23_2017.bmp308278,Non-Alcohol,C:\PycharmProjects\Alcohol Detection\dataset\Grupo_1\E_1_0\Iritech\E_1_0_0\E_1_0_0_R_5\via_region_data.json
E_1_0_0_R_M_N_N_1977_24_2017.bmp308278,Non-Alcohol,C:\PycharmProjects\Alcohol Detection\dataset\Grupo_1\E_1_0\Iritech\E_1_0_0\E_1_0_0_R_5\via_region_data.json
E_1_0_0_R_M_N_N_1977_25_2017.bmp308278,Non-Alcohol,C:\PycharmProjects\Alcohol Detection\dataset\Grupo_1\E_1_0\Iritech\E_1_0_0\E_1_0_0_R_5\via_region_data.json
E_1_0_0_R_M_N_N_1977_26_2017.bmp308278,Non-Alcohol,C:\PycharmProjects\Alcohol Detection\dataset\Grupo_1\E_1_0\Iritech\E_1_0_0\E_1_0_0_R_5\via_region_data.json
E_1_0_0_R_M_N_N_1977_27_2017.bmp308278,Non-Alcohol,C:\PycharmProjects\Alcohol Detection\dataset\Grupo_1\E_1_0\Iritech\E_1_0_0\E_1_0_0_R_5\via_region_data.json
E_1_0_0_R_M_N_N_1977_28_2017.bmp308278,Non-Alcohol,C:\PycharmProjects\Alcohol Detection\dataset\Grupo_1\E_1_0\Iritech\E_1_0_0\E_1_0_0_R_5\via_region_data.json
E_1_0_0_R_M_N_N_1977_29_2017.bmp308278,Non-Alcohol,C:\PycharmProjects\Alcohol Detection\dataset\Grupo_1\E_1_0\Iritech\E_1_0_0\E_1_0_0_R_5\via_region_data.json
E_1_0_0_R_M_N_N_1977_30_2017.bmp308278,Non-Alcohol,C:\PycharmProjects\Alcohol Detection\dataset\Grupo_1\E_1_0\Iritech\E_1_0_0\E_1_0_0_R_5\via_region_data.json
E_1_0_0_R_M_N_N_1977_31_2017.bmp308278,Non-Alcohol,C:\PycharmProjects\Alcohol Detection\dataset\Grupo_1\E_1_0\Iritech\E_1_0_0\E_1_0_0_R_5\via_region_data.json
E_1_0_0_R_M_N_N_1977_32_2017.bmp308278,Non-Alcohol,C:\PycharmProjects\Alcohol Detection\dataset\Grupo_1\E_1_0\Iritech\E_1_0_0\E_1_0_0_R_5\via_region_data.json
E_1_0_0_R_M_N_N_1977_33_2017.bmp308278,Non-Alcohol,C:\PycharmProjects\Alcohol Detection\dataset\Grupo_1\E_1_0\Iritech\E_1_0_0\E_1_0_0_R_5\via_region_data.json
E_1_0_0_R_M_N_N_1977_34_2017.bmp308278,Non-Alcohol,C:\PycharmProjects\Alcohol Detection\dataset\Grupo_1\E_1_0\Iritech\E_1_0_0\E_1_0_0_R_5\via_region_data.json
E_1_0_0_R_M_N_N_1977_35_2017.bmp308278,Non-Alcohol,C:\PycharmProjects\Alcohol Detection\dataset\Grupo_1\E_1_0\Iritech\E_1_0_0\E_1_0_0_R_5\via_region_data.json
E_1_0_0_R_M_N_N_1977_36_2017.bmp308278,Non-Alcohol,C:\PycharmProjects\Alcohol Detection\dataset\Grupo_1\E_1_0\Iritech\E_1_0_0\E_1_0_0_R_5\via_region_data.json
E_1_0_0_R_M_N_N_1977_37_2017.bmp308278,Non-Alcohol,C:\PycharmProjects\Alcohol Detection\dataset\Grupo_1\E_1_0\Iritech\E_1_0_0\E_1_0_0_R_5\via_region_data.json
E_1_0_0_R_M_N_N_1977_38_2017.bmp308278,Non-Alcohol,C:\PycharmProjects\Alcohol Detection\dataset\Grupo_1\E_1_0\Iritech\E_1_0_0\E_1_0_0_R_5\via_region_data.json
E_1_0_0_R_M_N_N_1977_39_2017.bmp308278,Non-Alcohol,C:\PycharmProjects\Alcohol Detection\dataset\Grupo_1\E_1_0\Iritech\E_1_0_0\E_1_0_0_R_5\via_region_data.json
E_1_0_0_R_M_N_N_1977_40_2017.bmp308278,Non-Alcohol,C:\PycharmProjects\Alcohol Detection\dataset\Grupo_1\E_1_0\Iritech\E_1_0_0\E_1_0_0_R_5\via_region_data.json
E_1_0_0_R_M_N_N_1977_41_2017.bmp308278,Non-Alcohol,C:\PycharmProjects\Alcohol Detection\dataset\Grupo_1\E_1_0\Iritech\E_1_0_0\E_1_0_0_R_5\via_region_data.json
E_1_0_0_R_M_N_N_1977_42_2017.bmp308278,Non-Alcohol,C:\PycharmProjects\Alcohol Detection\dataset\Grupo_1\E_1_0\Iritech\E_1_0_0\E_1_0_0_R_5\via_region_data.json
E_1_0_0_R_M_N_N_1977_43_2017.bmp308278,Non-Alcohol,C:\PycharmProjects\Alcohol Detection\dataset\Grupo_1\E_1_0\Iritech\E_1_0_0\E_1_0_0_R_5\via_region_data.json
E_1_0_0_R_M_N_N_1977_44_2017.bmp308278,Non-Alcohol,C:\PycharmProjects\Alcohol Detection\dataset\Grupo_1\E_1_0\Iritech\E_1_0_0\E_1_0_0_R_5\via_region_data.json
E_1_0_0_R_M_N_N_1977_45_2017.bmp308278,Non-Alcohol,C:\PycharmProjects\Alcohol Detection\dataset\Grupo_1\E_1_0\Iritech\E_1_0_0\E_1_0_0_R_5\via_region_data.json
E_1_0_0_R_M_N_N_1977_46_2017.bmp308278,Non-Alcohol,C:\PycharmProjects\Alcohol Detection\dataset\Grupo_1\E_1_0\Iritech\E_1_0_0\E_1_0_0_R_5\via_region_data.json
E_1_0_0_R_M_N_N_1977_47_2017.bmp308278,Non-Alcohol,C:\PycharmProjects\Alcohol Detection\dataset\Grupo_1\E_1_0\Iritech\E_1_0_0\E_1_0_0_R_5\via_region_data.json
E_1_0_0_R_M_N_N_1977_48_2017.bmp308278,Non-Alcohol,C:\PycharmProjects\Alcohol Detection\dataset\Grupo_1\E_1_0\Iritech\E_1_0_0\E_1_0_0_R_5\via_region_data.json
E_1_0_0_R_M_N_N_1977_49_2017.bmp308278,Non-Alcohol,C:\PycharmProjects\Alcohol Detection\dataset\Grupo_1\E_1_0\Iritech\E_1_0_0\E_1_0_0_R_5\via_region_data.json
E_1_0_0_R_M_N_N_1977_50_2017.bmp308278,Non-Alcohol,C:\PycharmProjects\Alcohol Detection\dataset\Grupo_1\E_1_0\Iritech\E_1_0_0\E_1_0_0_R_5\via_region_data.json
E_1_0_0_R_M_N_N_1977_51_2017.bmp308278,Non-Alcohol,C:\PycharmProjects\Alcohol Detection\dataset\Grupo_1\E_1_0\Iritech\E_1_0_0\E_1_0_0_R_5\via_region_data.json
E_1_0_0_R_M_N_N_1977_52_2017.bmp308278,Non-Alcohol,C:\PycharmProjects\Alcohol Detection\dataset\Grupo_1\E_1_0\Iritech\E_1_0_0\E_1_0_0_R_5\via_region_data.json
E_1_0_0_R_M_N_N_1977_53_2017.bmp308278,Non-Alcohol,C:\PycharmProjects\Alcohol Detection\dataset\Grupo_1\E_1_0\Iritech\E_1_0_0\E_1_0_0_R_5\via_region_data.json
E_1_0_0_R_M_N_N_1977_54_2017.bmp308278,Non-Alcohol,C:\PycharmProjects\Alcohol Detection\dataset\Grupo_1\E_1_0\Iritech\E_1_0_0\E_1_0_0_R_5\via_region_data.json
E_1_0_0_R_M_N_N_1977_55_2017.bmp308278,Non-Alcohol,C:\PycharmProjects\Alcohol Detection\dataset\Grupo_1\E_1_0\Iritech\E_1_0_0\E_1_0_0_R_5\via_region_data.json
E_1_0_0_R_M_N_N_1977_56_2017.bmp308278,Non-Alcohol,C:\PycharmProjects\Alcohol Detection\dataset\Grupo_1\E_1_0\Iritech\E_1_0_0\E_1_0_0_R_5\via_region_data.json
E_1_0_0_R_M_N_N_1977_57_2017.bmp308278,Non-Alcohol,C:\PycharmProjects\Alcohol Detection\dataset\Grupo_1\E_1_0\Iritech\E_1_0_0\E_1_0_0_R_5\via_region_data.json
E_1_0_0_R_M_N_N_1977_58_2017.bmp308278,Non-Alcohol,C:\PycharmProjects\Alcohol Detection\dataset\Grupo_1\E_1_0\Iritech\E_1_0_0\E_1_0_0_R_5\via_region_data.json
E_1_0_0_R_M_N_N_1977_59_2017.bmp308278,Non-Alcohol,C:\PycharmProjects\Alcohol Detection\dataset\Grupo_1\E_1_0\Iritech\E_1_0_0\E_1_0_0_R_5\via_region_data.json
E_1_0_0_R_M_N_N_1977_60_2017.bmp308278,Non-Alcohol,C:\PycharmProjects\Alcohol Detection\dataset\Grupo_1\E_1_0\Iritech\E_1_0_0\E_1_0_0_R_5\via_region_data.json
E_1_0_0_R_M_N_N_1977_61_2017.bmp308278,Non-Alcohol,C:\PycharmProjects\Alcohol Detection\dataset\Grupo_1\E_1_0\Iritech\E_1_0_0\E_1_0_0_R_5\via_region_data.json
E_1_0_0_R_M_N_N_1977_62_2017.bmp308278,Non-Alcohol,C:\PycharmProjects\Alcohol Detection\dataset\Grupo_1\E_1_0\Iritech\E_1_0_0\E_1_0_0_R_5\via_region_data.json
E_1_0_0_R_M_N_N_1977_63_2017.bmp308278,Non-Alcohol,C:\PycharmProjects\Alcohol Detection\dataset\Grupo_1\E_1_0\Iritech\E_1_0_0\E_1_0_0_R_5\via_region_data.json
E_1_0_0_R_M_N_N_1977_64_2017.bmp308278,Non-Alcohol,C:\PycharmProjects\Alcohol Detection\dataset\Grupo_1\E_1_0\Iritech\E_1_0_0\E_1_0_0_R_5\via_region_data.json
E_1_0_0_R_M_N_N_1977_65_2017.bmp308278,Non-Alcohol,C:\PycharmProjects\Alcohol Detection\dataset\Grupo_1\E_1_0\Iritech\E_1_0_0\E_1_0_0_R_5\via_region_data.json
E_1_0_0_R_M_N_N_1977_66_2017.bmp308278,Non-Alcohol,C:\PycharmProjects\Alcohol Detection\dataset\Grupo_1\E_1_0\Iritech\E_1_0_0\E_1_0_0_R_5\via_region_data.json
E_1_0_0_R_M_N_N_1977_67_2017.bmp308278,Non-Alcohol,C:\PycharmProjects\Alcohol Detection\dataset\Grupo_1\E_1_0\Iritech\E_1_0_0\E_1_0_0_R_5\via_region_data.json
E_1_0_0_R_M_N_N_1977_68_2017.bmp308278,Non-Alcohol,C:\PycharmProjects\Alcohol Detection\dataset\Grupo_1\E_1_0\Iritech\E_1_0_0\E_1_0_0_R_5\via_region_data.json
E_1_0_0_R_M_N_N_1977_69_2017.bmp308278,Non-Alcohol,C:\PycharmProjects\Alcohol Detection\dataset\Grupo_1\E_1_0\Iritech\E_1_0_0\E_1_0_0_R_5\via_region_data.json
E_1_0_0_R_M_N_N_1977_70_2017.bmp308278,Non-Alcohol,C:\PycharmProjects\Alcohol Detection\dataset\Grupo_1\E_1_0\Iritech\E_1_0_0\E_1_0_0_R_5\via_region_data.json
E_1_0_0_R_M_N_N_1977_71_2017.bmp308278,Non-Alcohol,C:\PycharmProjects\Alcohol Detection\dataset\Grupo_1\E_1_0\Iritech\E_1_0_0\E_1_0_0_R_5\via_region_data.json
E_1_0_0_R_M_N_N_1977_72_2017.bmp308278,Non-Alcohol,C:\PycharmProjects\Alcohol Detection\dataset\Grupo_1\E_1_0\Iritech\E_1_0_0\E_1_0_0_R_5\via_region_data.json
E_1_0_0_R_M_N_N_1977_73_2017.bmp308278,Non-Alcohol,C:\PycharmProjects\Alcohol Detection\dataset\Grupo_1\E_1_0\Iritech\E_1_0_0\E_1_0_0_R_5\via_region_data.json
E_1_0_0_R_M_N_N_1977_74_2017.bmp308278,Non-Alcohol,C:\PycharmProjects\Alcohol Detection\dataset\Grupo_1\E_1_0\Iritech\E_1_0_0\E_1_0_0_R_5\via_region_data.json
E_1_0_1_L_M_N_N_1976_0_2017.bmp308278,Non-Alcohol,C:\PycharmProjects\Alcohol Detection\dataset\Grupo_1\E_1_0\Iritech\E_1_0_1\via_region_data.json
E_1_0_1_R_M_N_N_1976_0_2017.bmp308278,Non-Alcohol,C:\PycharmProjects\Alcohol Detection\dataset\Grupo_1\E_1_0\Iritech\E_1_0_1\via_region_data.json
E_1_0_1_L_M_N_N_1976_0_2017.bmp308278,Non-Alcohol,C:\PycharmProjects\Alcohol Detection\dataset\Grupo_1\E_1_0\Iritech\E_1_0_1\E_1_0_1_L_5\via_region_data.json
E_1_0_1_L_M_N_N_1976_1_2017.bmp308278,Non-Alcohol,C:\PycharmProjects\Alcohol Detection\dataset\Grupo_1\E_1_0\Iritech\E_1_0_1\E_1_0_1_L_5\via_region_data.json
E_1_0_1_L_M_N_N_1976_2_2017.bmp308278,Non-Alcohol,C:\PycharmProjects\Alcohol Detection\dataset\Grupo_1\E_1_0\Iritech\E_1_0_1\E_1_0_1_L_5\via_region_data.json
E_1_0_1_L_M_N_N_1976_3_2017.bmp308278,Non-Alcohol,C:\PycharmProjects\Alcohol Detection\dataset\Grupo_1\E_1_0\Iritech\E_1_0_1\E_1_0_1_L_5\via_region_data.json
E_1_0_1_L_M_N_N_1976_4_2017.bmp308278,Non-Alcohol,C:\PycharmProjects\Alcohol Detection\dataset\Grupo_1\E_1_0\Iritech\E_1_0_1\E_1_0_1_L_5\via_region_data.json
E_1_0_1_L_M_N_N_1976_5_2017.bmp308278,Non-Alcohol,C:\PycharmProjects\Alcohol Detection\dataset\Grupo_1\E_1_0\Iritech\E_1_0_1\E_1_0_1_L_5\via_region_data.json
E_1_0_1_L_M_N_N_1976_6_2017.bmp308278,Non-Alcohol,C:\PycharmProjects\Alcohol Detection\dataset\Grupo_1\E_1_0\Iritech\E_1_0_1\E_1_0_1_L_5\via_region_data.json
E_1_0_1_L_M_N_N_1976_7_2017.bmp308278,Non-Alcohol,C:\PycharmProjects\Alcohol Detection\dataset\Grupo_1\E_1_0\Iritech\E_1_0_1\E_1_0_1_L_5\via_region_data.json
E_1_0_1_L_M_N_N_1976_8_2017.bmp308278,Non-Alcohol,C:\PycharmProjects\Alcohol Detection\dataset\Grupo_1\E_1_0\Iritech\E_1_0_1\E_1_0_1_L_5\via_region_data.json
E_1_0_1_L_M_N_N_1976_9_2017.bmp308278,Non-Alcohol,C:\PycharmProjects\Alcohol Detection\dataset\Grupo_1\E_1_0\Iritech\E_1_0_1\E_1_0_1_L_5\via_region_data.json
E_1_0_1_L_M_N_N_1976_10_2017.bmp308278,Non-Alcohol,C:\PycharmProjects\Alcohol Detection\dataset\Grupo_1\E_1_0\Iritech\E_1_0_1\E_1_0_1_L_5\via_region_data.json
E_1_0_1_L_M_N_N_1976_11_2017.bmp308278,Non-Alcohol,C:\PycharmProjects\Alcohol Detection\dataset\Grupo_1\E_1_0\Iritech\E_1_0_1\E_1_0_1_L_5\via_region_data.json
E_1_0_1_L_M_N_N_1976_12_2017.bmp308278,Non-Alcohol,C:\PycharmProjects\Alcohol Detection\dataset\Grupo_1\E_1_0\Iritech\E_1_0_1\E_1_0_1_L_5\via_region_data.json
E_1_0_1_L_M_N_N_1976_13_2017.bmp308278,Non-Alcohol,C:\PycharmProjects\Alcohol Detection\dataset\Grupo_1\E_1_0\Iritech\E_1_0_1\E_1_0_1_L_5\via_region_data.json
E_1_0_1_L_M_N_N_1976_14_2017.bmp308278,Non-Alcohol,C:\PycharmProjects\Alcohol Detection\dataset\Grupo_1\E_1_0\Iritech\E_1_0_1\E_1_0_1_L_5\via_region_data.json
E_1_0_1_L_M_N_N_1976_15_2017.bmp308278,Non-Alcohol,C:\PycharmProjects\Alcohol Detection\dataset\Grupo_1\E_1_0\Iritech\E_1_0_1\E_1_0_1_L_5\via_region_data.json
E_1_0_1_L_M_N_N_1976_16_2017.bmp308278,Non-Alcohol,C:\PycharmProjects\Alcohol Detection\dataset\Grupo_1\E_1_0\Iritech\E_1_0_1\E_1_0_1_L_5\via_region_data.json
E_1_0_1_L_M_N_N_1976_17_2017.bmp308278,Non-Alcohol,C:\PycharmProjects\Alcohol Detection\dataset\Grupo_1\E_1_0\Iritech\E_1_0_1\E_1_0_1_L_5\via_region_data.json
E_1_0_1_L_M_N_N_1976_18_2017.bmp308278,Non-Alcohol,C:\PycharmProjects\Alcohol Detection\dataset\Grupo_1\E_1_0\Iritech\E_1_0_1\E_1_0_1_L_5\via_region_data.json
E_1_0_1_L_M_N_N_1976_19_2017.bmp308278,Non-Alcohol,C:\PycharmProjects\Alcohol Detection\dataset\Grupo_1\E_1_0\Iritech\E_1_0_1\E_1_0_1_L_5\via_region_data.json
E_1_0_1_L_M_N_N_1976_20_2017.bmp308278,Non-Alcohol,C:\PycharmProjects\Alcohol Detection\dataset\Grupo_1\E_1_0\Iritech\E_1_0_1\E_1_0_1_L_5\via_region_data.json
E_1_0_1_L_M_N_N_1976_21_2017.bmp308278,Non-Alcohol,C:\PycharmProjects\Alcohol Detection\dataset\Grupo_1\E_1_0\Iritech\E_1_0_1\E_1_0_1_L_5\via_region_data.json
E_1_0_1_L_M_N_N_1976_22_2017.bmp308278,Non-Alcohol,C:\PycharmProjects\Alcohol Detection\dataset\Grupo_1\E_1_0\Iritech\E_1_0_1\E_1_0_1_L_5\via_region_data.json
E_1_0_1_L_M_N_N_1976_23_2017.bmp308278,Non-Alcohol,C:\PycharmProjects\Alcohol Detection\dataset\Grupo_1\E_1_0\Iritech\E_1_0_1\E_1_0_1_L_5\via_region_data.json
E_1_0_1_L_M_N_N_1976_24_2017.bmp308278,Non-Alcohol,C:\PycharmProjects\Alcohol Detection\dataset\Grupo_1\E_1_0\Iritech\E_1_0_1\E_1_0_1_L_5\via_region_data.json
E_1_0_1_L_M_N_N_1976_25_2017.bmp308278,Non-Alcohol,C:\PycharmProjects\Alcohol Detection\dataset\Grupo_1\E_1_0\Iritech\E_1_0_1\E_1_0_1_L_5\via_region_data.json
E_1_0_1_L_M_N_N_1976_26_2017.bmp308278,Non-Alcohol,C:\PycharmProjects\Alcohol Detection\dataset\Grupo_1\E_1_0\Iritech\E_1_0_1\E_1_0_1_L_5\via_region_data.json
E_1_0_1_L_M_N_N_1976_27_2017.bmp308278,Non-Alcohol,C:\PycharmProjects\Alcohol Detection\dataset\Grupo_1\E_1_0\Iritech\E_1_0_1\E_1_0_1_L_5\via_region_data.json
E_1_0_1_L_M_N_N_1976_28_2017.bmp308278,Non-Alcohol,C:\PycharmProjects\Alcohol Detection\dataset\Grupo_1\E_1_0\Iritech\E_1_0_1\E_1_0_1_L_5\via_region_data.json
E_1_0_1_L_M_N_N_1976_29_2017.bmp308278,Non-Alcohol,C:\PycharmProjects\Alcohol Detection\dataset\Grupo_1\E_1_0\Iritech\E_1_0_1\E_1_0_1_L_5\via_region_data.json
E_1_0_1_L_M_N_N_1976_30_2017.bmp308278,Non-Alcohol,C:\PycharmProjects\Alcohol Detection\dataset\Grupo_1\E_1_0\Iritech\E_1_0_1\E_1_0_1_L_5\via_region_data.json
E_1_0_1_L_M_N_N_1976_31_2017.bmp308278,Non-Alcohol,C:\PycharmProjects\Alcohol Detection\dataset\Grupo_1\E_1_0\Iritech\E_1_0_1\E_1_0_1_L_5\via_region_data.json
E_1_0_1_L_M_N_N_1976_32_2017.bmp308278,Non-Alcohol,C:\PycharmProjects\Alcohol Detection\dataset\Grupo_1\E_1_0\Iritech\E_1_0_1\E_1_0_1_L_5\via_region_data.json
E_1_0_1_L_M_N_N_1976_33_2017.bmp308278,Non-Alcohol,C:\PycharmProjects\Alcohol Detection\dataset\Grupo_1\E_1_0\Iritech\E_1_0_1\E_1_0_1_L_5\via_region_data.json
E_1_0_1_L_M_N_N_1976_34_2017.bmp308278,Non-Alcohol,C:\PycharmProjects\Alcohol Detection\dataset\Grupo_1\E_1_0\Iritech\E_1_0_1\E_1_0_1_L_5\via_region_data.json
E_1_0_1_L_M_N_N_1976_35_2017.bmp308278,Non-Alcohol,C:\PycharmProjects\Alcohol Detection\dataset\Grupo_1\E_1_0\Iritech\E_1_0_1\E_1_0_1_L_5\via_region_data.json
E_1_0_1_L_M_N_N_1976_36_2017.bmp308278,Non-Alcohol,C:\PycharmProjects\Alcohol Detection\dataset\Grupo_1\E_1_0\Iritech\E_1_0_1\E_1_0_1_L_5\via_region_data.json
E_1_0_1_L_M_N_N_1976_37_2017.bmp308278,Non-Alcohol,C:\PycharmProjects\Alcohol Detection\dataset\Grupo_1\E_1_0\Iritech\E_1_0_1\E_1_0_1_L_5\via_region_data.json
E_1_0_1_L_M_N_N_1976_38_2017.bmp308278,Non-Alcohol,C:\PycharmProjects\Alcohol Detection\dataset\Grupo_1\E_1_0\Iritech\E_1_0_1\E_1_0_1_L_5\via_region_data.json
E_1_0_1_L_M_N_N_1976_39_2017.bmp308278,Non-Alcohol,C:\PycharmProjects\Alcohol Detection\dataset\Grupo_1\E_1_0\Iritech\E_1_0_1\E_1_0_1_L_5\via_region_data.json
E_1_0_1_L_M_N_N_1976_40_2017.bmp308278,Non-Alcohol,C:\PycharmProjects\Alcohol Detection\dataset\Grupo_1\E_1_0\Iritech\E_1_0_1\E_1_0_1_L_5\via_region_data.json
E_1_0_1_L_M_N_N_1976_41_2017.bmp308278,Non-Alcohol,C:\PycharmProjects\Alcohol Detection\dataset\Grupo_1\E_1_0\Iritech\E_1_0_1\E_1_0_1_L_5\via_region_data.json
E_1_0_1_L_M_N_N_1976_42_2017.bmp308278,Non-Alcohol,C:\PycharmProjects\Alcohol Detection\dataset\Grupo_1\E_1_0\Iritech\E_1_0_1\E_1_0_1_L_5\via_region_data.json
E_1_0_1_L_M_N_N_1976_43_2017.bmp308278,Non-Alcohol,C:\PycharmProjects\Alcohol Detection\dataset\Grupo_1\E_1_0\Iritech\E_1_0_1\E_1_0_1_L_5\via_region_data.json
E_1_0_1_L_M_N_N_1976_44_2017.bmp308278,Non-Alcohol,C:\PycharmProjects\Alcohol Detection\dataset\Grupo_1\E_1_0\Iritech\E_1_0_1\E_1_0_1_L_5\via_region_data.json
E_1_0_1_L_M_N_N_1976_45_2017.bmp308278,Non-Alcohol,C:\PycharmProjects\Alcohol Detection\dataset\Grupo_1\E_1_0\Iritech\E_1_0_1\E_1_0_1_L_5\via_region_data.json
E_1_0_1_L_M_N_N_1976_46_2017.bmp308278,Non-Alcohol,C:\PycharmProjects\Alcohol Detection\dataset\Grupo_1\E_1_0\Iritech\E_1_0_1\E_1_0_1_L_5\via_region_data.json
E_1_0_1_L_M_N_N_1976_47_2017.bmp308278,Non-Alcohol,C:\PycharmProjects\Alcohol Detection\dataset\Grupo_1\E_1_0\Iritech\E_1_0_1\E_1_0_1_L_5\via_region_data.json
E_1_0_1_L_M_N_N_1976_48_2017.bmp308278,Non-Alcohol,C:\PycharmProjects\Alcohol Detection\dataset\Grupo_1\E_1_0\Iritech\E_1_0_1\E_1_0_1_L_5\via_region_data.json
E_1_0_1_L_M_N_N_1976_49_2017.bmp308278,Non-Alcohol,C:\PycharmProjects\Alcohol Detection\dataset\Grupo_1\E_1_0\Iritech\E_1_0_1\E_1_0_1_L_5\via_region_data.json
E_1_0_1_L_M_N_N_1976_50_2017.bmp308278,Non-Alcohol,C:\PycharmProjects\Alcohol Detection\dataset\Grupo_1\E_1_0\Iritech\E_1_0_1\E_1_0_1_L_5\via_region_data.json
E_1_0_1_L_M_N_N_1976_51_2017.bmp308278,Non-Alcohol,C:\PycharmProjects\Alcohol Detection\dataset\Grupo_1\E_1_0\Iritech\E_1_0_1\E_1_0_1_L_5\via_region_data.json
E_1_0_1_L_M_N_N_1976_52_2017.bmp308278,Non-Alcohol,C:\PycharmProjects\Alcohol Detection\dataset\Grupo_1\E_1_0\Iritech\E_1_0_1\E_1_0_1_L_5\via_region_data.json
E_1_0_1_L_M_N_N_1976_53_2017.bmp308278,Non-Alcohol,C:\PycharmProjects\Alcohol Detection\dataset\Grupo_1\E_1_0\Iritech\E_1_0_1\E_1_0_1_L_5\via_region_data.json
E_1_0_1_L_M_N_N_1976_54_2017.bmp308278,Non-Alcohol,C:\PycharmProjects\Alcohol Detection\dataset\Grupo_1\E_1_0\Iritech\E_1_0_1\E_1_0_1_L_5\via_region_data.json
E_1_0_1_L_M_N_N_1976_55_2017.bmp308278,Non-Alcohol,C:\PycharmProjects\Alcohol Detection\dataset\Grupo_1\E_1_0\Iritech\E_1_0_1\E_1_0_1_L_5\via_region_data.json
E_1_0_1_L_M_N_N_1976_56_2017.bmp308278,Non-Alcohol,C:\PycharmProjects\Alcohol Detection\dataset\Grupo_1\E_1_0\Iritech\E_1_0_1\E_1_0_1_L_5\via_region_data.json
E_1_0_1_L_M_N_N_1976_57_2017.bmp308278,Non-Alcohol,C:\PycharmProjects\Alcohol Detection\dataset\Grupo_1\E_1_0\Iritech\E_1_0_1\E_1_0_1_L_5\via_region_data.json
E_1_0_1_L_M_N_N_1976_58_2017.bmp308278,Non-Alcohol,C:\PycharmProjects\Alcohol Detection\dataset\Grupo_1\E_1_0\Iritech\E_1_0_1\E_1_0_1_L_5\via_region_data.json
E_1_0_1_L_M_N_N_1976_59_2017.bmp308278,Non-Alcohol,C:\PycharmProjects\Alcohol Detection\dataset\Grupo_1\E_1_0\Iritech\E_1_0_1\E_1_0_1_L_5\via_region_data.json
E_1_0_1_L_M_N_N_1976_60_2017.bmp308278,Non-Alcohol,C:\PycharmProjects\Alcohol Detection\dataset\Grupo_1\E_1_0\Iritech\E_1_0_1\E_1_0_1_L_5\via_region_data.json
E_1_0_1_L_M_N_N_1976_61_2017.bmp308278,Non-Alcohol,C:\PycharmProjects\Alcohol Detection\dataset\Grupo_1\E_1_0\Iritech\E_1_0_1\E_1_0_1_L_5\via_region_data.json
E_1_0_1_L_M_N_N_1976_62_2017.bmp308278,Non-Alcohol,C:\PycharmProjects\Alcohol Detection\dataset\Grupo_1\E_1_0\Iritech\E_1_0_1\E_1_0_1_L_5\via_region_data.json
E_1_0_1_L_M_N_N_1976_63_2017.bmp308278,Non-Alcohol,C:\PycharmProjects\Alcohol Detection\dataset\Grupo_1\E_1_0\Iritech\E_1_0_1\E_1_0_1_L_5\via_region_data.json
E_1_0_1_L_M_N_N_1976_64_2017.bmp308278,Non-Alcohol,C:\PycharmProjects\Alcohol Detection\dataset\Grupo_1\E_1_0\Iritech\E_1_0_1\E_1_0_1_L_5\via_region_data.json
E_1_0_1_L_M_N_N_1976_65_2017.bmp308278,Non-Alcohol,C:\PycharmProjects\Alcohol Detection\dataset\Grupo_1\E_1_0\Iritech\E_1_0_1\E_1_0_1_L_5\via_region_data.json
E_1_0_1_L_M_N_N_1976_66_2017.bmp308278,Non-Alcohol,C:\PycharmProjects\Alcohol Detection\dataset\Grupo_1\E_1_0\Iritech\E_1_0_1\E_1_0_1_L_5\via_region_data.json
E_1_0_1_L_M_N_N_1976_67_2017.bmp308278,Non-Alcohol,C:\PycharmProjects\Alcohol Detection\dataset\Grupo_1\E_1_0\Iritech\E_1_0_1\E_1_0_1_L_5\via_region_data.json
E_1_0_1_L_M_N_N_1976_68_2017.bmp308278,Non-Alcohol,C:\PycharmProjects\Alcohol Detection\dataset\Grupo_1\E_1_0\Iritech\E_1_0_1\E_1_0_1_L_5\via_region_data.json
E_1_0_1_L_M_N_N_1976_69_2017.bmp308278,Non-Alcohol,C:\PycharmProjects\Alcohol Detection\dataset\Grupo_1\E_1_0\Iritech\E_1_0_1\E_1_0_1_L_5\via_region_data.json
E_1_0_1_L_M_N_N_1976_70_2017.bmp308278,Non-Alcohol,C:\PycharmProjects\Alcohol Detection\dataset\Grupo_1\E_1_0\Iritech\E_1_0_1\E_1_0_1_L_5\via_region_data.json
E_1_0_1_L_M_N_N_1976_71_2017.bmp308278,Non-Alcohol,C:\PycharmProjects\Alcohol Detection\dataset\Grupo_1\E_1_0\Iritech\E_1_0_1\E_1_0_1_L_5\via_region_data.json
E_1_0_1_L_M_N_N_1976_72_2017.bmp308278,Non-Alcohol,C:\PycharmProjects\Alcohol Detection\dataset\Grupo_1\E_1_0\Iritech\E_1_0_1\E_1_0_1_L_5\via_region_data.json
E_1_0_1_L_M_N_N_1976_73_2017.bmp308278,Non-Alcohol,C:\PycharmProjects\Alcohol Detection\dataset\Grupo_1\E_1_0\Iritech\E_1_0_1\E_1_0_1_L_5\via_region_data.json
E_1_0_1_L_M_N_N_1976_74_2017.bmp308278,Non-Alcohol,C:\PycharmProjects\Alcohol Detection\dataset\Grupo_1\E_1_0\Iritech\E_1_0_1\E_1_0_1_L_5\via_region_data.json
E_1_0_1_R_M_N_N_1976_0_2017.bmp308278,Non-Alcohol,C:\PycharmProjects\Alcohol Detection\dataset\Grupo_1\E_1_0\Iritech\E_1_0_1\E_1_0_1_R_5\via_region_data.json
E_1_0_1_R_M_N_N_1976_1_2017.bmp308278,Non-Alcohol,C:\PycharmProjects\Alcohol Detection\dataset\Grupo_1\E_1_0\Iritech\E_1_0_1\E_1_0_1_R_5\via_region_data.json
E_1_0_1_R_M_N_N_1976_2_2017.bmp308278,Non-Alcohol,C:\PycharmProjects\Alcohol Detection\dataset\Grupo_1\E_1_0\Iritech\E_1_0_1\E_1_0_1_R_5\via_region_data.json
E_1_0_1_R_M_N_N_1976_3_2017.bmp308278,Non-Alcohol,C:\PycharmProjects\Alcohol Detection\dataset\Grupo_1\E_1_0\Iritech\E_1_0_1\E_1_0_1_R_5\via_region_data.json
E_1_0_1_R_M_N_N_1976_4_2017.bmp308278,Non-Alcohol,C:\PycharmProjects\Alcohol Detection\dataset\Grupo_1\E_1_0\Iritech\E_1_0_1\E_1_0_1_R_5\via_region_data.json
E_1_0_1_R_M_N_N_1976_5_2017.bmp308278,Non-Alcohol,C:\PycharmProjects\Alcohol Detection\dataset\Grupo_1\E_1_0\Iritech\E_1_0_1\E_1_0_1_R_5\via_region_data.json
E_1_0_1_R_M_N_N_1976_6_2017.bmp308278,Non-Alcohol,C:\PycharmProjects\Alcohol Detection\dataset\Grupo_1\E_1_0\Iritech\E_1_0_1\E_1_0_1_R_5\via_region_data.json
E_1_0_1_R_M_N_N_1976_7_2017.bmp308278,Non-Alcohol,C:\PycharmProjects\Alcohol Detection\dataset\Grupo_1\E_1_0\Iritech\E_1_0_1\E_1_0_1_R_5\via_region_data.json
E_1_0_1_R_M_N_N_1976_8_2017.bmp308278,Non-Alcohol,C:\PycharmProjects\Alcohol Detection\dataset\Grupo_1\E_1_0\Iritech\E_1_0_1\E_1_0_1_R_5\via_region_data.json
E_1_0_1_R_M_N_N_1976_9_2017.bmp308278,Non-Alcohol,C:\PycharmProjects\Alcohol Detection\dataset\Grupo_1\E_1_0\Iritech\E_1_0_1\E_1_0_1_R_5\via_region_data.json
E_1_0_1_R_M_N_N_1976_10_2017.bmp308278,Non-Alcohol,C:\PycharmProjects\Alcohol Detection\dataset\Grupo_1\E_1_0\Iritech\E_1_0_1\E_1_0_1_R_5\via_region_data.json
E_1_0_1_R_M_N_N_1976_11_2017.bmp308278,Non-Alcohol,C:\PycharmProjects\Alcohol Detection\dataset\Grupo_1\E_1_0\Iritech\E_1_0_1\E_1_0_1_R_5\via_region_data.json
E_1_0_1_R_M_N_N_1976_12_2017.bmp308278,Non-Alcohol,C:\PycharmProjects\Alcohol Detection\dataset\Grupo_1\E_1_0\Iritech\E_1_0_1\E_1_0_1_R_5\via_region_data.json
E_1_0_1_R_M_N_N_1976_13_2017.bmp308278,Non-Alcohol,C:\PycharmProjects\Alcohol Detection\dataset\Grupo_1\E_1_0\Iritech\E_1_0_1\E_1_0_1_R_5\via_region_data.json
E_1_0_1_R_M_N_N_1976_14_2017.bmp308278,Non-Alcohol,C:\PycharmProjects\Alcohol Detection\dataset\Grupo_1\E_1_0\Iritech\E_1_0_1\E_1_0_1_R_5\via_region_data.json
E_1_0_1_R_M_N_N_1976_15_2017.bmp308278,Non-Alcohol,C:\PycharmProjects\Alcohol Detection\dataset\Grupo_1\E_1_0\Iritech\E_1_0_1\E_1_0_1_R_5\via_region_data.json
E_1_0_1_R_M_N_N_1976_16_2017.bmp308278,Non-Alcohol,C:\PycharmProjects\Alcohol Detection\dataset\Grupo_1\E_1_0\Iritech\E_1_0_1\E_1_0_1_R_5\via_region_data.json
E_1_0_1_R_M_N_N_1976_17_2017.bmp308278,Non-Alcohol,C:\PycharmProjects\Alcohol Detection\dataset\Grupo_1\E_1_0\Iritech\E_1_0_1\E_1_0_1_R_5\via_region_data.json
E_1_0_1_R_M_N_N_1976_18_2017.bmp308278,Non-Alcohol,C:\PycharmProjects\Alcohol Detection\dataset\Grupo_1\E_1_0\Iritech\E_1_0_1\E_1_0_1_R_5\via_region_data.json
E_1_0_1_R_M_N_N_1976_19_2017.bmp308278,Non-Alcohol,C:\PycharmProjects\Alcohol Detection\dataset\Grupo_1\E_1_0\Iritech\E_1_0_1\E_1_0_1_R_5\via_region_data.json
E_1_0_1_R_M_N_N_1976_20_2017.bmp308278,Non-Alcohol,C:\PycharmProjects\Alcohol Detection\dataset\Grupo_1\E_1_0\Iritech\E_1_0_1\E_1_0_1_R_5\via_region_data.json
E_1_0_1_R_M_N_N_1976_21_2017.bmp308278,Non-Alcohol,C:\PycharmProjects\Alcohol Detection\dataset\Grupo_1\E_1_0\Iritech\E_1_0_1\E_1_0_1_R_5\via_region_data.json
E_1_0_1_R_M_N_N_1976_22_2017.bmp308278,Non-Alcohol,C:\PycharmProjects\Alcohol Detection\dataset\Grupo_1\E_1_0\Iritech\E_1_0_1\E_1_0_1_R_5\via_region_data.json
E_1_0_1_R_M_N_N_1976_23_2017.bmp308278,Non-Alcohol,C:\PycharmProjects\Alcohol Detection\dataset\Grupo_1\E_1_0\Iritech\E_1_0_1\E_1_0_1_R_5\via_region_data.json
E_1_0_1_R_M_N_N_1976_24_2017.bmp308278,Non-Alcohol,C:\PycharmProjects\Alcohol Detection\dataset\Grupo_1\E_1_0\Iritech\E_1_0_1\E_1_0_1_R_5\via_region_data.json
E_1_0_1_R_M_N_N_1976_25_2017.bmp308278,Non-Alcohol,C:\PycharmProjects\Alcohol Detection\dataset\Grupo_1\E_1_0\Iritech\E_1_0_1\E_1_0_1_R_5\via_region_data.json
E_1_0_1_R_M_N_N_1976_26_2017.bmp308278,Non-Alcohol,C:\PycharmProjects\Alcohol Detection\dataset\Grupo_1\E_1_0\Iritech\E_1_0_1\E_1_0_1_R_5\via_region_data.json
E_1_0_1_R_M_N_N_1976_27_2017.bmp308278,Non-Alcohol,C:\PycharmProjects\Alcohol Detection\dataset\Grupo_1\E_1_0\Iritech\E_1_0_1\E_1_0_1_R_5\via_region_data.json
E_1_0_1_R_M_N_N_1976_28_2017.bmp308278,Non-Alcohol,C:\PycharmProjects\Alcohol Detection\dataset\Grupo_1\E_1_0\Iritech\E_1_0_1\E_1_0_1_R_5\via_region_data.json
E_1_0_1_R_M_N_N_1976_29_2017.bmp308278,Non-Alcohol,C:\PycharmProjects\Alcohol Detection\dataset\Grupo_1\E_1_0\Iritech\E_1_0_1\E_1_0_1_R_5\via_region_data.json
E_1_0_1_R_M_N_N_1976_30_2017.bmp308278,Non-Alcohol,C:\PycharmProjects\Alcohol Detection\dataset\Grupo_1\E_1_0\Iritech\E_1_0_1\E_1_0_1_R_5\via_region_data.json
E_1_0_1_R_M_N_N_1976_31_2017.bmp308278,Non-Alcohol,C:\PycharmProjects\Alcohol Detection\dataset\Grupo_1\E_1_0\Iritech\E_1_0_1\E_1_0_1_R_5\via_region_data.json
E_1_0_1_R_M_N_N_1976_32_2017.bmp308278,Non-Alcohol,C:\PycharmProjects\Alcohol Detection\dataset\Grupo_1\E_1_0\Iritech\E_1_0_1\E_1_0_1_R_5\via_region_data.json
E_1_0_1_R_M_N_N_1976_33_2017.bmp308278,Non-Alcohol,C:\PycharmProjects\Alcohol Detection\dataset\Grupo_1\E_1_0\Iritech\E_1_0_1\E_1_0_1_R_5\via_region_data.json
E_1_0_1_R_M_N_N_1976_34_2017.bmp308278,Non-Alcohol,C:\PycharmProjects\Alcohol Detection\dataset\Grupo_1\E_1_0\Iritech\E_1_0_1\E_1_0_1_R_5\via_region_data.json
E_1_0_1_R_M_N_N_1976_35_2017.bmp308278,Non-Alcohol,C:\PycharmProjects\Alcohol Detection\dataset\Grupo_1\E_1_0\Iritech\E_1_0_1\E_1_0_1_R_5\via_region_data.json
E_1_0_1_R_M_N_N_1976_36_2017.bmp308278,Non-Alcohol,C:\PycharmProjects\Alcohol Detection\dataset\Grupo_1\E_1_0\Iritech\E_1_0_1\E_1_0_1_R_5\via_region_data.json
E_1_0_1_R_M_N_N_1976_37_2017.bmp308278,Non-Alcohol,C:\PycharmProjects\Alcohol Detection\dataset\Grupo_1\E_1_0\Iritech\E_1_0_1\E_1_0_1_R_5\via_region_data.json
E_1_0_1_R_M_N_N_1976_38_2017.bmp308278,Non-Alcohol,C:\PycharmProjects\Alcohol Detection\dataset\Grupo_1\E_1_0\Iritech\E_1_0_1\E_1_0_1_R_5\via_region_data.json
E_1_0_1_R_M_N_N_1976_39_2017.bmp308278,Non-Alcohol,C:\PycharmProjects\Alcohol Detection\dataset\Grupo_1\E_1_0\Iritech\E_1_0_1\E_1_0_1_R_5\via_region_data.json
E_1_0_1_R_M_N_N_1976_40_2017.bmp308278,Non-Alcohol,C:\PycharmProjects\Alcohol Detection\dataset\Grupo_1\E_1_0\Iritech\E_1_0_1\E_1_0_1_R_5\via_region_data.json
E_1_0_1_R_M_N_N_1976_41_2017.bmp308278,Non-Alcohol,C:\PycharmProjects\Alcohol Detection\dataset\Grupo_1\E_1_0\Iritech\E_1_0_1\E_1_0_1_R_5\via_region_data.json
E_1_0_1_R_M_N_N_1976_42_2017.bmp308278,Non-Alcohol,C:\PycharmProjects\Alcohol Detection\dataset\Grupo_1\E_1_0\Iritech\E_1_0_1\E_1_0_1_R_5\via_region_data.json
E_1_0_1_R_M_N_N_1976_43_2017.bmp308278,Non-Alcohol,C:\PycharmProjects\Alcohol Detection\dataset\Grupo_1\E_1_0\Iritech\E_1_0_1\E_1_0_1_R_5\via_region_data.json
E_1_0_1_R_M_N_N_1976_44_2017.bmp308278,Non-Alcohol,C:\PycharmProjects\Alcohol Detection\dataset\Grupo_1\E_1_0\Iritech\E_1_0_1\E_1_0_1_R_5\via_region_data.json
E_1_0_1_R_M_N_N_1976_45_2017.bmp308278,Non-Alcohol,C:\PycharmProjects\Alcohol Detection\dataset\Grupo_1\E_1_0\Iritech\E_1_0_1\E_1_0_1_R_5\via_region_data.json
E_1_0_1_R_M_N_N_1976_46_2017.bmp308278,Non-Alcohol,C:\PycharmProjects\Alcohol Detection\dataset\Grupo_1\E_1_0\Iritech\E_1_0_1\E_1_0_1_R_5\via_region_data.json
E_1_0_1_R_M_N_N_1976_47_2017.bmp308278,Non-Alcohol,C:\PycharmProjects\Alcohol Detection\dataset\Grupo_1\E_1_0\Iritech\E_1_0_1\E_1_0_1_R_5\via_region_data.json
E_1_0_1_R_M_N_N_1976_48_2017.bmp308278,Non-Alcohol,C:\PycharmProjects\Alcohol Detection\dataset\Grupo_1\E_1_0\Iritech\E_1_0_1\E_1_0_1_R_5\via_region_data.json
E_1_0_1_R_M_N_N_1976_49_2017.bmp308278,Non-Alcohol,C:\PycharmProjects\Alcohol Detection\dataset\Grupo_1\E_1_0\Iritech\E_1_0_1\E_1_0_1_R_5\via_region_data.json
E_1_0_1_R_M_N_N_1976_50_2017.bmp308278,Non-Alcohol,C:\PycharmProjects\Alcohol Detection\dataset\Grupo_1\E_1_0\Iritech\E_1_0_1\E_1_0_1_R_5\via_region_data.json
E_1_0_1_R_M_N_N_1976_51_2017.bmp308278,Non-Alcohol,C:\PycharmProjects\Alcohol Detection\dataset\Grupo_1\E_1_0\Iritech\E_1_0_1\E_1_0_1_R_5\via_region_data.json
E_1_0_1_R_M_N_N_1976_52_2017.bmp308278,Non-Alcohol,C:\PycharmProjects\Alcohol Detection\dataset\Grupo_1\E_1_0\Iritech\E_1_0_1\E_1_0_1_R_5\via_region_data.json
E_1_0_1_R_M_N_N_1976_53_2017.bmp308278,Non-Alcohol,C:\PycharmProjects\Alcohol Detection\dataset\Grupo_1\E_1_0\Iritech\E_1_0_1\E_1_0_1_R_5\via_region_data.json
E_1_0_1_R_M_N_N_1976_54_2017.bmp308278,Non-Alcohol,C:\PycharmProjects\Alcohol Detection\dataset\Grupo_1\E_1_0\Iritech\E_1_0_1\E_1_0_1_R_5\via_region_data.json
E_1_0_1_R_M_N_N_1976_55_2017.bmp308278,Non-Alcohol,C:\PycharmProjects\Alcohol Detection\dataset\Grupo_1\E_1_0\Iritech\E_1_0_1\E_1_0_1_R_5\via_region_data.json
E_1_0_1_R_M_N_N_1976_56_2017.bmp308278,Non-Alcohol,C:\PycharmProjects\Alcohol Detection\dataset\Grupo_1\E_1_0\Iritech\E_1_0_1\E_1_0_1_R_5\via_region_data.json
E_1_0_1_R_M_N_N_1976_57_2017.bmp308278,Non-Alcohol,C:\PycharmProjects\Alcohol Detection\dataset\Grupo_1\E_1_0\Iritech\E_1_0_1\E_1_0_1_R_5\via_region_data.json
E_1_0_1_R_M_N_N_1976_58_2017.bmp308278,Non-Alcohol,C:\PycharmProjects\Alcohol Detection\dataset\Grupo_1\E_1_0\Iritech\E_1_0_1\E_1_0_1_R_5\via_region_data.json
E_1_0_1_R_M_N_N_1976_59_2017.bmp308278,Non-Alcohol,C:\PycharmProjects\Alcohol Detection\dataset\Grupo_1\E_1_0\Iritech\E_1_0_1\E_1_0_1_R_5\via_region_data.json
E_1_0_1_R_M_N_N_1976_60_2017.bmp308278,Non-Alcohol,C:\PycharmProjects\Alcohol Detection\dataset\Grupo_1\E_1_0\Iritech\E_1_0_1\E_1_0_1_R_5\via_region_data.json
E_1_0_1_R_M_N_N_1976_61_2017.bmp308278,Non-Alcohol,C:\PycharmProjects\Alcohol Detection\dataset\Grupo_1\E_1_0\Iritech\E_1_0_1\E_1_0_1_R_5\via_region_data.json
E_1_0_1_R_M_N_N_1976_62_2017.bmp308278,Non-Alcohol,C:\PycharmProjects\Alcohol Detection\dataset\Grupo_1\E_1_0\Iritech\E_1_0_1\E_1_0_1_R_5\via_region_data.json
E_1_0_1_R_M_N_N_1976_63_2017.bmp308278,Non-Alcohol,C:\PycharmProjects\Alcohol Detection\dataset\Grupo_1\E_1_0\Iritech\E_1_0_1\E_1_0_1_R_5\via_region_data.json
E_1_0_1_R_M_N_N_1976_64_2017.bmp308278,Non-Alcohol,C:\PycharmProjects\Alcohol Detection\dataset\Grupo_1\E_1_0\Iritech\E_1_0_1\E_1_0_1_R_5\via_region_data.json
E_1_0_1_R_M_N_N_1976_65_2017.bmp308278,Non-Alcohol,C:\PycharmProjects\Alcohol Detection\dataset\Grupo_1\E_1_0\Iritech\E_1_0_1\E_1_0_1_R_5\via_region_data.json
E_1_0_1_R_M_N_N_1976_66_2017.bmp308278,Non-Alcohol,C:\PycharmProjects\Alcohol Detection\dataset\Grupo_1\E_1_0\Iritech\E_1_0_1\E_1_0_1_R_5\via_region_data.json
E_1_0_1_R_M_N_N_1976_67_2017.bmp308278,Non-Alcohol,C:\PycharmProjects\Alcohol Detection\dataset\Grupo_1\E_1_0\Iritech\E_1_0_1\E_1_0_1_R_5\via_region_data.json
E_1_0_1_R_M_N_N_1976_68_2017.bmp308278,Non-Alcohol,C:\PycharmProjects\Alcohol Detection\dataset\Grupo_1\E_1_0\Iritech\E_1_0_1\E_1_0_1_R_5\via_region_data.json
E_1_0_1_R_M_N_N_1976_69_2017.bmp308278,Non-Alcohol,C:\PycharmProjects\Alcohol Detection\dataset\Grupo_1\E_1_0\Iritech\E_1_0_1\E_1_0_1_R_5\via_region_data.json
E_1_0_1_R_M_N_N_1976_70_2017.bmp308278,Non-Alcohol,C:\PycharmProjects\Alcohol Detection\dataset\Grupo_1\E_1_0\Iritech\E_1_0_1\E_1_0_1_R_5\via_region_data.json
E_1_0_1_R_M_N_N_1976_71_2017.bmp308278,Non-Alcohol,C:\PycharmProjects\Alcohol Detection\dataset\Grupo_1\E_1_0\Iritech\E_1_0_1\E_1_0_1_R_5\via_region_data.json
E_1_0_1_R_M_N_N_1976_72_2017.bmp308278,Non-Alcohol,C:\PycharmProjects\Alcohol Detection\dataset\Grupo_1\E_1_0\Iritech\E_1_0_1\E_1_0_1_R_5\via_region_data.json
E_1_0_1_R_M_N_N_1976_73_2017.bmp308278,Non-Alcohol,C:\PycharmProjects\Alcohol Detection\dataset\Grupo_1\E_1_0\Iritech\E_1_0_1\E_1_0_1_R_5\via_region_data.json
E_1_0_1_R_M_N_N_1976_74_2017.bmp308278,Non-Alcohol,C:\PycharmProjects\Alcohol Detection\dataset\Grupo_1\E_1_0\Iritech\E_1_0_1\E_1_0_1_R_5\via_region_data.json
E_1_0_1_R_M_N_N_1976_75_2017.bmp308278,Non-Alcohol,C:\PycharmProjects\Alcohol Detection\dataset\Grupo_1\E_1_0\Iritech\E_1_0_1\E_1_0_1_R_5\via_region_data.json
E_1_0_1_R_M_N_N_1976_76_2017.bmp308278,Non-Alcohol,C:\PycharmProjects\Alcohol Detection\dataset\Grupo_1\E_1_0\Iritech\E_1_0_1\E_1_0_1_R_5\via_region_data.json
E_1_0_2_L_M_N_N_1976_0_2017.bmp308278,Non-Alcohol,C:\PycharmProjects\Alcohol Detection\dataset\Grupo_1\E_1_0\Iritech\E_1_0_2\via_region_data.json
E_1_0_2_R_M_N_N_1976_0_2017.bmp308278,Non-Alcohol,C:\PycharmProjects\Alcohol Detection\dataset\Grupo_1\E_1_0\Iritech\E_1_0_2\via_region_data.json
E_1_0_2_L_M_N_N_1976_0_2017.bmp308278,Non-Alcohol,C:\PycharmProjects\Alcohol Detection\dataset\Grupo_1\E_1_0\Iritech\E_1_0_2\E_1_0_2_L_5\via_region_data.json
E_1_0_2_L_M_N_N_1976_1_2017.bmp308278,Non-Alcohol,C:\PycharmProjects\Alcohol Detection\dataset\Grupo_1\E_1_0\Iritech\E_1_0_2\E_1_0_2_L_5\via_region_data.json
E_1_0_2_L_M_N_N_1976_2_2017.bmp308278,Non-Alcohol,C:\PycharmProjects\Alcohol Detection\dataset\Grupo_1\E_1_0\Iritech\E_1_0_2\E_1_0_2_L_5\via_region_data.json
E_1_0_2_L_M_N_N_1976_3_2017.bmp308278,Non-Alcohol,C:\PycharmProjects\Alcohol Detection\dataset\Grupo_1\E_1_0\Iritech\E_1_0_2\E_1_0_2_L_5\via_region_data.json
E_1_0_2_L_M_N_N_1976_4_2017.bmp308278,Non-Alcohol,C:\PycharmProjects\Alcohol Detection\dataset\Grupo_1\E_1_0\Iritech\E_1_0_2\E_1_0_2_L_5\via_region_data.json
E_1_0_2_L_M_N_N_1976_5_2017.bmp308278,Non-Alcohol,C:\PycharmProjects\Alcohol Detection\dataset\Grupo_1\E_1_0\Iritech\E_1_0_2\E_1_0_2_L_5\via_region_data.json
E_1_0_2_L_M_N_N_1976_6_2017.bmp308278,Non-Alcohol,C:\PycharmProjects\Alcohol Detection\dataset\Grupo_1\E_1_0\Iritech\E_1_0_2\E_1_0_2_L_5\via_region_data.json
E_1_0_2_L_M_N_N_1976_7_2017.bmp308278,Non-Alcohol,C:\PycharmProjects\Alcohol Detection\dataset\Grupo_1\E_1_0\Iritech\E_1_0_2\E_1_0_2_L_5\via_region_data.json
E_1_0_2_L_M_N_N_1976_8_2017.bmp308278,Non-Alcohol,C:\PycharmProjects\Alcohol Detection\dataset\Grupo_1\E_1_0\Iritech\E_1_0_2\E_1_0_2_L_5\via_region_data.json
E_1_0_2_L_M_N_N_1976_9_2017.bmp308278,Non-Alcohol,C:\PycharmProjects\Alcohol Detection\dataset\Grupo_1\E_1_0\Iritech\E_1_0_2\E_1_0_2_L_5\via_region_data.json
E_1_0_2_L_M_N_N_1976_10_2017.bmp308278,Non-Alcohol,C:\PycharmProjects\Alcohol Detection\dataset\Grupo_1\E_1_0\Iritech\E_1_0_2\E_1_0_2_L_5\via_region_data.json
E_1_0_2_L_M_N_N_1976_11_2017.bmp308278,Non-Alcohol,C:\PycharmProjects\Alcohol Detection\dataset\Grupo_1\E_1_0\Iritech\E_1_0_2\E_1_0_2_L_5\via_region_data.json
E_1_0_2_L_M_N_N_1976_12_2017.bmp308278,Non-Alcohol,C:\PycharmProjects\Alcohol Detection\dataset\Grupo_1\E_1_0\Iritech\E_1_0_2\E_1_0_2_L_5\via_region_data.json
E_1_0_2_L_M_N_N_1976_13_2017.bmp308278,Non-Alcohol,C:\PycharmProjects\Alcohol Detection\dataset\Grupo_1\E_1_0\Iritech\E_1_0_2\E_1_0_2_L_5\via_region_data.json
E_1_0_2_L_M_N_N_1976_14_2017.bmp308278,Non-Alcohol,C:\PycharmProjects\Alcohol Detection\dataset\Grupo_1\E_1_0\Iritech\E_1_0_2\E_1_0_2_L_5\via_region_data.json
E_1_0_2_L_M_N_N_1976_15_2017.bmp308278,Non-Alcohol,C:\PycharmProjects\Alcohol Detection\dataset\Grupo_1\E_1_0\Iritech\E_1_0_2\E_1_0_2_L_5\via_region_data.json
E_1_0_2_L_M_N_N_1976_16_2017.bmp308278,Non-Alcohol,C:\PycharmProjects\Alcohol Detection\dataset\Grupo_1\E_1_0\Iritech\E_1_0_2\E_1_0_2_L_5\via_region_data.json
E_1_0_2_L_M_N_N_1976_17_2017.bmp308278,Non-Alcohol,C:\PycharmProjects\Alcohol Detection\dataset\Grupo_1\E_1_0\Iritech\E_1_0_2\E_1_0_2_L_5\via_region_data.json
E_1_0_2_L_M_N_N_1976_18_2017.bmp308278,Non-Alcohol,C:\PycharmProjects\Alcohol Detection\dataset\Grupo_1\E_1_0\Iritech\E_1_0_2\E_1_0_2_L_5\via_region_data.json
E_1_0_2_L_M_N_N_1976_19_2017.bmp308278,Non-Alcohol,C:\PycharmProjects\Alcohol Detection\dataset\Grupo_1\E_1_0\Iritech\E_1_0_2\E_1_0_2_L_5\via_region_data.json
E_1_0_2_L_M_N_N_1976_20_2017.bmp308278,Non-Alcohol,C:\PycharmProjects\Alcohol Detection\dataset\Grupo_1\E_1_0\Iritech\E_1_0_2\E_1_0_2_L_5\via_region_data.json
E_1_0_2_L_M_N_N_1976_21_2017.bmp308278,Non-Alcohol,C:\PycharmProjects\Alcohol Detection\dataset\Grupo_1\E_1_0\Iritech\E_1_0_2\E_1_0_2_L_5\via_region_data.json
E_1_0_2_L_M_N_N_1976_22_2017.bmp308278,Non-Alcohol,C:\PycharmProjects\Alcohol Detection\dataset\Grupo_1\E_1_0\Iritech\E_1_0_2\E_1_0_2_L_5\via_region_data.json
E_1_0_2_L_M_N_N_1976_23_2017.bmp308278,Non-Alcohol,C:\PycharmProjects\Alcohol Detection\dataset\Grupo_1\E_1_0\Iritech\E_1_0_2\E_1_0_2_L_5\via_region_data.json
E_1_0_2_L_M_N_N_1976_24_2017.bmp308278,Non-Alcohol,C:\PycharmProjects\Alcohol Detection\dataset\Grupo_1\E_1_0\Iritech\E_1_0_2\E_1_0_2_L_5\via_region_data.json
E_1_0_2_L_M_N_N_1976_25_2017.bmp308278,Non-Alcohol,C:\PycharmProjects\Alcohol Detection\dataset\Grupo_1\E_1_0\Iritech\E_1_0_2\E_1_0_2_L_5\via_region_data.json
E_1_0_2_L_M_N_N_1976_26_2017.bmp308278,Non-Alcohol,C:\PycharmProjects\Alcohol Detection\dataset\Grupo_1\E_1_0\Iritech\E_1_0_2\E_1_0_2_L_5\via_region_data.json
E_1_0_2_L_M_N_N_1976_27_2017.bmp308278,Non-Alcohol,C:\PycharmProjects\Alcohol Detection\dataset\Grupo_1\E_1_0\Iritech\E_1_0_2\E_1_0_2_L_5\via_region_data.json
E_1_0_2_L_M_N_N_1976_28_2017.bmp308278,Non-Alcohol,C:\PycharmProjects\Alcohol Detection\dataset\Grupo_1\E_1_0\Iritech\E_1_0_2\E_1_0_2_L_5\via_region_data.json
E_1_0_2_L_M_N_N_1976_29_2017.bmp308278,Non-Alcohol,C:\PycharmProjects\Alcohol Detection\dataset\Grupo_1\E_1_0\Iritech\E_1_0_2\E_1_0_2_L_5\via_region_data.json
E_1_0_2_L_M_N_N_1976_30_2017.bmp308278,Non-Alcohol,C:\PycharmProjects\Alcohol Detection\dataset\Grupo_1\E_1_0\Iritech\E_1_0_2\E_1_0_2_L_5\via_region_data.json
E_1_0_2_L_M_N_N_1976_31_2017.bmp308278,Non-Alcohol,C:\PycharmProjects\Alcohol Detection\dataset\Grupo_1\E_1_0\Iritech\E_1_0_2\E_1_0_2_L_5\via_region_data.json
E_1_0_2_L_M_N_N_1976_32_2017.bmp308278,Non-Alcohol,C:\PycharmProjects\Alcohol Detection\dataset\Grupo_1\E_1_0\Iritech\E_1_0_2\E_1_0_2_L_5\via_region_data.json
E_1_0_2_L_M_N_N_1976_33_2017.bmp308278,Non-Alcohol,C:\PycharmProjects\Alcohol Detection\dataset\Grupo_1\E_1_0\Iritech\E_1_0_2\E_1_0_2_L_5\via_region_data.json
E_1_0_2_L_M_N_N_1976_34_2017.bmp308278,Non-Alcohol,C:\PycharmProjects\Alcohol Detection\dataset\Grupo_1\E_1_0\Iritech\E_1_0_2\E_1_0_2_L_5\via_region_data.json
E_1_0_2_L_M_N_N_1976_35_2017.bmp308278,Non-Alcohol,C:\PycharmProjects\Alcohol Detection\dataset\Grupo_1\E_1_0\Iritech\E_1_0_2\E_1_0_2_L_5\via_region_data.json
E_1_0_2_L_M_N_N_1976_36_2017.bmp308278,Non-Alcohol,C:\PycharmProjects\Alcohol Detection\dataset\Grupo_1\E_1_0\Iritech\E_1_0_2\E_1_0_2_L_5\via_region_data.json
E_1_0_2_L_M_N_N_1976_37_2017.bmp308278,Non-Alcohol,C:\PycharmProjects\Alcohol Detection\dataset\Grupo_1\E_1_0\Iritech\E_1_0_2\E_1_0_2_L_5\via_region_data.json
E_1_0_2_L_M_N_N_1976_38_2017.bmp308278,Non-Alcohol,C:\PycharmProjects\Alcohol Detection\dataset\Grupo_1\E_1_0\Iritech\E_1_0_2\E_1_0_2_L_5\via_region_data.json
E_1_0_2_L_M_N_N_1976_39_2017.bmp308278,Non-Alcohol,C:\PycharmProjects\Alcohol Detection\dataset\Grupo_1\E_1_0\Iritech\E_1_0_2\E_1_0_2_L_5\via_region_data.json
E_1_0_2_L_M_N_N_1976_40_2017.bmp308278,Non-Alcohol,C:\PycharmProjects\Alcohol Detection\dataset\Grupo_1\E_1_0\Iritech\E_1_0_2\E_1_0_2_L_5\via_region_data.json
E_1_0_2_L_M_N_N_1976_41_2017.bmp308278,Non-Alcohol,C:\PycharmProjects\Alcohol Detection\dataset\Grupo_1\E_1_0\Iritech\E_1_0_2\E_1_0_2_L_5\via_region_data.json
E_1_0_2_L_M_N_N_1976_42_2017.bmp308278,Non-Alcohol,C:\PycharmProjects\Alcohol Detection\dataset\Grupo_1\E_1_0\Iritech\E_1_0_2\E_1_0_2_L_5\via_region_data.json
E_1_0_2_L_M_N_N_1976_43_2017.bmp308278,Non-Alcohol,C:\PycharmProjects\Alcohol Detection\dataset\Grupo_1\E_1_0\Iritech\E_1_0_2\E_1_0_2_L_5\via_region_data.json
E_1_0_2_L_M_N_N_1976_44_2017.bmp308278,Non-Alcohol,C:\PycharmProjects\Alcohol Detection\dataset\Grupo_1\E_1_0\Iritech\E_1_0_2\E_1_0_2_L_5\via_region_data.json
E_1_0_2_L_M_N_N_1976_45_2017.bmp308278,Non-Alcohol,C:\PycharmProjects\Alcohol Detection\dataset\Grupo_1\E_1_0\Iritech\E_1_0_2\E_1_0_2_L_5\via_region_data.json
E_1_0_2_L_M_N_N_1976_46_2017.bmp308278,Non-Alcohol,C:\PycharmProjects\Alcohol Detection\dataset\Grupo_1\E_1_0\Iritech\E_1_0_2\E_1_0_2_L_5\via_region_data.json
E_1_0_2_L_M_N_N_1976_47_2017.bmp308278,Non-Alcohol,C:\PycharmProjects\Alcohol Detection\dataset\Grupo_1\E_1_0\Iritech\E_1_0_2\E_1_0_2_L_5\via_region_data.json
E_1_0_2_L_M_N_N_1976_48_2017.bmp308278,Non-Alcohol,C:\PycharmProjects\Alcohol Detection\dataset\Grupo_1\E_1_0\Iritech\E_1_0_2\E_1_0_2_L_5\via_region_data.json
E_1_0_2_L_M_N_N_1976_49_2017.bmp308278,Non-Alcohol,C:\PycharmProjects\Alcohol Detection\dataset\Grupo_1\E_1_0\Iritech\E_1_0_2\E_1_0_2_L_5\via_region_data.json
E_1_0_2_L_M_N_N_1976_50_2017.bmp308278,Non-Alcohol,C:\PycharmProjects\Alcohol Detection\dataset\Grupo_1\E_1_0\Iritech\E_1_0_2\E_1_0_2_L_5\via_region_data.json
E_1_0_2_L_M_N_N_1976_51_2017.bmp308278,Non-Alcohol,C:\PycharmProjects\Alcohol Detection\dataset\Grupo_1\E_1_0\Iritech\E_1_0_2\E_1_0_2_L_5\via_region_data.json
E_1_0_2_L_M_N_N_1976_52_2017.bmp308278,Non-Alcohol,C:\PycharmProjects\Alcohol Detection\dataset\Grupo_1\E_1_0\Iritech\E_1_0_2\E_1_0_2_L_5\via_region_data.json
E_1_0_2_L_M_N_N_1976_53_2017.bmp308278,Non-Alcohol,C:\PycharmProjects\Alcohol Detection\dataset\Grupo_1\E_1_0\Iritech\E_1_0_2\E_1_0_2_L_5\via_region_data.json
E_1_0_2_L_M_N_N_1976_54_2017.bmp308278,Non-Alcohol,C:\PycharmProjects\Alcohol Detection\dataset\Grupo_1\E_1_0\Iritech\E_1_0_2\E_1_0_2_L_5\via_region_data.json
E_1_0_2_L_M_N_N_1976_55_2017.bmp308278,Non-Alcohol,C:\PycharmProjects\Alcohol Detection\dataset\Grupo_1\E_1_0\Iritech\E_1_0_2\E_1_0_2_L_5\via_region_data.json
E_1_0_2_L_M_N_N_1976_56_2017.bmp308278,Non-Alcohol,C:\PycharmProjects\Alcohol Detection\dataset\Grupo_1\E_1_0\Iritech\E_1_0_2\E_1_0_2_L_5\via_region_data.json
E_1_0_2_L_M_N_N_1976_57_2017.bmp308278,Non-Alcohol,C:\PycharmProjects\Alcohol Detection\dataset\Grupo_1\E_1_0\Iritech\E_1_0_2\E_1_0_2_L_5\via_region_data.json
E_1_0_2_L_M_N_N_1976_58_2017.bmp308278,Non-Alcohol,C:\PycharmProjects\Alcohol Detection\dataset\Grupo_1\E_1_0\Iritech\E_1_0_2\E_1_0_2_L_5\via_region_data.json
E_1_0_2_L_M_N_N_1976_59_2017.bmp308278,Non-Alcohol,C:\PycharmProjects\Alcohol Detection\dataset\Grupo_1\E_1_0\Iritech\E_1_0_2\E_1_0_2_L_5\via_region_data.json
E_1_0_2_L_M_N_N_1976_60_2017.bmp308278,Non-Alcohol,C:\PycharmProjects\Alcohol Detection\dataset\Grupo_1\E_1_0\Iritech\E_1_0_2\E_1_0_2_L_5\via_region_data.json
E_1_0_2_L_M_N_N_1976_61_2017.bmp308278,Non-Alcohol,C:\PycharmProjects\Alcohol Detection\dataset\Grupo_1\E_1_0\Iritech\E_1_0_2\E_1_0_2_L_5\via_region_data.json
E_1_0_2_L_M_N_N_1976_62_2017.bmp308278,Non-Alcohol,C:\PycharmProjects\Alcohol Detection\dataset\Grupo_1\E_1_0\Iritech\E_1_0_2\E_1_0_2_L_5\via_region_data.json
E_1_0_2_L_M_N_N_1976_63_2017.bmp308278,Non-Alcohol,C:\PycharmProjects\Alcohol Detection\dataset\Grupo_1\E_1_0\Iritech\E_1_0_2\E_1_0_2_L_5\via_region_data.json
E_1_0_2_L_M_N_N_1976_64_2017.bmp308278,Non-Alcohol,C:\PycharmProjects\Alcohol Detection\dataset\Grupo_1\E_1_0\Iritech\E_1_0_2\E_1_0_2_L_5\via_region_data.json
E_1_0_2_L_M_N_N_1976_65_2017.bmp308278,Non-Alcohol,C:\PycharmProjects\Alcohol Detection\dataset\Grupo_1\E_1_0\Iritech\E_1_0_2\E_1_0_2_L_5\via_region_data.json
E_1_0_2_L_M_N_N_1976_66_2017.bmp308278,Non-Alcohol,C:\PycharmProjects\Alcohol Detection\dataset\Grupo_1\E_1_0\Iritech\E_1_0_2\E_1_0_2_L_5\via_region_data.json
E_1_0_2_L_M_N_N_1976_67_2017.bmp308278,Non-Alcohol,C:\PycharmProjects\Alcohol Detection\dataset\Grupo_1\E_1_0\Iritech\E_1_0_2\E_1_0_2_L_5\via_region_data.json
E_1_0_2_L_M_N_N_1976_68_2017.bmp308278,Non-Alcohol,C:\PycharmProjects\Alcohol Detection\dataset\Grupo_1\E_1_0\Iritech\E_1_0_2\E_1_0_2_L_5\via_region_data.json
E_1_0_2_L_M_N_N_1976_69_2017.bmp308278,Non-Alcohol,C:\PycharmProjects\Alcohol Detection\dataset\Grupo_1\E_1_0\Iritech\E_1_0_2\E_1_0_2_L_5\via_region_data.json
E_1_0_2_L_M_N_N_1976_70_2017.bmp308278,Non-Alcohol,C:\PycharmProjects\Alcohol Detection\dataset\Grupo_1\E_1_0\Iritech\E_1_0_2\E_1_0_2_L_5\via_region_data.json
E_1_0_2_L_M_N_N_1976_71_2017.bmp308278,Non-Alcohol,C:\PycharmProjects\Alcohol Detection\dataset\Grupo_1\E_1_0\Iritech\E_1_0_2\E_1_0_2_L_5\via_region_data.json
E_1_0_2_L_M_N_N_1976_72_2017.bmp308278,Non-Alcohol,C:\PycharmProjects\Alcohol Detection\dataset\Grupo_1\E_1_0\Iritech\E_1_0_2\E_1_0_2_L_5\via_region_data.json
E_1_0_2_L_M_N_N_1976_73_2017.bmp308278,Non-Alcohol,C:\PycharmProjects\Alcohol Detection\dataset\Grupo_1\E_1_0\Iritech\E_1_0_2\E_1_0_2_L_5\via_region_data.json
E_1_0_2_L_M_N_N_1976_74_2017.bmp308278,Non-Alcohol,C:\PycharmProjects\Alcohol Detection\dataset\Grupo_1\E_1_0\Iritech\E_1_0_2\E_1_0_2_L_5\via_region_data.json
E_1_0_2_L_M_N_N_1976_75_2017.bmp308278,Non-Alcohol,C:\PycharmProjects\Alcohol Detection\dataset\Grupo_1\E_1_0\Iritech\E_1_0_2\E_1_0_2_L_5\via_region_data.json
E_1_0_2_L_M_N_N_1976_76_2017.bmp308278,Non-Alcohol,C:\PycharmProjects\Alcohol Detection\dataset\Grupo_1\E_1_0\Iritech\E_1_0_2\E_1_0_2_L_5\via_region_data.json
E_1_0_2_L_M_N_N_1976_77_2017.bmp308278,Non-Alcohol,C:\PycharmProjects\Alcohol Detection\dataset\Grupo_1\E_1_0\Iritech\E_1_0_2\E_1_0_2_L_5\via_region_data.json
E_1_0_2_L_M_N_N_1976_78_2017.bmp308278,Non-Alcohol,C:\PycharmProjects\Alcohol Detection\dataset\Grupo_1\E_1_0\Iritech\E_1_0_2\E_1_0_2_L_5\via_region_data.json
E_1_0_2_L_M_N_N_1976_79_2017.bmp308278,Non-Alcohol,C:\PycharmProjects\Alcohol Detection\dataset\Grupo_1\E_1_0\Iritech\E_1_0_2\E_1_0_2_L_5\via_region_data.json
E_1_0_2_L_M_N_N_1976_80_2017.bmp308278,Non-Alcohol,C:\PycharmProjects\Alcohol Detection\dataset\Grupo_1\E_1_0\Iritech\E_1_0_2\E_1_0_2_L_5\via_region_data.json
E_1_0_2_L_M_N_N_1976_81_2017.bmp308278,Non-Alcohol,C:\PycharmProjects\Alcohol Detection\dataset\Grupo_1\E_1_0\Iritech\E_1_0_2\E_1_0_2_L_5\via_region_data.json
E_1_0_2_L_M_N_N_1976_82_2017.bmp308278,Non-Alcohol,C:\PycharmProjects\Alcohol Detection\dataset\Grupo_1\E_1_0\Iritech\E_1_0_2\E_1_0_2_L_5\via_region_data.json
E_1_0_2_L_M_N_N_1976_83_2017.bmp308278,Non-Alcohol,C:\PycharmProjects\Alcohol Detection\dataset\Grupo_1\E_1_0\Iritech\E_1_0_2\E_1_0_2_L_5\via_region_data.json
E_1_0_2_L_M_N_N_1976_84_2017.bmp308278,Non-Alcohol,C:\PycharmProjects\Alcohol Detection\dataset\Grupo_1\E_1_0\Iritech\E_1_0_2\E_1_0_2_L_5\via_region_data.json
E_1_0_2_L_M_N_N_1976_85_2017.bmp308278,Non-Alcohol,C:\PycharmProjects\Alcohol Detection\dataset\Grupo_1\E_1_0\Iritech\E_1_0_2\E_1_0_2_L_5\via_region_data.json
E_1_0_2_L_M_N_N_1976_86_2017.bmp308278,Non-Alcohol,C:\PycharmProjects\Alcohol Detection\dataset\Grupo_1\E_1_0\Iritech\E_1_0_2\E_1_0_2_L_5\via_region_data.json
E_1_0_2_R_M_N_N_1976_81_2017.bmp308278,Non-Alcohol,C:\PycharmProjects\Alcohol Detection\dataset\Grupo_1\E_1_0\Iritech\E_1_0_2\E_1_0_2_R_5\via_region_data.json
E_1_0_2_R_M_N_N_1976_82_2017.bmp308278,Non-Alcohol,C:\PycharmProjects\Alcohol Detection\dataset\Grupo_1\E_1_0\Iritech\E_1_0_2\E_1_0_2_R_5\via_region_data.json
E_1_0_2_R_M_N_N_1976_83_2017.bmp308278,Non-Alcohol,C:\PycharmProjects\Alcohol Detection\dataset\Grupo_1\E_1_0\Iritech\E_1_0_2\E_1_0_2_R_5\via_region_data.json
E_1_0_2_R_M_N_N_1976_84_2017.bmp308278,Non-Alcohol,C:\PycharmProjects\Alcohol Detection\dataset\Grupo_1\E_1_0\Iritech\E_1_0_2\E_1_0_2_R_5\via_region_data.json
E_1_0_2_R_M_N_N_1976_85_2017.bmp308278,Non-Alcohol,C:\PycharmProjects\Alcohol Detection\dataset\Grupo_1\E_1_0\Iritech\E_1_0_2\E_1_0_2_R_5\via_region_data.json
E_1_0_2_R_M_N_N_1976_86_2017.bmp308278,Non-Alcohol,C:\PycharmProjects\Alcohol Detection\dataset\Grupo_1\E_1_0\Iritech\E_1_0_2\E_1_0_2_R_5\via_region_data.json
E_1_0_2_R_M_N_N_1976_87_2017.bmp308278,Non-Alcohol,C:\PycharmProjects\Alcohol Detection\dataset\Grupo_1\E_1_0\Iritech\E_1_0_2\E_1_0_2_R_5\via_region_data.json
E_1_0_2_R_M_N_N_1976_88_2017.bmp308278,Non-Alcohol,C:\PycharmProjects\Alcohol Detection\dataset\Grupo_1\E_1_0\Iritech\E_1_0_2\E_1_0_2_R_5\via_region_data.json
E_1_0_2_R_M_N_N_1976_89_2017.bmp308278,Non-Alcohol,C:\PycharmProjects\Alcohol Detection\dataset\Grupo_1\E_1_0\Iritech\E_1_0_2\E_1_0_2_R_5\via_region_data.json
E_1_0_2_R_M_N_N_1976_90_2017.bmp308278,Non-Alcohol,C:\PycharmProjects\Alcohol Detection\dataset\Grupo_1\E_1_0\Iritech\E_1_0_2\E_1_0_2_R_5\via_region_data.json
E_1_0_2_R_M_N_N_1976_91_2017.bmp308278,Non-Alcohol,C:\PycharmProjects\Alcohol Detection\dataset\Grupo_1\E_1_0\Iritech\E_1_0_2\E_1_0_2_R_5\via_region_data.json
E_1_0_2_R_M_N_N_1976_92_2017.bmp308278,Non-Alcohol,C:\PycharmProjects\Alcohol Detection\dataset\Grupo_1\E_1_0\Iritech\E_1_0_2\E_1_0_2_R_5\via_region_data.json
E_1_0_2_R_M_N_N_1976_93_2017.bmp308278,Non-Alcohol,C:\PycharmProjects\Alcohol Detection\dataset\Grupo_1\E_1_0\Iritech\E_1_0_2\E_1_0_2_R_5\via_region_data.json
E_1_0_2_R_M_N_N_1976_94_2017.bmp308278,Non-Alcohol,C:\PycharmProjects\Alcohol Detection\dataset\Grupo_1\E_1_0\Iritech\E_1_0_2\E_1_0_2_R_5\via_region_data.json
E_1_0_2_R_M_N_N_1976_95_2017.bmp308278,Non-Alcohol,C:\PycharmProjects\Alcohol Detection\dataset\Grupo_1\E_1_0\Iritech\E_1_0_2\E_1_0_2_R_5\via_region_data.json
E_1_0_2_R_M_N_N_1976_96_2017.bmp308278,Non-Alcohol,C:\PycharmProjects\Alcohol Detection\dataset\Grupo_1\E_1_0\Iritech\E_1_0_2\E_1_0_2_R_5\via_region_data.json
E_1_0_2_R_M_N_N_1976_97_2017.bmp308278,Non-Alcohol,C:\PycharmProjects\Alcohol Detection\dataset\Grupo_1\E_1_0\Iritech\E_1_0_2\E_1_0_2_R_5\via_region_data.json
E_1_0_2_R_M_N_N_1976_98_2017.bmp308278,Non-Alcohol,C:\PycharmProjects\Alcohol Detection\dataset\Grupo_1\E_1_0\Iritech\E_1_0_2\E_1_0_2_R_5\via_region_data.json
E_1_0_2_R_M_N_N_1976_99_2017.bmp308278,Non-Alcohol,C:\PycharmProjects\Alcohol Detection\dataset\Grupo_1\E_1_0\Iritech\E_1_0_2\E_1_0_2_R_5\via_region_data.json
E_1_0_2_R_M_N_N_1976_100_2017.bmp308278,Non-Alcohol,C:\PycharmProjects\Alcohol Detection\dataset\Grupo_1\E_1_0\Iritech\E_1_0_2\E_1_0_2_R_5\via_region_data.json
E_1_0_2_R_M_N_N_1976_101_2017.bmp308278,Non-Alcohol,C:\PycharmProjects\Alcohol Detection\dataset\Grupo_1\E_1_0\Iritech\E_1_0_2\E_1_0_2_R_5\via_region_data.json
E_1_0_2_R_M_N_N_1976_102_2017.bmp308278,Non-Alcohol,C:\PycharmProjects\Alcohol Detection\dataset\Grupo_1\E_1_0\Iritech\E_1_0_2\E_1_0_2_R_5\via_region_data.json
E_1_0_2_R_M_N_N_1976_103_2017.bmp308278,Non-Alcohol,C:\PycharmProjects\Alcohol Detection\dataset\Grupo_1\E_1_0\Iritech\E_1_0_2\E_1_0_2_R_5\via_region_data.json
E_1_0_2_R_M_N_N_1976_104_2017.bmp308278,Non-Alcohol,C:\PycharmProjects\Alcohol Detection\dataset\Grupo_1\E_1_0\Iritech\E_1_0_2\E_1_0_2_R_5\via_region_data.json
E_1_0_2_R_M_N_N_1976_105_2017.bmp308278,Non-Alcohol,C:\PycharmProjects\Alcohol Detection\dataset\Grupo_1\E_1_0\Iritech\E_1_0_2\E_1_0_2_R_5\via_region_data.json
E_1_0_2_R_M_N_N_1976_106_2017.bmp308278,Non-Alcohol,C:\PycharmProjects\Alcohol Detection\dataset\Grupo_1\E_1_0\Iritech\E_1_0_2\E_1_0_2_R_5\via_region_data.json
E_1_0_2_R_M_N_N_1976_107_2017.bmp308278,Non-Alcohol,C:\PycharmProjects\Alcohol Detection\dataset\Grupo_1\E_1_0\Iritech\E_1_0_2\E_1_0_2_R_5\via_region_data.json
E_1_0_2_R_M_N_N_1976_108_2017.bmp308278,Non-Alcohol,C:\PycharmProjects\Alcohol Detection\dataset\Grupo_1\E_1_0\Iritech\E_1_0_2\E_1_0_2_R_5\via_region_data.json
E_1_0_2_R_M_N_N_1976_109_2017.bmp308278,Non-Alcohol,C:\PycharmProjects\Alcohol Detection\dataset\Grupo_1\E_1_0\Iritech\E_1_0_2\E_1_0_2_R_5\via_region_data.json
E_1_0_2_R_M_N_N_1976_110_2017.bmp308278,Non-Alcohol,C:\PycharmProjects\Alcohol Detection\dataset\Grupo_1\E_1_0\Iritech\E_1_0_2\E_1_0_2_R_5\via_region_data.json
E_1_0_2_R_M_N_N_1976_111_2017.bmp308278,Non-Alcohol,C:\PycharmProjects\Alcohol Detection\dataset\Grupo_1\E_1_0\Iritech\E_1_0_2\E_1_0_2_R_5\via_region_data.json
E_1_0_2_R_M_N_N_1976_112_2017.bmp308278,Non-Alcohol,C:\PycharmProjects\Alcohol Detection\dataset\Grupo_1\E_1_0\Iritech\E_1_0_2\E_1_0_2_R_5\via_region_data.json
E_1_0_2_R_M_N_N_1976_113_2017.bmp308278,Non-Alcohol,C:\PycharmProjects\Alcohol Detection\dataset\Grupo_1\E_1_0\Iritech\E_1_0_2\E_1_0_2_R_5\via_region_data.json
E_1_0_2_R_M_N_N_1976_114_2017.bmp308278,Non-Alcohol,C:\PycharmProjects\Alcohol Detection\dataset\Grupo_1\E_1_0\Iritech\E_1_0_2\E_1_0_2_R_5\via_region_data.json
E_1_0_2_R_M_N_N_1976_115_2017.bmp308278,Non-Alcohol,C:\PycharmProjects\Alcohol Detection\dataset\Grupo_1\E_1_0\Iritech\E_1_0_2\E_1_0_2_R_5\via_region_data.json
E_1_0_2_R_M_N_N_1976_116_2017.bmp308278,Non-Alcohol,C:\PycharmProjects\Alcohol Detection\dataset\Grupo_1\E_1_0\Iritech\E_1_0_2\E_1_0_2_R_5\via_region_data.json
E_1_0_2_R_M_N_N_1976_117_2017.bmp308278,Non-Alcohol,C:\PycharmProjects\Alcohol Detection\dataset\Grupo_1\E_1_0\Iritech\E_1_0_2\E_1_0_2_R_5\via_region_data.json
E_1_0_2_R_M_N_N_1976_118_2017.bmp308278,Non-Alcohol,C:\PycharmProjects\Alcohol Detection\dataset\Grupo_1\E_1_0\Iritech\E_1_0_2\E_1_0_2_R_5\via_region_data.json
E_1_0_2_R_M_N_N_1976_119_2017.bmp308278,Non-Alcohol,C:\PycharmProjects\Alcohol Detection\dataset\Grupo_1\E_1_0\Iritech\E_1_0_2\E_1_0_2_R_5\via_region_data.json
E_1_0_2_R_M_N_N_1976_120_2017.bmp308278,Non-Alcohol,C:\PycharmProjects\Alcohol Detection\dataset\Grupo_1\E_1_0\Iritech\E_1_0_2\E_1_0_2_R_5\via_region_data.json
E_1_0_2_R_M_N_N_1976_121_2017.bmp308278,Non-Alcohol,C:\PycharmProjects\Alcohol Detection\dataset\Grupo_1\E_1_0\Iritech\E_1_0_2\E_1_0_2_R_5\via_region_data.json
E_1_0_2_R_M_N_N_1976_122_2017.bmp308278,Non-Alcohol,C:\PycharmProjects\Alcohol Detection\dataset\Grupo_1\E_1_0\Iritech\E_1_0_2\E_1_0_2_R_5\via_region_data.json
E_1_0_2_R_M_N_N_1976_123_2017.bmp308278,Non-Alcohol,C:\PycharmProjects\Alcohol Detection\dataset\Grupo_1\E_1_0\Iritech\E_1_0_2\E_1_0_2_R_5\via_region_data.json
E_1_0_2_R_M_N_N_1976_124_2017.bmp308278,Non-Alcohol,C:\PycharmProjects\Alcohol Detection\dataset\Grupo_1\E_1_0\Iritech\E_1_0_2\E_1_0_2_R_5\via_region_data.json
E_1_0_2_R_M_N_N_1976_125_2017.bmp308278,Non-Alcohol,C:\PycharmProjects\Alcohol Detection\dataset\Grupo_1\E_1_0\Iritech\E_1_0_2\E_1_0_2_R_5\via_region_data.json
E_1_0_2_R_M_N_N_1976_126_2017.bmp308278,Non-Alcohol,C:\PycharmProjects\Alcohol Detection\dataset\Grupo_1\E_1_0\Iritech\E_1_0_2\E_1_0_2_R_5\via_region_data.json
E_1_0_2_R_M_N_N_1976_127_2017.bmp308278,Non-Alcohol,C:\PycharmProjects\Alcohol Detection\dataset\Grupo_1\E_1_0\Iritech\E_1_0_2\E_1_0_2_R_5\via_region_data.json
E_1_0_2_R_M_N_N_1976_128_2017.bmp308278,Non-Alcohol,C:\PycharmProjects\Alcohol Detection\dataset\Grupo_1\E_1_0\Iritech\E_1_0_2\E_1_0_2_R_5\via_region_data.json
E_1_0_2_R_M_N_N_1976_129_2017.bmp308278,Non-Alcohol,C:\PycharmProjects\Alcohol Detection\dataset\Grupo_1\E_1_0\Iritech\E_1_0_2\E_1_0_2_R_5\via_region_data.json
E_1_0_2_R_M_N_N_1976_130_2017.bmp308278,Non-Alcohol,C:\PycharmProjects\Alcohol Detection\dataset\Grupo_1\E_1_0\Iritech\E_1_0_2\E_1_0_2_R_5\via_region_data.json
E_1_0_2_R_M_N_N_1976_131_2017.bmp308278,Non-Alcohol,C:\PycharmProjects\Alcohol Detection\dataset\Grupo_1\E_1_0\Iritech\E_1_0_2\E_1_0_2_R_5\via_region_data.json
E_1_0_2_R_M_N_N_1976_132_2017.bmp308278,Non-Alcohol,C:\PycharmProjects\Alcohol Detection\dataset\Grupo_1\E_1_0\Iritech\E_1_0_2\E_1_0_2_R_5\via_region_data.json
E_1_0_2_R_M_N_N_1976_133_2017.bmp308278,Non-Alcohol,C:\PycharmProjects\Alcohol Detection\dataset\Grupo_1\E_1_0\Iritech\E_1_0_2\E_1_0_2_R_5\via_region_data.json
E_1_0_2_R_M_N_N_1976_134_2017.bmp308278,Non-Alcohol,C:\PycharmProjects\Alcohol Detection\dataset\Grupo_1\E_1_0\Iritech\E_1_0_2\E_1_0_2_R_5\via_region_data.json
E_1_0_2_R_M_N_N_1976_135_2017.bmp308278,Non-Alcohol,C:\PycharmProjects\Alcohol Detection\dataset\Grupo_1\E_1_0\Iritech\E_1_0_2\E_1_0_2_R_5\via_region_data.json
E_1_0_2_R_M_N_N_1976_136_2017.bmp308278,Non-Alcohol,C:\PycharmProjects\Alcohol Detection\dataset\Grupo_1\E_1_0\Iritech\E_1_0_2\E_1_0_2_R_5\via_region_data.json
E_1_0_2_R_M_N_N_1976_137_2017.bmp308278,Non-Alcohol,C:\PycharmProjects\Alcohol Detection\dataset\Grupo_1\E_1_0\Iritech\E_1_0_2\E_1_0_2_R_5\via_region_data.json
E_1_0_2_R_M_N_N_1976_138_2017.bmp308278,Non-Alcohol,C:\PycharmProjects\Alcohol Detection\dataset\Grupo_1\E_1_0\Iritech\E_1_0_2\E_1_0_2_R_5\via_region_data.json
E_1_0_2_R_M_N_N_1976_139_2017.bmp308278,Non-Alcohol,C:\PycharmProjects\Alcohol Detection\dataset\Grupo_1\E_1_0\Iritech\E_1_0_2\E_1_0_2_R_5\via_region_data.json
E_1_0_2_R_M_N_N_1976_140_2017.bmp308278,Non-Alcohol,C:\PycharmProjects\Alcohol Detection\dataset\Grupo_1\E_1_0\Iritech\E_1_0_2\E_1_0_2_R_5\via_region_data.json
E_1_0_2_R_M_N_N_1976_141_2017.bmp308278,Non-Alcohol,C:\PycharmProjects\Alcohol Detection\dataset\Grupo_1\E_1_0\Iritech\E_1_0_2\E_1_0_2_R_5\via_region_data.json
E_1_0_2_R_M_N_N_1976_142_2017.bmp308278,Non-Alcohol,C:\PycharmProjects\Alcohol Detection\dataset\Grupo_1\E_1_0\Iritech\E_1_0_2\E_1_0_2_R_5\via_region_data.json
E_1_0_2_R_M_N_N_1976_143_2017.bmp308278,Non-Alcohol,C:\PycharmProjects\Alcohol Detection\dataset\Grupo_1\E_1_0\Iritech\E_1_0_2\E_1_0_2_R_5\via_region_data.json
E_1_0_2_R_M_N_N_1976_144_2017.bmp308278,Non-Alcohol,C:\PycharmProjects\Alcohol Detection\dataset\Grupo_1\E_1_0\Iritech\E_1_0_2\E_1_0_2_R_5\via_region_data.json
E_1_0_2_R_M_N_N_1976_145_2017.bmp308278,Non-Alcohol,C:\PycharmProjects\Alcohol Detection\dataset\Grupo_1\E_1_0\Iritech\E_1_0_2\E_1_0_2_R_5\via_region_data.json
E_1_0_2_R_M_N_N_1976_146_2017.bmp308278,Non-Alcohol,C:\PycharmProjects\Alcohol Detection\dataset\Grupo_1\E_1_0\Iritech\E_1_0_2\E_1_0_2_R_5\via_region_data.json
E_1_0_2_R_M_N_N_1976_147_2017.bmp308278,Non-Alcohol,C:\PycharmProjects\Alcohol Detection\dataset\Grupo_1\E_1_0\Iritech\E_1_0_2\E_1_0_2_R_5\via_region_data.json
E_1_0_2_R_M_N_N_1976_148_2017.bmp308278,Non-Alcohol,C:\PycharmProjects\Alcohol Detection\dataset\Grupo_1\E_1_0\Iritech\E_1_0_2\E_1_0_2_R_5\via_region_data.json
E_1_0_2_R_M_N_N_1976_149_2017.bmp308278,Non-Alcohol,C:\PycharmProjects\Alcohol Detection\dataset\Grupo_1\E_1_0\Iritech\E_1_0_2\E_1_0_2_R_5\via_region_data.json
E_1_0_2_R_M_N_N_1976_150_2017.bmp308278,Non-Alcohol,C:\PycharmProjects\Alcohol Detection\dataset\Grupo_1\E_1_0\Iritech\E_1_0_2\E_1_0_2_R_5\via_region_data.json
E_1_0_2_R_M_N_N_1976_151_2017.bmp308278,Non-Alcohol,C:\PycharmProjects\Alcohol Detection\dataset\Grupo_1\E_1_0\Iritech\E_1_0_2\E_1_0_2_R_5\via_region_data.json
E_1_0_2_R_M_N_N_1976_152_2017.bmp308278,Non-Alcohol,C:\PycharmProjects\Alcohol Detection\dataset\Grupo_1\E_1_0\Iritech\E_1_0_2\E_1_0_2_R_5\via_region_data.json
E_1_0_2_R_M_N_N_1976_153_2017.bmp308278,Non-Alcohol,C:\PycharmProjects\Alcohol Detection\dataset\Grupo_1\E_1_0\Iritech\E_1_0_2\E_1_0_2_R_5\via_region_data.json
E_1_0_2_R_M_N_N_1976_154_2017.bmp308278,Non-Alcohol,C:\PycharmProjects\Alcohol Detection\dataset\Grupo_1\E_1_0\Iritech\E_1_0_2\E_1_0_2_R_5\via_region_data.json
E_1_0_2_R_M_N_N_1976_155_2017.bmp308278,Non-Alcohol,C:\PycharmProjects\Alcohol Detection\dataset\Grupo_1\E_1_0\Iritech\E_1_0_2\E_1_0_2_R_5\via_region_data.json
E_1_0_2_R_M_N_N_1976_156_2017.bmp308278,Non-Alcohol,C:\PycharmProjects\Alcohol Detection\dataset\Grupo_1\E_1_0\Iritech\E_1_0_2\E_1_0_2_R_5\via_region_data.json
E_1_0_2_R_M_N_N_1976_157_2017.bmp308278,Non-Alcohol,C:\PycharmProjects\Alcohol Detection\dataset\Grupo_1\E_1_0\Iritech\E_1_0_2\E_1_0_2_R_5\via_region_data.json
E_1_0_0_L_M_N_N_1976_0_2017.bmp308278,Non-Alcohol,C:\PycharmProjects\Alcohol Detection\dataset\Grupo_1\E_1_0\LG\E_1_0_0\E_1_0_0_R_10\via_region_data.json
E_1_0_0_L_M_N_N_1976_1_2017.bmp308278,Non-Alcohol,C:\PycharmProjects\Alcohol Detection\dataset\Grupo_1\E_1_0\LG\E_1_0_0\E_1_0_0_R_10\via_region_data.json
E_1_0_0_L_M_N_N_1976_2_2017.bmp308278,Non-Alcohol,C:\PycharmProjects\Alcohol Detection\dataset\Grupo_1\E_1_0\LG\E_1_0_0\E_1_0_0_R_10\via_region_data.json
E_1_0_0_L_M_N_N_1976_3_2017.bmp308278,Non-Alcohol,C:\PycharmProjects\Alcohol Detection\dataset\Grupo_1\E_1_0\LG\E_1_0_0\E_1_0_0_R_10\via_region_data.json
E_1_0_0_L_M_N_N_1976_4_2017.bmp308278,Non-Alcohol,C:\PycharmProjects\Alcohol Detection\dataset\Grupo_1\E_1_0\LG\E_1_0_0\E_1_0_0_R_10\via_region_data.json
E_1_0_0_L_M_N_N_1976_5_2017.bmp308278,Non-Alcohol,C:\PycharmProjects\Alcohol Detection\dataset\Grupo_1\E_1_0\LG\E_1_0_0\E_1_0_0_R_10\via_region_data.json
E_1_0_0_L_M_N_N_1976_6_2017.bmp308278,Non-Alcohol,C:\PycharmProjects\Alcohol Detection\dataset\Grupo_1\E_1_0\LG\E_1_0_0\E_1_0_0_R_10\via_region_data.json
E_1_0_0_L_M_N_N_1976_7_2017.bmp308278,Non-Alcohol,C:\PycharmProjects\Alcohol Detection\dataset\Grupo_1\E_1_0\LG\E_1_0_0\E_1_0_0_R_10\via_region_data.json
E_1_0_0_L_M_N_N_1976_8_2017.bmp308278,Non-Alcohol,C:\PycharmProjects\Alcohol Detection\dataset\Grupo_1\E_1_0\LG\E_1_0_0\E_1_0_0_R_10\via_region_data.json
E_1_0_0_L_M_N_N_1976_9_2017.bmp308278,Non-Alcohol,C:\PycharmProjects\Alcohol Detection\dataset\Grupo_1\E_1_0\LG\E_1_0_0\E_1_0_0_R_10\via_region_data.json
E_1_0_0_R_M_N_N_1976_0_2017.bmp308278,Non-Alcohol,C:\PycharmProjects\Alcohol Detection\dataset\Grupo_1\E_1_0\LG\E_1_0_0\E_1_0_0_R_10\via_region_data.json
E_1_0_0_R_M_N_N_1976_1_2017.bmp308278,Non-Alcohol,C:\PycharmProjects\Alcohol Detection\dataset\Grupo_1\E_1_0\LG\E_1_0_0\E_1_0_0_R_10\via_region_data.json
E_1_0_0_R_M_N_N_1976_2_2017.bmp308278,Non-Alcohol,C:\PycharmProjects\Alcohol Detection\dataset\Grupo_1\E_1_0\LG\E_1_0_0\E_1_0_0_R_10\via_region_data.json
E_1_0_0_R_M_N_N_1976_3_2017.bmp308278,Non-Alcohol,C:\PycharmProjects\Alcohol Detection\dataset\Grupo_1\E_1_0\LG\E_1_0_0\E_1_0_0_R_10\via_region_data.json
E_1_0_0_R_M_N_N_1976_4_2017.bmp308278,Non-Alcohol,C:\PycharmProjects\Alcohol Detection\dataset\Grupo_1\E_1_0\LG\E_1_0_0\E_1_0_0_R_10\via_region_data.json
E_1_0_0_R_M_N_N_1976_5_2017.bmp308278,Non-Alcohol,C:\PycharmProjects\Alcohol Detection\dataset\Grupo_1\E_1_0\LG\E_1_0_0\E_1_0_0_R_10\via_region_data.json
E_1_0_0_R_M_N_N_1976_6_2017.bmp308278,Non-Alcohol,C:\PycharmProjects\Alcohol Detection\dataset\Grupo_1\E_1_0\LG\E_1_0_0\E_1_0_0_R_10\via_region_data.json
E_1_0_0_R_M_N_N_1976_7_2017.bmp308278,Non-Alcohol,C:\PycharmProjects\Alcohol Detection\dataset\Grupo_1\E_1_0\LG\E_1_0_0\E_1_0_0_R_10\via_region_data.json
E_1_0_0_R_M_N_N_1976_8_2017.bmp308278,Non-Alcohol,C:\PycharmProjects\Alcohol Detection\dataset\Grupo_1\E_1_0\LG\E_1_0_0\E_1_0_0_R_10\via_region_data.json
E_1_0_0_R_M_N_N_1976_9_2017.bmp308278,Non-Alcohol,C:\PycharmProjects\Alcohol Detection\dataset\Grupo_1\E_1_0\LG\E_1_0_0\E_1_0_0_R_10\via_region_data.json
E_1_0_1_L_M_N_N_1976_0_2017.bmp308278,Non-Alcohol,C:\PycharmProjects\Alcohol Detection\dataset\Grupo_1\E_1_0\LG\E_1_0_1\E_1_0_1_R_10\via_region_data.json
E_1_0_1_L_M_N_N_1976_1_2017.bmp308278,Non-Alcohol,C:\PycharmProjects\Alcohol Detection\dataset\Grupo_1\E_1_0\LG\E_1_0_1\E_1_0_1_R_10\via_region_data.json
E_1_0_1_L_M_N_N_1976_2_2017.bmp308278,Non-Alcohol,C:\PycharmProjects\Alcohol Detection\dataset\Grupo_1\E_1_0\LG\E_1_0_1\E_1_0_1_R_10\via_region_data.json
E_1_0_1_L_M_N_N_1976_3_2017.bmp308278,Non-Alcohol,C:\PycharmProjects\Alcohol Detection\dataset\Grupo_1\E_1_0\LG\E_1_0_1\E_1_0_1_R_10\via_region_data.json
E_1_0_1_L_M_N_N_1976_4_2017.bmp308278,Non-Alcohol,C:\PycharmProjects\Alcohol Detection\dataset\Grupo_1\E_1_0\LG\E_1_0_1\E_1_0_1_R_10\via_region_data.json
E_1_0_1_L_M_N_N_1976_5_2017.bmp308278,Non-Alcohol,C:\PycharmProjects\Alcohol Detection\dataset\Grupo_1\E_1_0\LG\E_1_0_1\E_1_0_1_R_10\via_region_data.json
E_1_0_1_L_M_N_N_1976_6_2017.bmp308278,Non-Alcohol,C:\PycharmProjects\Alcohol Detection\dataset\Grupo_1\E_1_0\LG\E_1_0_1\E_1_0_1_R_10\via_region_data.json
E_1_0_1_L_M_N_N_1976_7_2017.bmp308278,Non-Alcohol,C:\PycharmProjects\Alcohol Detection\dataset\Grupo_1\E_1_0\LG\E_1_0_1\E_1_0_1_R_10\via_region_data.json
E_1_0_1_L_M_N_N_1976_8_2017.bmp308278,Non-Alcohol,C:\PycharmProjects\Alcohol Detection\dataset\Grupo_1\E_1_0\LG\E_1_0_1\E_1_0_1_R_10\via_region_data.json
E_1_0_1_L_M_N_N_1976_9_2017.bmp308278,Non-Alcohol,C:\PycharmProjects\Alcohol Detection\dataset\Grupo_1\E_1_0\LG\E_1_0_1\E_1_0_1_R_10\via_region_data.json
E_1_0_1_R_M_N_N_1976_0_2017.bmp308278,Non-Alcohol,C:\PycharmProjects\Alcohol Detection\dataset\Grupo_1\E_1_0\LG\E_1_0_1\E_1_0_1_R_10\via_region_data.json
E_1_0_1_R_M_N_N_1976_1_2017.bmp308278,Non-Alcohol,C:\PycharmProjects\Alcohol Detection\dataset\Grupo_1\E_1_0\LG\E_1_0_1\E_1_0_1_R_10\via_region_data.json
E_1_0_1_R_M_N_N_1976_2_2017.bmp308278,Non-Alcohol,C:\PycharmProjects\Alcohol Detection\dataset\Grupo_1\E_1_0\LG\E_1_0_1\E_1_0_1_R_10\via_region_data.json
E_1_0_1_R_M_N_N_1976_3_2017.bmp308278,Non-Alcohol,C:\PycharmProjects\Alcohol Detection\dataset\Grupo_1\E_1_0\LG\E_1_0_1\E_1_0_1_R_10\via_region_data.json
E_1_0_1_R_M_N_N_1976_4_2017.bmp308278,Non-Alcohol,C:\PycharmProjects\Alcohol Detection\dataset\Grupo_1\E_1_0\LG\E_1_0_1\E_1_0_1_R_10\via_region_data.json
E_1_0_1_R_M_N_N_1976_5_2017.bmp308278,Non-Alcohol,C:\PycharmProjects\Alcohol Detection\dataset\Grupo_1\E_1_0\LG\E_1_0_1\E_1_0_1_R_10\via_region_data.json
E_1_0_1_R_M_N_N_1976_6_2017.bmp308278,Non-Alcohol,C:\PycharmProjects\Alcohol Detection\dataset\Grupo_1\E_1_0\LG\E_1_0_1\E_1_0_1_R_10\via_region_data.json
E_1_0_1_R_M_N_N_1976_7_2017.bmp308278,Non-Alcohol,C:\PycharmProjects\Alcohol Detection\dataset\Grupo_1\E_1_0\LG\E_1_0_1\E_1_0_1_R_10\via_region_data.json
E_1_0_1_R_M_N_N_1976_8_2017.bmp308278,Non-Alcohol,C:\PycharmProjects\Alcohol Detection\dataset\Grupo_1\E_1_0\LG\E_1_0_1\E_1_0_1_R_10\via_region_data.json
E_1_0_1_R_M_N_N_1976_9_2017.bmp308278,Non-Alcohol,C:\PycharmProjects\Alcohol Detection\dataset\Grupo_1\E_1_0\LG\E_1_0_1\E_1_0_1_R_10\via_region_data.json
E_1_0_2_L_M_N_N_1976_0_2017.bmp308278,Non-Alcohol,C:\PycharmProjects\Alcohol Detection\dataset\Grupo_1\E_1_0\LG\E_1_0_2\E_1_0_2_R_10\via_region_data.json
E_1_0_2_L_M_N_N_1976_1_2017.bmp308278,Non-Alcohol,C:\PycharmProjects\Alcohol Detection\dataset\Grupo_1\E_1_0\LG\E_1_0_2\E_1_0_2_R_10\via_region_data.json
E_1_0_2_L_M_N_N_1976_2_2017.bmp308278,Non-Alcohol,C:\PycharmProjects\Alcohol Detection\dataset\Grupo_1\E_1_0\LG\E_1_0_2\E_1_0_2_R_10\via_region_data.json
E_1_0_2_L_M_N_N_1976_3_2017.bmp308278,Non-Alcohol,C:\PycharmProjects\Alcohol Detection\dataset\Grupo_1\E_1_0\LG\E_1_0_2\E_1_0_2_R_10\via_region_data.json
E_1_0_2_L_M_N_N_1976_4_2017.bmp308278,Non-Alcohol,C:\PycharmProjects\Alcohol Detection\dataset\Grupo_1\E_1_0\LG\E_1_0_2\E_1_0_2_R_10\via_region_data.json
E_1_0_2_L_M_N_N_1976_5_2017.bmp308278,Non-Alcohol,C:\PycharmProjects\Alcohol Detection\dataset\Grupo_1\E_1_0\LG\E_1_0_2\E_1_0_2_R_10\via_region_data.json
E_1_0_2_L_M_N_N_1976_6_2017.bmp308278,Non-Alcohol,C:\PycharmProjects\Alcohol Detection\dataset\Grupo_1\E_1_0\LG\E_1_0_2\E_1_0_2_R_10\via_region_data.json
E_1_0_2_L_M_N_N_1976_7_2017.bmp308278,Non-Alcohol,C:\PycharmProjects\Alcohol Detection\dataset\Grupo_1\E_1_0\LG\E_1_0_2\E_1_0_2_R_10\via_region_data.json
E_1_0_2_L_M_N_N_1976_8_2017.bmp308278,Non-Alcohol,C:\PycharmProjects\Alcohol Detection\dataset\Grupo_1\E_1_0\LG\E_1_0_2\E_1_0_2_R_10\via_region_data.json
E_1_0_2_L_M_N_N_1976_9_2017.bmp308278,Non-Alcohol,C:\PycharmProjects\Alcohol Detection\dataset\Grupo_1\E_1_0\LG\E_1_0_2\E_1_0_2_R_10\via_region_data.json
E_1_0_2_R_M_N_N_1976_0_2017.bmp308278,Non-Alcohol,C:\PycharmProjects\Alcohol Detection\dataset\Grupo_1\E_1_0\LG\E_1_0_2\E_1_0_2_R_10\via_region_data.json
E_1_0_2_R_M_N_N_1976_1_2017.bmp308278,Non-Alcohol,C:\PycharmProjects\Alcohol Detection\dataset\Grupo_1\E_1_0\LG\E_1_0_2\E_1_0_2_R_10\via_region_data.json
E_1_0_2_R_M_N_N_1976_2_2017.bmp308278,Non-Alcohol,C:\PycharmProjects\Alcohol Detection\dataset\Grupo_1\E_1_0\LG\E_1_0_2\E_1_0_2_R_10\via_region_data.json
E_1_0_2_R_M_N_N_1976_3_2017.bmp308278,Non-Alcohol,C:\PycharmProjects\Alcohol Detection\dataset\Grupo_1\E_1_0\LG\E_1_0_2\E_1_0_2_R_10\via_region_data.json
E_1_0_2_R_M_N_N_1976_4_2017.bmp308278,Non-Alcohol,C:\PycharmProjects\Alcohol Detection\dataset\Grupo_1\E_1_0\LG\E_1_0_2\E_1_0_2_R_10\via_region_data.json
E_1_0_2_R_M_N_N_1976_5_2017.bmp308278,Non-Alcohol,C:\PycharmProjects\Alcohol Detection\dataset\Grupo_1\E_1_0\LG\E_1_0_2\E_1_0_2_R_10\via_region_data.json
E_1_0_2_R_M_N_N_1976_6_2017.bmp308278,Non-Alcohol,C:\PycharmProjects\Alcohol Detection\dataset\Grupo_1\E_1_0\LG\E_1_0_2\E_1_0_2_R_10\via_region_data.json
E_1_0_2_R_M_N_N_1976_7_2017.bmp308278,Non-Alcohol,C:\PycharmProjects\Alcohol Detection\dataset\Grupo_1\E_1_0\LG\E_1_0_2\E_1_0_2_R_10\via_region_data.json
E_1_0_2_R_M_N_N_1976_8_2017.bmp308278,Non-Alcohol,C:\PycharmProjects\Alcohol Detection\dataset\Grupo_1\E_1_0\LG\E_1_0_2\E_1_0_2_R_10\via_region_data.json
E_1_0_2_R_M_N_N_1976_9_2017.bmp308278,Non-Alcohol,C:\PycharmProjects\Alcohol Detection\dataset\Grupo_1\E_1_0\LG\E_1_0_2\E_1_0_2_R_10\via_region_data.json
E_1_1_0_L_M_N_N_1983_0_2017.bmp308278,Non-Alcohol,C:\PycharmProjects\Alcohol Detection\dataset\Grupo_1\E_1_1\IriTech\E_1_1_0\via_region_data.json
E_1_1_0_R_M_N_N_1983_0_2017.bmp308278,Non-Alcohol,C:\PycharmProjects\Alcohol Detection\dataset\Grupo_1\E_1_1\IriTech\E_1_1_0\via_region_data.json
E_1_1_0_L_M_N_N_1983_0_2017.bmp308278,Non-Alcohol,C:\PycharmProjects\Alcohol Detection\dataset\Grupo_1\E_1_1\IriTech\E_1_1_0\E_1_1_0_L_5\via_region_data.json
E_1_1_0_L_M_N_N_1983_1_2017.bmp308278,Non-Alcohol,C:\PycharmProjects\Alcohol Detection\dataset\Grupo_1\E_1_1\IriTech\E_1_1_0\E_1_1_0_L_5\via_region_data.json
E_1_1_0_L_M_N_N_1983_2_2017.bmp308278,Non-Alcohol,C:\PycharmProjects\Alcohol Detection\dataset\Grupo_1\E_1_1\IriTech\E_1_1_0\E_1_1_0_L_5\via_region_data.json
E_1_1_0_L_M_N_N_1983_3_2017.bmp308278,Non-Alcohol,C:\PycharmProjects\Alcohol Detection\dataset\Grupo_1\E_1_1\IriTech\E_1_1_0\E_1_1_0_L_5\via_region_data.json
E_1_1_0_L_M_N_N_1983_4_2017.bmp308278,Non-Alcohol,C:\PycharmProjects\Alcohol Detection\dataset\Grupo_1\E_1_1\IriTech\E_1_1_0\E_1_1_0_L_5\via_region_data.json
E_1_1_0_L_M_N_N_1983_5_2017.bmp308278,Non-Alcohol,C:\PycharmProjects\Alcohol Detection\dataset\Grupo_1\E_1_1\IriTech\E_1_1_0\E_1_1_0_L_5\via_region_data.json
E_1_1_0_L_M_N_N_1983_6_2017.bmp308278,Non-Alcohol,C:\PycharmProjects\Alcohol Detection\dataset\Grupo_1\E_1_1\IriTech\E_1_1_0\E_1_1_0_L_5\via_region_data.json
E_1_1_0_L_M_N_N_1983_7_2017.bmp308278,Non-Alcohol,C:\PycharmProjects\Alcohol Detection\dataset\Grupo_1\E_1_1\IriTech\E_1_1_0\E_1_1_0_L_5\via_region_data.json
E_1_1_0_L_M_N_N_1983_8_2017.bmp308278,Non-Alcohol,C:\PycharmProjects\Alcohol Detection\dataset\Grupo_1\E_1_1\IriTech\E_1_1_0\E_1_1_0_L_5\via_region_data.json
E_1_1_0_L_M_N_N_1983_9_2017.bmp308278,Non-Alcohol,C:\PycharmProjects\Alcohol Detection\dataset\Grupo_1\E_1_1\IriTech\E_1_1_0\E_1_1_0_L_5\via_region_data.json
E_1_1_0_L_M_N_N_1983_10_2017.bmp308278,Non-Alcohol,C:\PycharmProjects\Alcohol Detection\dataset\Grupo_1\E_1_1\IriTech\E_1_1_0\E_1_1_0_L_5\via_region_data.json
E_1_1_0_L_M_N_N_1983_11_2017.bmp308278,Non-Alcohol,C:\PycharmProjects\Alcohol Detection\dataset\Grupo_1\E_1_1\IriTech\E_1_1_0\E_1_1_0_L_5\via_region_data.json
E_1_1_0_L_M_N_N_1983_12_2017.bmp308278,Non-Alcohol,C:\PycharmProjects\Alcohol Detection\dataset\Grupo_1\E_1_1\IriTech\E_1_1_0\E_1_1_0_L_5\via_region_data.json
E_1_1_0_L_M_N_N_1983_13_2017.bmp308278,Non-Alcohol,C:\PycharmProjects\Alcohol Detection\dataset\Grupo_1\E_1_1\IriTech\E_1_1_0\E_1_1_0_L_5\via_region_data.json
E_1_1_0_L_M_N_N_1983_14_2017.bmp308278,Non-Alcohol,C:\PycharmProjects\Alcohol Detection\dataset\Grupo_1\E_1_1\IriTech\E_1_1_0\E_1_1_0_L_5\via_region_data.json
E_1_1_0_L_M_N_N_1983_15_2017.bmp308278,Non-Alcohol,C:\PycharmProjects\Alcohol Detection\dataset\Grupo_1\E_1_1\IriTech\E_1_1_0\E_1_1_0_L_5\via_region_data.json
E_1_1_0_L_M_N_N_1983_16_2017.bmp308278,Non-Alcohol,C:\PycharmProjects\Alcohol Detection\dataset\Grupo_1\E_1_1\IriTech\E_1_1_0\E_1_1_0_L_5\via_region_data.json
E_1_1_0_L_M_N_N_1983_17_2017.bmp308278,Non-Alcohol,C:\PycharmProjects\Alcohol Detection\dataset\Grupo_1\E_1_1\IriTech\E_1_1_0\E_1_1_0_L_5\via_region_data.json
E_1_1_0_L_M_N_N_1983_18_2017.bmp308278,Non-Alcohol,C:\PycharmProjects\Alcohol Detection\dataset\Grupo_1\E_1_1\IriTech\E_1_1_0\E_1_1_0_L_5\via_region_data.json
E_1_1_0_L_M_N_N_1983_19_2017.bmp308278,Non-Alcohol,C:\PycharmProjects\Alcohol Detection\dataset\Grupo_1\E_1_1\IriTech\E_1_1_0\E_1_1_0_L_5\via_region_data.json
E_1_1_0_L_M_N_N_1983_20_2017.bmp308278,Non-Alcohol,C:\PycharmProjects\Alcohol Detection\dataset\Grupo_1\E_1_1\IriTech\E_1_1_0\E_1_1_0_L_5\via_region_data.json
E_1_1_0_L_M_N_N_1983_21_2017.bmp308278,Non-Alcohol,C:\PycharmProjects\Alcohol Detection\dataset\Grupo_1\E_1_1\IriTech\E_1_1_0\E_1_1_0_L_5\via_region_data.json
E_1_1_0_L_M_N_N_1983_22_2017.bmp308278,Non-Alcohol,C:\PycharmProjects\Alcohol Detection\dataset\Grupo_1\E_1_1\IriTech\E_1_1_0\E_1_1_0_L_5\via_region_data.json
E_1_1_0_L_M_N_N_1983_23_2017.bmp308278,Non-Alcohol,C:\PycharmProjects\Alcohol Detection\dataset\Grupo_1\E_1_1\IriTech\E_1_1_0\E_1_1_0_L_5\via_region_data.json
E_1_1_0_L_M_N_N_1983_24_2017.bmp308278,Non-Alcohol,C:\PycharmProjects\Alcohol Detection\dataset\Grupo_1\E_1_1\IriTech\E_1_1_0\E_1_1_0_L_5\via_region_data.json
E_1_1_0_L_M_N_N_1983_25_2017.bmp308278,Non-Alcohol,C:\PycharmProjects\Alcohol Detection\dataset\Grupo_1\E_1_1\IriTech\E_1_1_0\E_1_1_0_L_5\via_region_data.json
E_1_1_0_L_M_N_N_1983_26_2017.bmp308278,Non-Alcohol,C:\PycharmProjects\Alcohol Detection\dataset\Grupo_1\E_1_1\IriTech\E_1_1_0\E_1_1_0_L_5\via_region_data.json
E_1_1_0_L_M_N_N_1983_27_2017.bmp308278,Non-Alcohol,C:\PycharmProjects\Alcohol Detection\dataset\Grupo_1\E_1_1\IriTech\E_1_1_0\E_1_1_0_L_5\via_region_data.json
E_1_1_0_L_M_N_N_1983_28_2017.bmp308278,Non-Alcohol,C:\PycharmProjects\Alcohol Detection\dataset\Grupo_1\E_1_1\IriTech\E_1_1_0\E_1_1_0_L_5\via_region_data.json
E_1_1_0_L_M_N_N_1983_29_2017.bmp308278,Non-Alcohol,C:\PycharmProjects\Alcohol Detection\dataset\Grupo_1\E_1_1\IriTech\E_1_1_0\E_1_1_0_L_5\via_region_data.json
E_1_1_0_L_M_N_N_1983_30_2017.bmp308278,Non-Alcohol,C:\PycharmProjects\Alcohol Detection\dataset\Grupo_1\E_1_1\IriTech\E_1_1_0\E_1_1_0_L_5\via_region_data.json
E_1_1_0_L_M_N_N_1983_31_2017.bmp308278,Non-Alcohol,C:\PycharmProjects\Alcohol Detection\dataset\Grupo_1\E_1_1\IriTech\E_1_1_0\E_1_1_0_L_5\via_region_data.json
E_1_1_0_L_M_N_N_1983_32_2017.bmp308278,Non-Alcohol,C:\PycharmProjects\Alcohol Detection\dataset\Grupo_1\E_1_1\IriTech\E_1_1_0\E_1_1_0_L_5\via_region_data.json
E_1_1_0_L_M_N_N_1983_33_2017.bmp308278,Non-Alcohol,C:\PycharmProjects\Alcohol Detection\dataset\Grupo_1\E_1_1\IriTech\E_1_1_0\E_1_1_0_L_5\via_region_data.json
E_1_1_0_L_M_N_N_1983_34_2017.bmp308278,Non-Alcohol,C:\PycharmProjects\Alcohol Detection\dataset\Grupo_1\E_1_1\IriTech\E_1_1_0\E_1_1_0_L_5\via_region_data.json
E_1_1_0_L_M_N_N_1983_35_2017.bmp308278,Non-Alcohol,C:\PycharmProjects\Alcohol Detection\dataset\Grupo_1\E_1_1\IriTech\E_1_1_0\E_1_1_0_L_5\via_region_data.json
E_1_1_0_L_M_N_N_1983_36_2017.bmp308278,Non-Alcohol,C:\PycharmProjects\Alcohol Detection\dataset\Grupo_1\E_1_1\IriTech\E_1_1_0\E_1_1_0_L_5\via_region_data.json
E_1_1_0_L_M_N_N_1983_37_2017.bmp308278,Non-Alcohol,C:\PycharmProjects\Alcohol Detection\dataset\Grupo_1\E_1_1\IriTech\E_1_1_0\E_1_1_0_L_5\via_region_data.json
E_1_1_0_L_M_N_N_1983_38_2017.bmp308278,Non-Alcohol,C:\PycharmProjects\Alcohol Detection\dataset\Grupo_1\E_1_1\IriTech\E_1_1_0\E_1_1_0_L_5\via_region_data.json
E_1_1_0_L_M_N_N_1983_39_2017.bmp308278,Non-Alcohol,C:\PycharmProjects\Alcohol Detection\dataset\Grupo_1\E_1_1\IriTech\E_1_1_0\E_1_1_0_L_5\via_region_data.json
E_1_1_0_L_M_N_N_1983_40_2017.bmp308278,Non-Alcohol,C:\PycharmProjects\Alcohol Detection\dataset\Grupo_1\E_1_1\IriTech\E_1_1_0\E_1_1_0_L_5\via_region_data.json
E_1_1_0_L_M_N_N_1983_41_2017.bmp308278,Non-Alcohol,C:\PycharmProjects\Alcohol Detection\dataset\Grupo_1\E_1_1\IriTech\E_1_1_0\E_1_1_0_L_5\via_region_data.json
E_1_1_0_L_M_N_N_1983_42_2017.bmp308278,Non-Alcohol,C:\PycharmProjects\Alcohol Detection\dataset\Grupo_1\E_1_1\IriTech\E_1_1_0\E_1_1_0_L_5\via_region_data.json
E_1_1_0_L_M_N_N_1983_43_2017.bmp308278,Non-Alcohol,C:\PycharmProjects\Alcohol Detection\dataset\Grupo_1\E_1_1\IriTech\E_1_1_0\E_1_1_0_L_5\via_region_data.json
E_1_1_0_L_M_N_N_1983_44_2017.bmp308278,Non-Alcohol,C:\PycharmProjects\Alcohol Detection\dataset\Grupo_1\E_1_1\IriTech\E_1_1_0\E_1_1_0_L_5\via_region_data.json
E_1_1_0_L_M_N_N_1983_45_2017.bmp308278,Non-Alcohol,C:\PycharmProjects\Alcohol Detection\dataset\Grupo_1\E_1_1\IriTech\E_1_1_0\E_1_1_0_L_5\via_region_data.json
E_1_1_0_L_M_N_N_1983_46_2017.bmp308278,Non-Alcohol,C:\PycharmProjects\Alcohol Detection\dataset\Grupo_1\E_1_1\IriTech\E_1_1_0\E_1_1_0_L_5\via_region_data.json
E_1_1_0_L_M_N_N_1983_47_2017.bmp308278,Non-Alcohol,C:\PycharmProjects\Alcohol Detection\dataset\Grupo_1\E_1_1\IriTech\E_1_1_0\E_1_1_0_L_5\via_region_data.json
E_1_1_0_L_M_N_N_1983_48_2017.bmp308278,Non-Alcohol,C:\PycharmProjects\Alcohol Detection\dataset\Grupo_1\E_1_1\IriTech\E_1_1_0\E_1_1_0_L_5\via_region_data.json
E_1_1_0_L_M_N_N_1983_49_2017.bmp308278,Non-Alcohol,C:\PycharmProjects\Alcohol Detection\dataset\Grupo_1\E_1_1\IriTech\E_1_1_0\E_1_1_0_L_5\via_region_data.json
E_1_1_0_L_M_N_N_1983_50_2017.bmp308278,Non-Alcohol,C:\PycharmProjects\Alcohol Detection\dataset\Grupo_1\E_1_1\IriTech\E_1_1_0\E_1_1_0_L_5\via_region_data.json
E_1_1_0_L_M_N_N_1983_51_2017.bmp308278,Non-Alcohol,C:\PycharmProjects\Alcohol Detection\dataset\Grupo_1\E_1_1\IriTech\E_1_1_0\E_1_1_0_L_5\via_region_data.json
E_1_1_0_L_M_N_N_1983_52_2017.bmp308278,Non-Alcohol,C:\PycharmProjects\Alcohol Detection\dataset\Grupo_1\E_1_1\IriTech\E_1_1_0\E_1_1_0_L_5\via_region_data.json
E_1_1_0_L_M_N_N_1983_53_2017.bmp308278,Non-Alcohol,C:\PycharmProjects\Alcohol Detection\dataset\Grupo_1\E_1_1\IriTech\E_1_1_0\E_1_1_0_L_5\via_region_data.json
E_1_1_0_L_M_N_N_1983_54_2017.bmp308278,Non-Alcohol,C:\PycharmProjects\Alcohol Detection\dataset\Grupo_1\E_1_1\IriTech\E_1_1_0\E_1_1_0_L_5\via_region_data.json
E_1_1_0_L_M_N_N_1983_55_2017.bmp308278,Non-Alcohol,C:\PycharmProjects\Alcohol Detection\dataset\Grupo_1\E_1_1\IriTech\E_1_1_0\E_1_1_0_L_5\via_region_data.json
E_1_1_0_L_M_N_N_1983_56_2017.bmp308278,Non-Alcohol,C:\PycharmProjects\Alcohol Detection\dataset\Grupo_1\E_1_1\IriTech\E_1_1_0\E_1_1_0_L_5\via_region_data.json
E_1_1_0_L_M_N_N_1983_57_2017.bmp308278,Non-Alcohol,C:\PycharmProjects\Alcohol Detection\dataset\Grupo_1\E_1_1\IriTech\E_1_1_0\E_1_1_0_L_5\via_region_data.json
E_1_1_0_L_M_N_N_1983_58_2017.bmp308278,Non-Alcohol,C:\PycharmProjects\Alcohol Detection\dataset\Grupo_1\E_1_1\IriTech\E_1_1_0\E_1_1_0_L_5\via_region_data.json
E_1_1_0_L_M_N_N_1983_59_2017.bmp308278,Non-Alcohol,C:\PycharmProjects\Alcohol Detection\dataset\Grupo_1\E_1_1\IriTech\E_1_1_0\E_1_1_0_L_5\via_region_data.json
E_1_1_0_L_M_N_N_1983_60_2017.bmp308278,Non-Alcohol,C:\PycharmProjects\Alcohol Detection\dataset\Grupo_1\E_1_1\IriTech\E_1_1_0\E_1_1_0_L_5\via_region_data.json
E_1_1_0_L_M_N_N_1983_61_2017.bmp308278,Non-Alcohol,C:\PycharmProjects\Alcohol Detection\dataset\Grupo_1\E_1_1\IriTech\E_1_1_0\E_1_1_0_L_5\via_region_data.json
E_1_1_0_L_M_N_N_1983_62_2017.bmp308278,Non-Alcohol,C:\PycharmProjects\Alcohol Detection\dataset\Grupo_1\E_1_1\IriTech\E_1_1_0\E_1_1_0_L_5\via_region_data.json
E_1_1_0_L_M_N_N_1983_63_2017.bmp308278,Non-Alcohol,C:\PycharmProjects\Alcohol Detection\dataset\Grupo_1\E_1_1\IriTech\E_1_1_0\E_1_1_0_L_5\via_region_data.json
E_1_1_0_L_M_N_N_1983_64_2017.bmp308278,Non-Alcohol,C:\PycharmProjects\Alcohol Detection\dataset\Grupo_1\E_1_1\IriTech\E_1_1_0\E_1_1_0_L_5\via_region_data.json
E_1_1_0_L_M_N_N_1983_65_2017.bmp308278,Non-Alcohol,C:\PycharmProjects\Alcohol Detection\dataset\Grupo_1\E_1_1\IriTech\E_1_1_0\E_1_1_0_L_5\via_region_data.json
E_1_1_0_L_M_N_N_1983_66_2017.bmp308278,Non-Alcohol,C:\PycharmProjects\Alcohol Detection\dataset\Grupo_1\E_1_1\IriTech\E_1_1_0\E_1_1_0_L_5\via_region_data.json
E_1_1_0_L_M_N_N_1983_67_2017.bmp308278,Non-Alcohol,C:\PycharmProjects\Alcohol Detection\dataset\Grupo_1\E_1_1\IriTech\E_1_1_0\E_1_1_0_L_5\via_region_data.json
E_1_1_0_L_M_N_N_1983_68_2017.bmp308278,Non-Alcohol,C:\PycharmProjects\Alcohol Detection\dataset\Grupo_1\E_1_1\IriTech\E_1_1_0\E_1_1_0_L_5\via_region_data.json
E_1_1_0_L_M_N_N_1983_69_2017.bmp308278,Non-Alcohol,C:\PycharmProjects\Alcohol Detection\dataset\Grupo_1\E_1_1\IriTech\E_1_1_0\E_1_1_0_L_5\via_region_data.json
E_1_1_0_L_M_N_N_1983_70_2017.bmp308278,Non-Alcohol,C:\PycharmProjects\Alcohol Detection\dataset\Grupo_1\E_1_1\IriTech\E_1_1_0\E_1_1_0_L_5\via_region_data.json
E_1_1_0_L_M_N_N_1983_71_2017.bmp308278,Non-Alcohol,C:\PycharmProjects\Alcohol Detection\dataset\Grupo_1\E_1_1\IriTech\E_1_1_0\E_1_1_0_L_5\via_region_data.json
E_1_1_0_L_M_N_N_1983_72_2017.bmp308278,Non-Alcohol,C:\PycharmProjects\Alcohol Detection\dataset\Grupo_1\E_1_1\IriTech\E_1_1_0\E_1_1_0_L_5\via_region_data.json
E_1_1_0_L_M_N_N_1983_73_2017.bmp308278,Non-Alcohol,C:\PycharmProjects\Alcohol Detection\dataset\Grupo_1\E_1_1\IriTech\E_1_1_0\E_1_1_0_L_5\via_region_data.json
E_1_1_0_L_M_N_N_1983_74_2017.bmp308278,Non-Alcohol,C:\PycharmProjects\Alcohol Detection\dataset\Grupo_1\E_1_1\IriTech\E_1_1_0\E_1_1_0_L_5\via_region_data.json
E_1_1_0_L_M_N_N_1983_75_2017.bmp308278,Non-Alcohol,C:\PycharmProjects\Alcohol Detection\dataset\Grupo_1\E_1_1\IriTech\E_1_1_0\E_1_1_0_L_5\via_region_data.json
E_1_1_0_L_M_N_N_1983_76_2017.bmp308278,Non-Alcohol,C:\PycharmProjects\Alcohol Detection\dataset\Grupo_1\E_1_1\IriTech\E_1_1_0\E_1_1_0_L_5\via_region_data.json
E_1_1_0_R_M_N_N_1983_0_2017.bmp308278,Non-Alcohol,C:\PycharmProjects\Alcohol Detection\dataset\Grupo_1\E_1_1\IriTech\E_1_1_0\E_1_1_0_R_5\via_region_data.json
E_1_1_0_R_M_N_N_1983_1_2017.bmp308278,Non-Alcohol,C:\PycharmProjects\Alcohol Detection\dataset\Grupo_1\E_1_1\IriTech\E_1_1_0\E_1_1_0_R_5\via_region_data.json
E_1_1_0_R_M_N_N_1983_2_2017.bmp308278,Non-Alcohol,C:\PycharmProjects\Alcohol Detection\dataset\Grupo_1\E_1_1\IriTech\E_1_1_0\E_1_1_0_R_5\via_region_data.json
E_1_1_0_R_M_N_N_1983_3_2017.bmp308278,Non-Alcohol,C:\PycharmProjects\Alcohol Detection\dataset\Grupo_1\E_1_1\IriTech\E_1_1_0\E_1_1_0_R_5\via_region_data.json
E_1_1_0_R_M_N_N_1983_4_2017.bmp308278,Non-Alcohol,C:\PycharmProjects\Alcohol Detection\dataset\Grupo_1\E_1_1\IriTech\E_1_1_0\E_1_1_0_R_5\via_region_data.json
E_1_1_0_R_M_N_N_1983_5_2017.bmp308278,Non-Alcohol,C:\PycharmProjects\Alcohol Detection\dataset\Grupo_1\E_1_1\IriTech\E_1_1_0\E_1_1_0_R_5\via_region_data.json
E_1_1_0_R_M_N_N_1983_6_2017.bmp308278,Non-Alcohol,C:\PycharmProjects\Alcohol Detection\dataset\Grupo_1\E_1_1\IriTech\E_1_1_0\E_1_1_0_R_5\via_region_data.json
E_1_1_0_R_M_N_N_1983_7_2017.bmp308278,Non-Alcohol,C:\PycharmProjects\Alcohol Detection\dataset\Grupo_1\E_1_1\IriTech\E_1_1_0\E_1_1_0_R_5\via_region_data.json
E_1_1_0_R_M_N_N_1983_8_2017.bmp308278,Non-Alcohol,C:\PycharmProjects\Alcohol Detection\dataset\Grupo_1\E_1_1\IriTech\E_1_1_0\E_1_1_0_R_5\via_region_data.json
E_1_1_0_R_M_N_N_1983_9_2017.bmp308278,Non-Alcohol,C:\PycharmProjects\Alcohol Detection\dataset\Grupo_1\E_1_1\IriTech\E_1_1_0\E_1_1_0_R_5\via_region_data.json
E_1_1_0_R_M_N_N_1983_10_2017.bmp308278,Non-Alcohol,C:\PycharmProjects\Alcohol Detection\dataset\Grupo_1\E_1_1\IriTech\E_1_1_0\E_1_1_0_R_5\via_region_data.json
E_1_1_0_R_M_N_N_1983_11_2017.bmp308278,Non-Alcohol,C:\PycharmProjects\Alcohol Detection\dataset\Grupo_1\E_1_1\IriTech\E_1_1_0\E_1_1_0_R_5\via_region_data.json
E_1_1_0_R_M_N_N_1983_12_2017.bmp308278,Non-Alcohol,C:\PycharmProjects\Alcohol Detection\dataset\Grupo_1\E_1_1\IriTech\E_1_1_0\E_1_1_0_R_5\via_region_data.json
E_1_1_0_R_M_N_N_1983_13_2017.bmp308278,Non-Alcohol,C:\PycharmProjects\Alcohol Detection\dataset\Grupo_1\E_1_1\IriTech\E_1_1_0\E_1_1_0_R_5\via_region_data.json
E_1_1_0_R_M_N_N_1983_14_2017.bmp308278,Non-Alcohol,C:\PycharmProjects\Alcohol Detection\dataset\Grupo_1\E_1_1\IriTech\E_1_1_0\E_1_1_0_R_5\via_region_data.json
E_1_1_0_R_M_N_N_1983_15_2017.bmp308278,Non-Alcohol,C:\PycharmProjects\Alcohol Detection\dataset\Grupo_1\E_1_1\IriTech\E_1_1_0\E_1_1_0_R_5\via_region_data.json
E_1_1_0_R_M_N_N_1983_16_2017.bmp308278,Non-Alcohol,C:\PycharmProjects\Alcohol Detection\dataset\Grupo_1\E_1_1\IriTech\E_1_1_0\E_1_1_0_R_5\via_region_data.json
E_1_1_0_R_M_N_N_1983_17_2017.bmp308278,Non-Alcohol,C:\PycharmProjects\Alcohol Detection\dataset\Grupo_1\E_1_1\IriTech\E_1_1_0\E_1_1_0_R_5\via_region_data.json
E_1_1_0_R_M_N_N_1983_18_2017.bmp308278,Non-Alcohol,C:\PycharmProjects\Alcohol Detection\dataset\Grupo_1\E_1_1\IriTech\E_1_1_0\E_1_1_0_R_5\via_region_data.json
E_1_1_0_R_M_N_N_1983_19_2017.bmp308278,Non-Alcohol,C:\PycharmProjects\Alcohol Detection\dataset\Grupo_1\E_1_1\IriTech\E_1_1_0\E_1_1_0_R_5\via_region_data.json
E_1_1_0_R_M_N_N_1983_20_2017.bmp308278,Non-Alcohol,C:\PycharmProjects\Alcohol Detection\dataset\Grupo_1\E_1_1\IriTech\E_1_1_0\E_1_1_0_R_5\via_region_data.json
E_1_1_0_R_M_N_N_1983_21_2017.bmp308278,Non-Alcohol,C:\PycharmProjects\Alcohol Detection\dataset\Grupo_1\E_1_1\IriTech\E_1_1_0\E_1_1_0_R_5\via_region_data.json
E_1_1_0_R_M_N_N_1983_22_2017.bmp308278,Non-Alcohol,C:\PycharmProjects\Alcohol Detection\dataset\Grupo_1\E_1_1\IriTech\E_1_1_0\E_1_1_0_R_5\via_region_data.json
E_1_1_0_R_M_N_N_1983_23_2017.bmp308278,Non-Alcohol,C:\PycharmProjects\Alcohol Detection\dataset\Grupo_1\E_1_1\IriTech\E_1_1_0\E_1_1_0_R_5\via_region_data.json
E_1_1_0_R_M_N_N_1983_24_2017.bmp308278,Non-Alcohol,C:\PycharmProjects\Alcohol Detection\dataset\Grupo_1\E_1_1\IriTech\E_1_1_0\E_1_1_0_R_5\via_region_data.json
E_1_1_0_R_M_N_N_1983_25_2017.bmp308278,Non-Alcohol,C:\PycharmProjects\Alcohol Detection\dataset\Grupo_1\E_1_1\IriTech\E_1_1_0\E_1_1_0_R_5\via_region_data.json
E_1_1_0_R_M_N_N_1983_26_2017.bmp308278,Non-Alcohol,C:\PycharmProjects\Alcohol Detection\dataset\Grupo_1\E_1_1\IriTech\E_1_1_0\E_1_1_0_R_5\via_region_data.json
E_1_1_0_R_M_N_N_1983_27_2017.bmp308278,Non-Alcohol,C:\PycharmProjects\Alcohol Detection\dataset\Grupo_1\E_1_1\IriTech\E_1_1_0\E_1_1_0_R_5\via_region_data.json
E_1_1_0_R_M_N_N_1983_28_2017.bmp308278,Non-Alcohol,C:\PycharmProjects\Alcohol Detection\dataset\Grupo_1\E_1_1\IriTech\E_1_1_0\E_1_1_0_R_5\via_region_data.json
E_1_1_0_R_M_N_N_1983_29_2017.bmp308278,Non-Alcohol,C:\PycharmProjects\Alcohol Detection\dataset\Grupo_1\E_1_1\IriTech\E_1_1_0\E_1_1_0_R_5\via_region_data.json
E_1_1_0_R_M_N_N_1983_30_2017.bmp308278,Non-Alcohol,C:\PycharmProjects\Alcohol Detection\dataset\Grupo_1\E_1_1\IriTech\E_1_1_0\E_1_1_0_R_5\via_region_data.json
E_1_1_0_R_M_N_N_1983_31_2017.bmp308278,Non-Alcohol,C:\PycharmProjects\Alcohol Detection\dataset\Grupo_1\E_1_1\IriTech\E_1_1_0\E_1_1_0_R_5\via_region_data.json
E_1_1_0_R_M_N_N_1983_32_2017.bmp308278,Non-Alcohol,C:\PycharmProjects\Alcohol Detection\dataset\Grupo_1\E_1_1\IriTech\E_1_1_0\E_1_1_0_R_5\via_region_data.json
E_1_1_0_R_M_N_N_1983_33_2017.bmp308278,Non-Alcohol,C:\PycharmProjects\Alcohol Detection\dataset\Grupo_1\E_1_1\IriTech\E_1_1_0\E_1_1_0_R_5\via_region_data.json
E_1_1_0_R_M_N_N_1983_34_2017.bmp308278,Non-Alcohol,C:\PycharmProjects\Alcohol Detection\dataset\Grupo_1\E_1_1\IriTech\E_1_1_0\E_1_1_0_R_5\via_region_data.json
E_1_1_0_R_M_N_N_1983_35_2017.bmp308278,Non-Alcohol,C:\PycharmProjects\Alcohol Detection\dataset\Grupo_1\E_1_1\IriTech\E_1_1_0\E_1_1_0_R_5\via_region_data.json
E_1_1_0_R_M_N_N_1983_36_2017.bmp308278,Non-Alcohol,C:\PycharmProjects\Alcohol Detection\dataset\Grupo_1\E_1_1\IriTech\E_1_1_0\E_1_1_0_R_5\via_region_data.json
E_1_1_0_R_M_N_N_1983_37_2017.bmp308278,Non-Alcohol,C:\PycharmProjects\Alcohol Detection\dataset\Grupo_1\E_1_1\IriTech\E_1_1_0\E_1_1_0_R_5\via_region_data.json
E_1_1_0_R_M_N_N_1983_38_2017.bmp308278,Non-Alcohol,C:\PycharmProjects\Alcohol Detection\dataset\Grupo_1\E_1_1\IriTech\E_1_1_0\E_1_1_0_R_5\via_region_data.json
E_1_1_0_R_M_N_N_1983_39_2017.bmp308278,Non-Alcohol,C:\PycharmProjects\Alcohol Detection\dataset\Grupo_1\E_1_1\IriTech\E_1_1_0\E_1_1_0_R_5\via_region_data.json
E_1_1_0_R_M_N_N_1983_40_2017.bmp308278,Non-Alcohol,C:\PycharmProjects\Alcohol Detection\dataset\Grupo_1\E_1_1\IriTech\E_1_1_0\E_1_1_0_R_5\via_region_data.json
E_1_1_0_R_M_N_N_1983_41_2017.bmp308278,Non-Alcohol,C:\PycharmProjects\Alcohol Detection\dataset\Grupo_1\E_1_1\IriTech\E_1_1_0\E_1_1_0_R_5\via_region_data.json
E_1_1_0_R_M_N_N_1983_42_2017.bmp308278,Non-Alcohol,C:\PycharmProjects\Alcohol Detection\dataset\Grupo_1\E_1_1\IriTech\E_1_1_0\E_1_1_0_R_5\via_region_data.json
E_1_1_0_R_M_N_N_1983_43_2017.bmp308278,Non-Alcohol,C:\PycharmProjects\Alcohol Detection\dataset\Grupo_1\E_1_1\IriTech\E_1_1_0\E_1_1_0_R_5\via_region_data.json
E_1_1_0_R_M_N_N_1983_44_2017.bmp308278,Non-Alcohol,C:\PycharmProjects\Alcohol Detection\dataset\Grupo_1\E_1_1\IriTech\E_1_1_0\E_1_1_0_R_5\via_region_data.json
E_1_1_0_R_M_N_N_1983_45_2017.bmp308278,Non-Alcohol,C:\PycharmProjects\Alcohol Detection\dataset\Grupo_1\E_1_1\IriTech\E_1_1_0\E_1_1_0_R_5\via_region_data.json
E_1_1_0_R_M_N_N_1983_46_2017.bmp308278,Non-Alcohol,C:\PycharmProjects\Alcohol Detection\dataset\Grupo_1\E_1_1\IriTech\E_1_1_0\E_1_1_0_R_5\via_region_data.json
E_1_1_0_R_M_N_N_1983_47_2017.bmp308278,Non-Alcohol,C:\PycharmProjects\Alcohol Detection\dataset\Grupo_1\E_1_1\IriTech\E_1_1_0\E_1_1_0_R_5\via_region_data.json
E_1_1_0_R_M_N_N_1983_48_2017.bmp308278,Non-Alcohol,C:\PycharmProjects\Alcohol Detection\dataset\Grupo_1\E_1_1\IriTech\E_1_1_0\E_1_1_0_R_5\via_region_data.json
E_1_1_0_R_M_N_N_1983_49_2017.bmp308278,Non-Alcohol,C:\PycharmProjects\Alcohol Detection\dataset\Grupo_1\E_1_1\IriTech\E_1_1_0\E_1_1_0_R_5\via_region_data.json
E_1_1_0_R_M_N_N_1983_50_2017.bmp308278,Non-Alcohol,C:\PycharmProjects\Alcohol Detection\dataset\Grupo_1\E_1_1\IriTech\E_1_1_0\E_1_1_0_R_5\via_region_data.json
E_1_1_0_R_M_N_N_1983_51_2017.bmp308278,Non-Alcohol,C:\PycharmProjects\Alcohol Detection\dataset\Grupo_1\E_1_1\IriTech\E_1_1_0\E_1_1_0_R_5\via_region_data.json
E_1_1_0_R_M_N_N_1983_52_2017.bmp308278,Non-Alcohol,C:\PycharmProjects\Alcohol Detection\dataset\Grupo_1\E_1_1\IriTech\E_1_1_0\E_1_1_0_R_5\via_region_data.json
E_1_1_0_R_M_N_N_1983_53_2017.bmp308278,Non-Alcohol,C:\PycharmProjects\Alcohol Detection\dataset\Grupo_1\E_1_1\IriTech\E_1_1_0\E_1_1_0_R_5\via_region_data.json
E_1_1_0_R_M_N_N_1983_54_2017.bmp308278,Non-Alcohol,C:\PycharmProjects\Alcohol Detection\dataset\Grupo_1\E_1_1\IriTech\E_1_1_0\E_1_1_0_R_5\via_region_data.json
E_1_1_0_R_M_N_N_1983_55_2017.bmp308278,Non-Alcohol,C:\PycharmProjects\Alcohol Detection\dataset\Grupo_1\E_1_1\IriTech\E_1_1_0\E_1_1_0_R_5\via_region_data.json
E_1_1_0_R_M_N_N_1983_56_2017.bmp308278,Non-Alcohol,C:\PycharmProjects\Alcohol Detection\dataset\Grupo_1\E_1_1\IriTech\E_1_1_0\E_1_1_0_R_5\via_region_data.json
E_1_1_0_R_M_N_N_1983_57_2017.bmp308278,Non-Alcohol,C:\PycharmProjects\Alcohol Detection\dataset\Grupo_1\E_1_1\IriTech\E_1_1_0\E_1_1_0_R_5\via_region_data.json
E_1_1_0_R_M_N_N_1983_58_2017.bmp308278,Non-Alcohol,C:\PycharmProjects\Alcohol Detection\dataset\Grupo_1\E_1_1\IriTech\E_1_1_0\E_1_1_0_R_5\via_region_data.json
E_1_1_0_R_M_N_N_1983_59_2017.bmp308278,Non-Alcohol,C:\PycharmProjects\Alcohol Detection\dataset\Grupo_1\E_1_1\IriTech\E_1_1_0\E_1_1_0_R_5\via_region_data.json
E_1_1_0_R_M_N_N_1983_60_2017.bmp308278,Non-Alcohol,C:\PycharmProjects\Alcohol Detection\dataset\Grupo_1\E_1_1\IriTech\E_1_1_0\E_1_1_0_R_5\via_region_data.json
E_1_1_0_R_M_N_N_1983_61_2017.bmp308278,Non-Alcohol,C:\PycharmProjects\Alcohol Detection\dataset\Grupo_1\E_1_1\IriTech\E_1_1_0\E_1_1_0_R_5\via_region_data.json
E_1_1_0_R_M_N_N_1983_62_2017.bmp308278,Non-Alcohol,C:\PycharmProjects\Alcohol Detection\dataset\Grupo_1\E_1_1\IriTech\E_1_1_0\E_1_1_0_R_5\via_region_data.json
E_1_1_0_R_M_N_N_1983_63_2017.bmp308278,Non-Alcohol,C:\PycharmProjects\Alcohol Detection\dataset\Grupo_1\E_1_1\IriTech\E_1_1_0\E_1_1_0_R_5\via_region_data.json
E_1_1_0_R_M_N_N_1983_64_2017.bmp308278,Non-Alcohol,C:\PycharmProjects\Alcohol Detection\dataset\Grupo_1\E_1_1\IriTech\E_1_1_0\E_1_1_0_R_5\via_region_data.json
E_1_1_0_R_M_N_N_1983_65_2017.bmp308278,Non-Alcohol,C:\PycharmProjects\Alcohol Detection\dataset\Grupo_1\E_1_1\IriTech\E_1_1_0\E_1_1_0_R_5\via_region_data.json
E_1_1_0_R_M_N_N_1983_66_2017.bmp308278,Non-Alcohol,C:\PycharmProjects\Alcohol Detection\dataset\Grupo_1\E_1_1\IriTech\E_1_1_0\E_1_1_0_R_5\via_region_data.json
E_1_1_0_R_M_N_N_1983_67_2017.bmp308278,Non-Alcohol,C:\PycharmProjects\Alcohol Detection\dataset\Grupo_1\E_1_1\IriTech\E_1_1_0\E_1_1_0_R_5\via_region_data.json
E_1_1_0_R_M_N_N_1983_68_2017.bmp308278,Non-Alcohol,C:\PycharmProjects\Alcohol Detection\dataset\Grupo_1\E_1_1\IriTech\E_1_1_0\E_1_1_0_R_5\via_region_data.json
E_1_1_0_R_M_N_N_1983_69_2017.bmp308278,Non-Alcohol,C:\PycharmProjects\Alcohol Detection\dataset\Grupo_1\E_1_1\IriTech\E_1_1_0\E_1_1_0_R_5\via_region_data.json
E_1_1_0_R_M_N_N_1983_70_2017.bmp308278,Non-Alcohol,C:\PycharmProjects\Alcohol Detection\dataset\Grupo_1\E_1_1\IriTech\E_1_1_0\E_1_1_0_R_5\via_region_data.json
E_1_1_0_R_M_N_N_1983_71_2017.bmp308278,Non-Alcohol,C:\PycharmProjects\Alcohol Detection\dataset\Grupo_1\E_1_1\IriTech\E_1_1_0\E_1_1_0_R_5\via_region_data.json
E_1_1_0_R_M_N_N_1983_72_2017.bmp308278,Non-Alcohol,C:\PycharmProjects\Alcohol Detection\dataset\Grupo_1\E_1_1\IriTech\E_1_1_0\E_1_1_0_R_5\via_region_data.json
E_1_1_0_R_M_N_N_1983_73_2017.bmp308278,Non-Alcohol,C:\PycharmProjects\Alcohol Detection\dataset\Grupo_1\E_1_1\IriTech\E_1_1_0\E_1_1_0_R_5\via_region_data.json
E_1_1_0_R_M_N_N_1983_74_2017.bmp308278,Non-Alcohol,C:\PycharmProjects\Alcohol Detection\dataset\Grupo_1\E_1_1\IriTech\E_1_1_0\E_1_1_0_R_5\via_region_data.json
E_1_1_0_R_M_N_N_1983_75_2017.bmp308278,Non-Alcohol,C:\PycharmProjects\Alcohol Detection\dataset\Grupo_1\E_1_1\IriTech\E_1_1_0\E_1_1_0_R_5\via_region_data.json
E_1_1_0_R_M_N_N_1983_76_2017.bmp308278,Non-Alcohol,C:\PycharmProjects\Alcohol Detection\dataset\Grupo_1\E_1_1\IriTech\E_1_1_0\E_1_1_0_R_5\via_region_data.json
E_1_1_0_R_M_N_N_1983_77_2017.bmp308278,Non-Alcohol,C:\PycharmProjects\Alcohol Detection\dataset\Grupo_1\E_1_1\IriTech\E_1_1_0\E_1_1_0_R_5\via_region_data.json
E_1_1_0_R_M_N_N_1983_78_2017.bmp308278,Non-Alcohol,C:\PycharmProjects\Alcohol Detection\dataset\Grupo_1\E_1_1\IriTech\E_1_1_0\E_1_1_0_R_5\via_region_data.json
E_1_1_1_L_M_N_N_1983_0_2017.bmp308278,Non-Alcohol,C:\PycharmProjects\Alcohol Detection\dataset\Grupo_1\E_1_1\IriTech\E_1_1_1\via_region_data.json
E_1_1_1_R_M_N_N_1983_0_2017.bmp308278,Non-Alcohol,C:\PycharmProjects\Alcohol Detection\dataset\Grupo_1\E_1_1\IriTech\E_1_1_1\via_region_data.json
E_1_1_1_L_M_N_N_1983_0_2017.bmp308278,Non-Alcohol,C:\PycharmProjects\Alcohol Detection\dataset\Grupo_1\E_1_1\IriTech\E_1_1_1\E_1_1_1_L_5\via_region_data.json
E_1_1_1_L_M_N_N_1983_1_2017.bmp308278,Alcohol,C:\PycharmProjects\Alcohol Detection\dataset\Grupo_1\E_1_1\IriTech\E_1_1_1\E_1_1_1_L_5\via_region_data.json
E_1_1_1_L_M_N_N_1983_2_2017.bmp308278,Alcohol,C:\PycharmProjects\Alcohol Detection\dataset\Grupo_1\E_1_1\IriTech\E_1_1_1\E_1_1_1_L_5\via_region_data.json
E_1_1_1_L_M_N_N_1983_3_2017.bmp308278,Alcohol,C:\PycharmProjects\Alcohol Detection\dataset\Grupo_1\E_1_1\IriTech\E_1_1_1\E_1_1_1_L_5\via_region_data.json
E_1_1_1_L_M_N_N_1983_4_2017.bmp308278,Alcohol,C:\PycharmProjects\Alcohol Detection\dataset\Grupo_1\E_1_1\IriTech\E_1_1_1\E_1_1_1_L_5\via_region_data.json
E_1_1_1_L_M_N_N_1983_5_2017.bmp308278,Alcohol,C:\PycharmProjects\Alcohol Detection\dataset\Grupo_1\E_1_1\IriTech\E_1_1_1\E_1_1_1_L_5\via_region_data.json
E_1_1_1_L_M_N_N_1983_6_2017.bmp308278,Alcohol,C:\PycharmProjects\Alcohol Detection\dataset\Grupo_1\E_1_1\IriTech\E_1_1_1\E_1_1_1_L_5\via_region_data.json
E_1_1_1_L_M_N_N_1983_7_2017.bmp308278,Alcohol,C:\PycharmProjects\Alcohol Detection\dataset\Grupo_1\E_1_1\IriTech\E_1_1_1\E_1_1_1_L_5\via_region_data.json
E_1_1_1_L_M_N_N_1983_8_2017.bmp308278,Alcohol,C:\PycharmProjects\Alcohol Detection\dataset\Grupo_1\E_1_1\IriTech\E_1_1_1\E_1_1_1_L_5\via_region_data.json
E_1_1_1_L_M_N_N_1983_9_2017.bmp308278,Alcohol,C:\PycharmProjects\Alcohol Detection\dataset\Grupo_1\E_1_1\IriTech\E_1_1_1\E_1_1_1_L_5\via_region_data.json
E_1_1_1_L_M_N_N_1983_10_2017.bmp308278,Alcohol,C:\PycharmProjects\Alcohol Detection\dataset\Grupo_1\E_1_1\IriTech\E_1_1_1\E_1_1_1_L_5\via_region_data.json
E_1_1_1_L_M_N_N_1983_11_2017.bmp308278,Alcohol,C:\PycharmProjects\Alcohol Detection\dataset\Grupo_1\E_1_1\IriTech\E_1_1_1\E_1_1_1_L_5\via_region_data.json
E_1_1_1_L_M_N_N_1983_12_2017.bmp308278,Alcohol,C:\PycharmProjects\Alcohol Detection\dataset\Grupo_1\E_1_1\IriTech\E_1_1_1\E_1_1_1_L_5\via_region_data.json
E_1_1_1_L_M_N_N_1983_13_2017.bmp308278,Alcohol,C:\PycharmProjects\Alcohol Detection\dataset\Grupo_1\E_1_1\IriTech\E_1_1_1\E_1_1_1_L_5\via_region_data.json
E_1_1_1_L_M_N_N_1983_14_2017.bmp308278,Alcohol,C:\PycharmProjects\Alcohol Detection\dataset\Grupo_1\E_1_1\IriTech\E_1_1_1\E_1_1_1_L_5\via_region_data.json
E_1_1_1_L_M_N_N_1983_15_2017.bmp308278,Alcohol,C:\PycharmProjects\Alcohol Detection\dataset\Grupo_1\E_1_1\IriTech\E_1_1_1\E_1_1_1_L_5\via_region_data.json
E_1_1_1_L_M_N_N_1983_16_2017.bmp308278,Alcohol,C:\PycharmProjects\Alcohol Detection\dataset\Grupo_1\E_1_1\IriTech\E_1_1_1\E_1_1_1_L_5\via_region_data.json
E_1_1_1_L_M_N_N_1983_17_2017.bmp308278,Alcohol,C:\PycharmProjects\Alcohol Detection\dataset\Grupo_1\E_1_1\IriTech\E_1_1_1\E_1_1_1_L_5\via_region_data.json
E_1_1_1_L_M_N_N_1983_18_2017.bmp308278,Alcohol,C:\PycharmProjects\Alcohol Detection\dataset\Grupo_1\E_1_1\IriTech\E_1_1_1\E_1_1_1_L_5\via_region_data.json
E_1_1_1_L_M_N_N_1983_19_2017.bmp308278,Alcohol,C:\PycharmProjects\Alcohol Detection\dataset\Grupo_1\E_1_1\IriTech\E_1_1_1\E_1_1_1_L_5\via_region_data.json
E_1_1_1_L_M_N_N_1983_20_2017.bmp308278,Alcohol,C:\PycharmProjects\Alcohol Detection\dataset\Grupo_1\E_1_1\IriTech\E_1_1_1\E_1_1_1_L_5\via_region_data.json
E_1_1_1_L_M_N_N_1983_21_2017.bmp308278,Alcohol,C:\PycharmProjects\Alcohol Detection\dataset\Grupo_1\E_1_1\IriTech\E_1_1_1\E_1_1_1_L_5\via_region_data.json
E_1_1_1_L_M_N_N_1983_22_2017.bmp308278,Alcohol,C:\PycharmProjects\Alcohol Detection\dataset\Grupo_1\E_1_1\IriTech\E_1_1_1\E_1_1_1_L_5\via_region_data.json
E_1_1_1_L_M_N_N_1983_23_2017.bmp308278,Alcohol,C:\PycharmProjects\Alcohol Detection\dataset\Grupo_1\E_1_1\IriTech\E_1_1_1\E_1_1_1_L_5\via_region_data.json
E_1_1_1_L_M_N_N_1983_24_2017.bmp308278,Alcohol,C:\PycharmProjects\Alcohol Detection\dataset\Grupo_1\E_1_1\IriTech\E_1_1_1\E_1_1_1_L_5\via_region_data.json
E_1_1_1_L_M_N_N_1983_25_2017.bmp308278,Alcohol,C:\PycharmProjects\Alcohol Detection\dataset\Grupo_1\E_1_1\IriTech\E_1_1_1\E_1_1_1_L_5\via_region_data.json
E_1_1_1_L_M_N_N_1983_26_2017.bmp308278,Alcohol,C:\PycharmProjects\Alcohol Detection\dataset\Grupo_1\E_1_1\IriTech\E_1_1_1\E_1_1_1_L_5\via_region_data.json
E_1_1_1_L_M_N_N_1983_27_2017.bmp308278,Alcohol,C:\PycharmProjects\Alcohol Detection\dataset\Grupo_1\E_1_1\IriTech\E_1_1_1\E_1_1_1_L_5\via_region_data.json
E_1_1_1_L_M_N_N_1983_28_2017.bmp308278,Alcohol,C:\PycharmProjects\Alcohol Detection\dataset\Grupo_1\E_1_1\IriTech\E_1_1_1\E_1_1_1_L_5\via_region_data.json
E_1_1_1_L_M_N_N_1983_29_2017.bmp308278,Alcohol,C:\PycharmProjects\Alcohol Detection\dataset\Grupo_1\E_1_1\IriTech\E_1_1_1\E_1_1_1_L_5\via_region_data.json
E_1_1_1_L_M_N_N_1983_30_2017.bmp308278,Alcohol,C:\PycharmProjects\Alcohol Detection\dataset\Grupo_1\E_1_1\IriTech\E_1_1_1\E_1_1_1_L_5\via_region_data.json
E_1_1_1_L_M_N_N_1983_31_2017.bmp308278,Alcohol,C:\PycharmProjects\Alcohol Detection\dataset\Grupo_1\E_1_1\IriTech\E_1_1_1\E_1_1_1_L_5\via_region_data.json
E_1_1_1_L_M_N_N_1983_32_2017.bmp308278,Alcohol,C:\PycharmProjects\Alcohol Detection\dataset\Grupo_1\E_1_1\IriTech\E_1_1_1\E_1_1_1_L_5\via_region_data.json
E_1_1_1_L_M_N_N_1983_33_2017.bmp308278,Alcohol,C:\PycharmProjects\Alcohol Detection\dataset\Grupo_1\E_1_1\IriTech\E_1_1_1\E_1_1_1_L_5\via_region_data.json
E_1_1_1_L_M_N_N_1983_34_2017.bmp308278,Alcohol,C:\PycharmProjects\Alcohol Detection\dataset\Grupo_1\E_1_1\IriTech\E_1_1_1\E_1_1_1_L_5\via_region_data.json
E_1_1_1_L_M_N_N_1983_35_2017.bmp308278,Alcohol,C:\PycharmProjects\Alcohol Detection\dataset\Grupo_1\E_1_1\IriTech\E_1_1_1\E_1_1_1_L_5\via_region_data.json
E_1_1_1_L_M_N_N_1983_36_2017.bmp308278,Alcohol,C:\PycharmProjects\Alcohol Detection\dataset\Grupo_1\E_1_1\IriTech\E_1_1_1\E_1_1_1_L_5\via_region_data.json
E_1_1_1_L_M_N_N_1983_37_2017.bmp308278,Alcohol,C:\PycharmProjects\Alcohol Detection\dataset\Grupo_1\E_1_1\IriTech\E_1_1_1\E_1_1_1_L_5\via_region_data.json
E_1_1_1_L_M_N_N_1983_38_2017.bmp308278,Alcohol,C:\PycharmProjects\Alcohol Detection\dataset\Grupo_1\E_1_1\IriTech\E_1_1_1\E_1_1_1_L_5\via_region_data.json
E_1_1_1_L_M_N_N_1983_39_2017.bmp308278,Alcohol,C:\PycharmProjects\Alcohol Detection\dataset\Grupo_1\E_1_1\IriTech\E_1_1_1\E_1_1_1_L_5\via_region_data.json
E_1_1_1_L_M_N_N_1983_40_2017.bmp308278,Alcohol,C:\PycharmProjects\Alcohol Detection\dataset\Grupo_1\E_1_1\IriTech\E_1_1_1\E_1_1_1_L_5\via_region_data.json
E_1_1_1_L_M_N_N_1983_41_2017.bmp308278,Alcohol,C:\PycharmProjects\Alcohol Detection\dataset\Grupo_1\E_1_1\IriTech\E_1_1_1\E_1_1_1_L_5\via_region_data.json
E_1_1_1_L_M_N_N_1983_42_2017.bmp308278,Alcohol,C:\PycharmProjects\Alcohol Detection\dataset\Grupo_1\E_1_1\IriTech\E_1_1_1\E_1_1_1_L_5\via_region_data.json
E_1_1_1_L_M_N_N_1983_43_2017.bmp308278,Alcohol,C:\PycharmProjects\Alcohol Detection\dataset\Grupo_1\E_1_1\IriTech\E_1_1_1\E_1_1_1_L_5\via_region_data.json
E_1_1_1_L_M_N_N_1983_44_2017.bmp308278,Alcohol,C:\PycharmProjects\Alcohol Detection\dataset\Grupo_1\E_1_1\IriTech\E_1_1_1\E_1_1_1_L_5\via_region_data.json
E_1_1_1_L_M_N_N_1983_45_2017.bmp308278,Alcohol,C:\PycharmProjects\Alcohol Detection\dataset\Grupo_1\E_1_1\IriTech\E_1_1_1\E_1_1_1_L_5\via_region_data.json
E_1_1_1_L_M_N_N_1983_46_2017.bmp308278,Alcohol,C:\PycharmProjects\Alcohol Detection\dataset\Grupo_1\E_1_1\IriTech\E_1_1_1\E_1_1_1_L_5\via_region_data.json
E_1_1_1_L_M_N_N_1983_47_2017.bmp308278,Alcohol,C:\PycharmProjects\Alcohol Detection\dataset\Grupo_1\E_1_1\IriTech\E_1_1_1\E_1_1_1_L_5\via_region_data.json
E_1_1_1_L_M_N_N_1983_48_2017.bmp308278,Alcohol,C:\PycharmProjects\Alcohol Detection\dataset\Grupo_1\E_1_1\IriTech\E_1_1_1\E_1_1_1_L_5\via_region_data.json
E_1_1_1_L_M_N_N_1983_49_2017.bmp308278,Alcohol,C:\PycharmProjects\Alcohol Detection\dataset\Grupo_1\E_1_1\IriTech\E_1_1_1\E_1_1_1_L_5\via_region_data.json
E_1_1_1_L_M_N_N_1983_50_2017.bmp308278,Alcohol,C:\PycharmProjects\Alcohol Detection\dataset\Grupo_1\E_1_1\IriTech\E_1_1_1\E_1_1_1_L_5\via_region_data.json
E_1_1_1_L_M_N_N_1983_51_2017.bmp308278,Alcohol,C:\PycharmProjects\Alcohol Detection\dataset\Grupo_1\E_1_1\IriTech\E_1_1_1\E_1_1_1_L_5\via_region_data.json
E_1_1_1_L_M_N_N_1983_52_2017.bmp308278,Alcohol,C:\PycharmProjects\Alcohol Detection\dataset\Grupo_1\E_1_1\IriTech\E_1_1_1\E_1_1_1_L_5\via_region_data.json
E_1_1_1_L_M_N_N_1983_53_2017.bmp308278,Alcohol,C:\PycharmProjects\Alcohol Detection\dataset\Grupo_1\E_1_1\IriTech\E_1_1_1\E_1_1_1_L_5\via_region_data.json
E_1_1_1_L_M_N_N_1983_54_2017.bmp308278,Alcohol,C:\PycharmProjects\Alcohol Detection\dataset\Grupo_1\E_1_1\IriTech\E_1_1_1\E_1_1_1_L_5\via_region_data.json
E_1_1_1_L_M_N_N_1983_55_2017.bmp308278,Alcohol,C:\PycharmProjects\Alcohol Detection\dataset\Grupo_1\E_1_1\IriTech\E_1_1_1\E_1_1_1_L_5\via_region_data.json
E_1_1_1_L_M_N_N_1983_56_2017.bmp308278,Alcohol,C:\PycharmProjects\Alcohol Detection\dataset\Grupo_1\E_1_1\IriTech\E_1_1_1\E_1_1_1_L_5\via_region_data.json
E_1_1_1_L_M_N_N_1983_57_2017.bmp308278,Alcohol,C:\PycharmProjects\Alcohol Detection\dataset\Grupo_1\E_1_1\IriTech\E_1_1_1\E_1_1_1_L_5\via_region_data.json
E_1_1_1_L_M_N_N_1983_58_2017.bmp308278,Alcohol,C:\PycharmProjects\Alcohol Detection\dataset\Grupo_1\E_1_1\IriTech\E_1_1_1\E_1_1_1_L_5\via_region_data.json
E_1_1_1_L_M_N_N_1983_59_2017.bmp308278,Alcohol,C:\PycharmProjects\Alcohol Detection\dataset\Grupo_1\E_1_1\IriTech\E_1_1_1\E_1_1_1_L_5\via_region_data.json
E_1_1_1_L_M_N_N_1983_60_2017.bmp308278,Alcohol,C:\PycharmProjects\Alcohol Detection\dataset\Grupo_1\E_1_1\IriTech\E_1_1_1\E_1_1_1_L_5\via_region_data.json
E_1_1_1_L_M_N_N_1983_61_2017.bmp308278,Alcohol,C:\PycharmProjects\Alcohol Detection\dataset\Grupo_1\E_1_1\IriTech\E_1_1_1\E_1_1_1_L_5\via_region_data.json
E_1_1_1_L_M_N_N_1983_62_2017.bmp308278,Alcohol,C:\PycharmProjects\Alcohol Detection\dataset\Grupo_1\E_1_1\IriTech\E_1_1_1\E_1_1_1_L_5\via_region_data.json
E_1_1_1_L_M_N_N_1983_63_2017.bmp308278,Alcohol,C:\PycharmProjects\Alcohol Detection\dataset\Grupo_1\E_1_1\IriTech\E_1_1_1\E_1_1_1_L_5\via_region_data.json
E_1_1_1_L_M_N_N_1983_64_2017.bmp308278,Alcohol,C:\PycharmProjects\Alcohol Detection\dataset\Grupo_1\E_1_1\IriTech\E_1_1_1\E_1_1_1_L_5\via_region_data.json
E_1_1_1_L_M_N_N_1983_65_2017.bmp308278,Alcohol,C:\PycharmProjects\Alcohol Detection\dataset\Grupo_1\E_1_1\IriTech\E_1_1_1\E_1_1_1_L_5\via_region_data.json
E_1_1_1_L_M_N_N_1983_66_2017.bmp308278,Alcohol,C:\PycharmProjects\Alcohol Detection\dataset\Grupo_1\E_1_1\IriTech\E_1_1_1\E_1_1_1_L_5\via_region_data.json
E_1_1_1_L_M_N_N_1983_67_2017.bmp308278,Alcohol,C:\PycharmProjects\Alcohol Detection\dataset\Grupo_1\E_1_1\IriTech\E_1_1_1\E_1_1_1_L_5\via_region_data.json
E_1_1_1_L_M_N_N_1983_68_2017.bmp308278,Alcohol,C:\PycharmProjects\Alcohol Detection\dataset\Grupo_1\E_1_1\IriTech\E_1_1_1\E_1_1_1_L_5\via_region_data.json
E_1_1_1_L_M_N_N_1983_69_2017.bmp308278,Alcohol,C:\PycharmProjects\Alcohol Detection\dataset\Grupo_1\E_1_1\IriTech\E_1_1_1\E_1_1_1_L_5\via_region_data.json
E_1_1_1_L_M_N_N_1983_70_2017.bmp308278,Alcohol,C:\PycharmProjects\Alcohol Detection\dataset\Grupo_1\E_1_1\IriTech\E_1_1_1\E_1_1_1_L_5\via_region_data.json
E_1_1_1_L_M_N_N_1983_71_2017.bmp308278,Alcohol,C:\PycharmProjects\Alcohol Detection\dataset\Grupo_1\E_1_1\IriTech\E_1_1_1\E_1_1_1_L_5\via_region_data.json
E_1_1_1_L_M_N_N_1983_72_2017.bmp308278,Alcohol,C:\PycharmProjects\Alcohol Detection\dataset\Grupo_1\E_1_1\IriTech\E_1_1_1\E_1_1_1_L_5\via_region_data.json
E_1_1_1_L_M_N_N_1983_73_2017.bmp308278,Alcohol,C:\PycharmProjects\Alcohol Detection\dataset\Grupo_1\E_1_1\IriTech\E_1_1_1\E_1_1_1_L_5\via_region_data.json
E_1_1_1_L_M_N_N_1983_74_2017.bmp308278,Alcohol,C:\PycharmProjects\Alcohol Detection\dataset\Grupo_1\E_1_1\IriTech\E_1_1_1\E_1_1_1_L_5\via_region_data.json
E_1_1_1_L_M_N_N_1983_75_2017.bmp308278,Alcohol,C:\PycharmProjects\Alcohol Detection\dataset\Grupo_1\E_1_1\IriTech\E_1_1_1\E_1_1_1_L_5\via_region_data.json
E_1_1_1_L_M_N_N_1983_76_2017.bmp308278,Alcohol,C:\PycharmProjects\Alcohol Detection\dataset\Grupo_1\E_1_1\IriTech\E_1_1_1\E_1_1_1_L_5\via_region_data.json
E_1_1_1_L_M_N_N_1983_77_2017.bmp308278,Alcohol,C:\PycharmProjects\Alcohol Detection\dataset\Grupo_1\E_1_1\IriTech\E_1_1_1\E_1_1_1_L_5\via_region_data.json
E_1_1_1_R_M_N_N_1983_0_2017.bmp308278,Non-Alcohol,C:\PycharmProjects\Alcohol Detection\dataset\Grupo_1\E_1_1\IriTech\E_1_1_1\E_1_1_1_R_5\via_region_data.json
E_1_1_1_R_M_N_N_1983_1_2017.bmp308278,Alcohol,C:\PycharmProjects\Alcohol Detection\dataset\Grupo_1\E_1_1\IriTech\E_1_1_1\E_1_1_1_R_5\via_region_data.json
E_1_1_1_R_M_N_N_1983_2_2017.bmp308278,Alcohol,C:\PycharmProjects\Alcohol Detection\dataset\Grupo_1\E_1_1\IriTech\E_1_1_1\E_1_1_1_R_5\via_region_data.json
E_1_1_1_R_M_N_N_1983_3_2017.bmp308278,Alcohol,C:\PycharmProjects\Alcohol Detection\dataset\Grupo_1\E_1_1\IriTech\E_1_1_1\E_1_1_1_R_5\via_region_data.json
E_1_1_1_R_M_N_N_1983_4_2017.bmp308278,Alcohol,C:\PycharmProjects\Alcohol Detection\dataset\Grupo_1\E_1_1\IriTech\E_1_1_1\E_1_1_1_R_5\via_region_data.json
E_1_1_1_R_M_N_N_1983_5_2017.bmp308278,Alcohol,C:\PycharmProjects\Alcohol Detection\dataset\Grupo_1\E_1_1\IriTech\E_1_1_1\E_1_1_1_R_5\via_region_data.json
E_1_1_1_R_M_N_N_1983_6_2017.bmp308278,Alcohol,C:\PycharmProjects\Alcohol Detection\dataset\Grupo_1\E_1_1\IriTech\E_1_1_1\E_1_1_1_R_5\via_region_data.json
E_1_1_1_R_M_N_N_1983_7_2017.bmp308278,Alcohol,C:\PycharmProjects\Alcohol Detection\dataset\Grupo_1\E_1_1\IriTech\E_1_1_1\E_1_1_1_R_5\via_region_data.json
E_1_1_1_R_M_N_N_1983_8_2017.bmp308278,Alcohol,C:\PycharmProjects\Alcohol Detection\dataset\Grupo_1\E_1_1\IriTech\E_1_1_1\E_1_1_1_R_5\via_region_data.json
E_1_1_1_R_M_N_N_1983_9_2017.bmp308278,Alcohol,C:\PycharmProjects\Alcohol Detection\dataset\Grupo_1\E_1_1\IriTech\E_1_1_1\E_1_1_1_R_5\via_region_data.json
E_1_1_1_R_M_N_N_1983_10_2017.bmp308278,Alcohol,C:\PycharmProjects\Alcohol Detection\dataset\Grupo_1\E_1_1\IriTech\E_1_1_1\E_1_1_1_R_5\via_region_data.json
E_1_1_1_R_M_N_N_1983_11_2017.bmp308278,Alcohol,C:\PycharmProjects\Alcohol Detection\dataset\Grupo_1\E_1_1\IriTech\E_1_1_1\E_1_1_1_R_5\via_region_data.json
E_1_1_1_R_M_N_N_1983_12_2017.bmp308278,Alcohol,C:\PycharmProjects\Alcohol Detection\dataset\Grupo_1\E_1_1\IriTech\E_1_1_1\E_1_1_1_R_5\via_region_data.json
E_1_1_1_R_M_N_N_1983_13_2017.bmp308278,Alcohol,C:\PycharmProjects\Alcohol Detection\dataset\Grupo_1\E_1_1\IriTech\E_1_1_1\E_1_1_1_R_5\via_region_data.json
E_1_1_1_R_M_N_N_1983_14_2017.bmp308278,Alcohol,C:\PycharmProjects\Alcohol Detection\dataset\Grupo_1\E_1_1\IriTech\E_1_1_1\E_1_1_1_R_5\via_region_data.json
E_1_1_1_R_M_N_N_1983_15_2017.bmp308278,Alcohol,C:\PycharmProjects\Alcohol Detection\dataset\Grupo_1\E_1_1\IriTech\E_1_1_1\E_1_1_1_R_5\via_region_data.json
E_1_1_1_R_M_N_N_1983_16_2017.bmp308278,Alcohol,C:\PycharmProjects\Alcohol Detection\dataset\Grupo_1\E_1_1\IriTech\E_1_1_1\E_1_1_1_R_5\via_region_data.json
E_1_1_1_R_M_N_N_1983_17_2017.bmp308278,Alcohol,C:\PycharmProjects\Alcohol Detection\dataset\Grupo_1\E_1_1\IriTech\E_1_1_1\E_1_1_1_R_5\via_region_data.json
E_1_1_1_R_M_N_N_1983_18_2017.bmp308278,Alcohol,C:\PycharmProjects\Alcohol Detection\dataset\Grupo_1\E_1_1\IriTech\E_1_1_1\E_1_1_1_R_5\via_region_data.json
E_1_1_1_R_M_N_N_1983_19_2017.bmp308278,Alcohol,C:\PycharmProjects\Alcohol Detection\dataset\Grupo_1\E_1_1\IriTech\E_1_1_1\E_1_1_1_R_5\via_region_data.json
E_1_1_1_R_M_N_N_1983_20_2017.bmp308278,Alcohol,C:\PycharmProjects\Alcohol Detection\dataset\Grupo_1\E_1_1\IriTech\E_1_1_1\E_1_1_1_R_5\via_region_data.json
E_1_1_1_R_M_N_N_1983_21_2017.bmp308278,Alcohol,C:\PycharmProjects\Alcohol Detection\dataset\Grupo_1\E_1_1\IriTech\E_1_1_1\E_1_1_1_R_5\via_region_data.json
E_1_1_1_R_M_N_N_1983_22_2017.bmp308278,Alcohol,C:\PycharmProjects\Alcohol Detection\dataset\Grupo_1\E_1_1\IriTech\E_1_1_1\E_1_1_1_R_5\via_region_data.json
E_1_1_1_R_M_N_N_1983_23_2017.bmp308278,Alcohol,C:\PycharmProjects\Alcohol Detection\dataset\Grupo_1\E_1_1\IriTech\E_1_1_1\E_1_1_1_R_5\via_region_data.json
E_1_1_1_R_M_N_N_1983_24_2017.bmp308278,Alcohol,C:\PycharmProjects\Alcohol Detection\dataset\Grupo_1\E_1_1\IriTech\E_1_1_1\E_1_1_1_R_5\via_region_data.json
E_1_1_1_R_M_N_N_1983_25_2017.bmp308278,Alcohol,C:\PycharmProjects\Alcohol Detection\dataset\Grupo_1\E_1_1\IriTech\E_1_1_1\E_1_1_1_R_5\via_region_data.json
E_1_1_1_R_M_N_N_1983_26_2017.bmp308278,Alcohol,C:\PycharmProjects\Alcohol Detection\dataset\Grupo_1\E_1_1\IriTech\E_1_1_1\E_1_1_1_R_5\via_region_data.json
E_1_1_1_R_M_N_N_1983_27_2017.bmp308278,Alcohol,C:\PycharmProjects\Alcohol Detection\dataset\Grupo_1\E_1_1\IriTech\E_1_1_1\E_1_1_1_R_5\via_region_data.json
E_1_1_1_R_M_N_N_1983_28_2017.bmp308278,Alcohol,C:\PycharmProjects\Alcohol Detection\dataset\Grupo_1\E_1_1\IriTech\E_1_1_1\E_1_1_1_R_5\via_region_data.json
E_1_1_1_R_M_N_N_1983_29_2017.bmp308278,Alcohol,C:\PycharmProjects\Alcohol Detection\dataset\Grupo_1\E_1_1\IriTech\E_1_1_1\E_1_1_1_R_5\via_region_data.json
E_1_1_1_R_M_N_N_1983_30_2017.bmp308278,Alcohol,C:\PycharmProjects\Alcohol Detection\dataset\Grupo_1\E_1_1\IriTech\E_1_1_1\E_1_1_1_R_5\via_region_data.json
E_1_1_1_R_M_N_N_1983_31_2017.bmp308278,Alcohol,C:\PycharmProjects\Alcohol Detection\dataset\Grupo_1\E_1_1\IriTech\E_1_1_1\E_1_1_1_R_5\via_region_data.json
E_1_1_1_R_M_N_N_1983_32_2017.bmp308278,Alcohol,C:\PycharmProjects\Alcohol Detection\dataset\Grupo_1\E_1_1\IriTech\E_1_1_1\E_1_1_1_R_5\via_region_data.json
E_1_1_1_R_M_N_N_1983_33_2017.bmp308278,Alcohol,C:\PycharmProjects\Alcohol Detection\dataset\Grupo_1\E_1_1\IriTech\E_1_1_1\E_1_1_1_R_5\via_region_data.json
E_1_1_1_R_M_N_N_1983_34_2017.bmp308278,Alcohol,C:\PycharmProjects\Alcohol Detection\dataset\Grupo_1\E_1_1\IriTech\E_1_1_1\E_1_1_1_R_5\via_region_data.json
E_1_1_1_R_M_N_N_1983_35_2017.bmp308278,Alcohol,C:\PycharmProjects\Alcohol Detection\dataset\Grupo_1\E_1_1\IriTech\E_1_1_1\E_1_1_1_R_5\via_region_data.json
E_1_1_1_R_M_N_N_1983_36_2017.bmp308278,Alcohol,C:\PycharmProjects\Alcohol Detection\dataset\Grupo_1\E_1_1\IriTech\E_1_1_1\E_1_1_1_R_5\via_region_data.json
E_1_1_1_R_M_N_N_1983_37_2017.bmp308278,Alcohol,C:\PycharmProjects\Alcohol Detection\dataset\Grupo_1\E_1_1\IriTech\E_1_1_1\E_1_1_1_R_5\via_region_data.json
E_1_1_1_R_M_N_N_1983_38_2017.bmp308278,Alcohol,C:\PycharmProjects\Alcohol Detection\dataset\Grupo_1\E_1_1\IriTech\E_1_1_1\E_1_1_1_R_5\via_region_data.json
E_1_1_1_R_M_N_N_1983_39_2017.bmp308278,Alcohol,C:\PycharmProjects\Alcohol Detection\dataset\Grupo_1\E_1_1\IriTech\E_1_1_1\E_1_1_1_R_5\via_region_data.json
E_1_1_1_R_M_N_N_1983_40_2017.bmp308278,Alcohol,C:\PycharmProjects\Alcohol Detection\dataset\Grupo_1\E_1_1\IriTech\E_1_1_1\E_1_1_1_R_5\via_region_data.json
E_1_1_1_R_M_N_N_1983_41_2017.bmp308278,Alcohol,C:\PycharmProjects\Alcohol Detection\dataset\Grupo_1\E_1_1\IriTech\E_1_1_1\E_1_1_1_R_5\via_region_data.json
E_1_1_1_R_M_N_N_1983_42_2017.bmp308278,Alcohol,C:\PycharmProjects\Alcohol Detection\dataset\Grupo_1\E_1_1\IriTech\E_1_1_1\E_1_1_1_R_5\via_region_data.json
E_1_1_1_R_M_N_N_1983_43_2017.bmp308278,Alcohol,C:\PycharmProjects\Alcohol Detection\dataset\Grupo_1\E_1_1\IriTech\E_1_1_1\E_1_1_1_R_5\via_region_data.json
E_1_1_1_R_M_N_N_1983_44_2017.bmp308278,Alcohol,C:\PycharmProjects\Alcohol Detection\dataset\Grupo_1\E_1_1\IriTech\E_1_1_1\E_1_1_1_R_5\via_region_data.json
E_1_1_1_R_M_N_N_1983_45_2017.bmp308278,Alcohol,C:\PycharmProjects\Alcohol Detection\dataset\Grupo_1\E_1_1\IriTech\E_1_1_1\E_1_1_1_R_5\via_region_data.json
E_1_1_1_R_M_N_N_1983_46_2017.bmp308278,Alcohol,C:\PycharmProjects\Alcohol Detection\dataset\Grupo_1\E_1_1\IriTech\E_1_1_1\E_1_1_1_R_5\via_region_data.json
E_1_1_1_R_M_N_N_1983_47_2017.bmp308278,Alcohol,C:\PycharmProjects\Alcohol Detection\dataset\Grupo_1\E_1_1\IriTech\E_1_1_1\E_1_1_1_R_5\via_region_data.json
E_1_1_1_R_M_N_N_1983_48_2017.bmp308278,Alcohol,C:\PycharmProjects\Alcohol Detection\dataset\Grupo_1\E_1_1\IriTech\E_1_1_1\E_1_1_1_R_5\via_region_data.json
E_1_1_1_R_M_N_N_1983_49_2017.bmp308278,Alcohol,C:\PycharmProjects\Alcohol Detection\dataset\Grupo_1\E_1_1\IriTech\E_1_1_1\E_1_1_1_R_5\via_region_data.json
E_1_1_1_R_M_N_N_1983_50_2017.bmp308278,Alcohol,C:\PycharmProjects\Alcohol Detection\dataset\Grupo_1\E_1_1\IriTech\E_1_1_1\E_1_1_1_R_5\via_region_data.json
E_1_1_1_R_M_N_N_1983_51_2017.bmp308278,Alcohol,C:\PycharmProjects\Alcohol Detection\dataset\Grupo_1\E_1_1\IriTech\E_1_1_1\E_1_1_1_R_5\via_region_data.json
E_1_1_1_R_M_N_N_1983_52_2017.bmp308278,Alcohol,C:\PycharmProjects\Alcohol Detection\dataset\Grupo_1\E_1_1\IriTech\E_1_1_1\E_1_1_1_R_5\via_region_data.json
E_1_1_1_R_M_N_N_1983_53_2017.bmp308278,Alcohol,C:\PycharmProjects\Alcohol Detection\dataset\Grupo_1\E_1_1\IriTech\E_1_1_1\E_1_1_1_R_5\via_region_data.json
E_1_1_1_R_M_N_N_1983_54_2017.bmp308278,Alcohol,C:\PycharmProjects\Alcohol Detection\dataset\Grupo_1\E_1_1\IriTech\E_1_1_1\E_1_1_1_R_5\via_region_data.json
E_1_1_1_R_M_N_N_1983_55_2017.bmp308278,Alcohol,C:\PycharmProjects\Alcohol Detection\dataset\Grupo_1\E_1_1\IriTech\E_1_1_1\E_1_1_1_R_5\via_region_data.json
E_1_1_1_R_M_N_N_1983_56_2017.bmp308278,Alcohol,C:\PycharmProjects\Alcohol Detection\dataset\Grupo_1\E_1_1\IriTech\E_1_1_1\E_1_1_1_R_5\via_region_data.json
E_1_1_1_R_M_N_N_1983_57_2017.bmp308278,Alcohol,C:\PycharmProjects\Alcohol Detection\dataset\Grupo_1\E_1_1\IriTech\E_1_1_1\E_1_1_1_R_5\via_region_data.json
E_1_1_1_R_M_N_N_1983_58_2017.bmp308278,Alcohol,C:\PycharmProjects\Alcohol Detection\dataset\Grupo_1\E_1_1\IriTech\E_1_1_1\E_1_1_1_R_5\via_region_data.json
E_1_1_1_R_M_N_N_1983_59_2017.bmp308278,Alcohol,C:\PycharmProjects\Alcohol Detection\dataset\Grupo_1\E_1_1\IriTech\E_1_1_1\E_1_1_1_R_5\via_region_data.json
E_1_1_1_R_M_N_N_1983_60_2017.bmp308278,Alcohol,C:\PycharmProjects\Alcohol Detection\dataset\Grupo_1\E_1_1\IriTech\E_1_1_1\E_1_1_1_R_5\via_region_data.json
E_1_1_1_R_M_N_N_1983_61_2017.bmp308278,Alcohol,C:\PycharmProjects\Alcohol Detection\dataset\Grupo_1\E_1_1\IriTech\E_1_1_1\E_1_1_1_R_5\via_region_data.json
E_1_1_1_R_M_N_N_1983_62_2017.bmp308278,Alcohol,C:\PycharmProjects\Alcohol Detection\dataset\Grupo_1\E_1_1\IriTech\E_1_1_1\E_1_1_1_R_5\via_region_data.json
E_1_1_1_R_M_N_N_1983_63_2017.bmp308278,Alcohol,C:\PycharmProjects\Alcohol Detection\dataset\Grupo_1\E_1_1\IriTech\E_1_1_1\E_1_1_1_R_5\via_region_data.json
E_1_1_1_R_M_N_N_1983_64_2017.bmp308278,Alcohol,C:\PycharmProjects\Alcohol Detection\dataset\Grupo_1\E_1_1\IriTech\E_1_1_1\E_1_1_1_R_5\via_region_data.json
E_1_1_1_R_M_N_N_1983_65_2017.bmp308278,Alcohol,C:\PycharmProjects\Alcohol Detection\dataset\Grupo_1\E_1_1\IriTech\E_1_1_1\E_1_1_1_R_5\via_region_data.json
E_1_1_1_R_M_N_N_1983_66_2017.bmp308278,Alcohol,C:\PycharmProjects\Alcohol Detection\dataset\Grupo_1\E_1_1\IriTech\E_1_1_1\E_1_1_1_R_5\via_region_data.json
E_1_1_1_R_M_N_N_1983_67_2017.bmp308278,Alcohol,C:\PycharmProjects\Alcohol Detection\dataset\Grupo_1\E_1_1\IriTech\E_1_1_1\E_1_1_1_R_5\via_region_data.json
E_1_1_1_R_M_N_N_1983_68_2017.bmp308278,Alcohol,C:\PycharmProjects\Alcohol Detection\dataset\Grupo_1\E_1_1\IriTech\E_1_1_1\E_1_1_1_R_5\via_region_data.json
E_1_1_1_R_M_N_N_1983_69_2017.bmp308278,Alcohol,C:\PycharmProjects\Alcohol Detection\dataset\Grupo_1\E_1_1\IriTech\E_1_1_1\E_1_1_1_R_5\via_region_data.json
E_1_1_1_R_M_N_N_1983_70_2017.bmp308278,Alcohol,C:\PycharmProjects\Alcohol Detection\dataset\Grupo_1\E_1_1\IriTech\E_1_1_1\E_1_1_1_R_5\via_region_data.json
E_1_1_1_R_M_N_N_1983_71_2017.bmp308278,Alcohol,C:\PycharmProjects\Alcohol Detection\dataset\Grupo_1\E_1_1\IriTech\E_1_1_1\E_1_1_1_R_5\via_region_data.json
E_1_1_1_R_M_N_N_1983_72_2017.bmp308278,Alcohol,C:\PycharmProjects\Alcohol Detection\dataset\Grupo_1\E_1_1\IriTech\E_1_1_1\E_1_1_1_R_5\via_region_data.json
E_1_1_1_R_M_N_N_1983_73_2017.bmp308278,Alcohol,C:\PycharmProjects\Alcohol Detection\dataset\Grupo_1\E_1_1\IriTech\E_1_1_1\E_1_1_1_R_5\via_region_data.json
E_1_1_1_R_M_N_N_1983_74_2017.bmp308278,Alcohol,C:\PycharmProjects\Alcohol Detection\dataset\Grupo_1\E_1_1\IriTech\E_1_1_1\E_1_1_1_R_5\via_region_data.json
E_1_1_1_R_M_N_N_1983_75_2017.bmp308278,Alcohol,C:\PycharmProjects\Alcohol Detection\dataset\Grupo_1\E_1_1\IriTech\E_1_1_1\E_1_1_1_R_5\via_region_data.json
E_1_1_1_R_M_N_N_1983_76_2017.bmp308278,Alcohol,C:\PycharmProjects\Alcohol Detection\dataset\Grupo_1\E_1_1\IriTech\E_1_1_1\E_1_1_1_R_5\via_region_data.json
E_1_1_1_R_M_N_N_1983_77_2017.bmp308278,Alcohol,C:\PycharmProjects\Alcohol Detection\dataset\Grupo_1\E_1_1\IriTech\E_1_1_1\E_1_1_1_R_5\via_region_data.json
E_1_1_2_L_M_N_N_1983_0_2017.bmp308278,Non-Alcohol,C:\PycharmProjects\Alcohol Detection\dataset\Grupo_1\E_1_1\IriTech\E_1_1_2\via_region_data.json
E_1_1_2_R_M_N_N_1983_0_2017.bmp308278,Non-Alcohol,C:\PycharmProjects\Alcohol Detection\dataset\Grupo_1\E_1_1\IriTech\E_1_1_2\via_region_data.json
E_1_1_2_L_M_N_N_1983_0_2017.bmp308278,Non-Alcohol,C:\PycharmProjects\Alcohol Detection\dataset\Grupo_1\E_1_1\IriTech\E_1_1_2\E_1_1_2_L_5\via_region_data.json
E_1_1_2_L_M_N_N_1983_1_2017.bmp308278,Alcohol,C:\PycharmProjects\Alcohol Detection\dataset\Grupo_1\E_1_1\IriTech\E_1_1_2\E_1_1_2_L_5\via_region_data.json
E_1_1_2_L_M_N_N_1983_2_2017.bmp308278,Alcohol,C:\PycharmProjects\Alcohol Detection\dataset\Grupo_1\E_1_1\IriTech\E_1_1_2\E_1_1_2_L_5\via_region_data.json
E_1_1_2_L_M_N_N_1983_3_2017.bmp308278,Alcohol,C:\PycharmProjects\Alcohol Detection\dataset\Grupo_1\E_1_1\IriTech\E_1_1_2\E_1_1_2_L_5\via_region_data.json
E_1_1_2_L_M_N_N_1983_4_2017.bmp308278,Alcohol,C:\PycharmProjects\Alcohol Detection\dataset\Grupo_1\E_1_1\IriTech\E_1_1_2\E_1_1_2_L_5\via_region_data.json
E_1_1_2_L_M_N_N_1983_5_2017.bmp308278,Alcohol,C:\PycharmProjects\Alcohol Detection\dataset\Grupo_1\E_1_1\IriTech\E_1_1_2\E_1_1_2_L_5\via_region_data.json
E_1_1_2_L_M_N_N_1983_6_2017.bmp308278,Alcohol,C:\PycharmProjects\Alcohol Detection\dataset\Grupo_1\E_1_1\IriTech\E_1_1_2\E_1_1_2_L_5\via_region_data.json
E_1_1_2_L_M_N_N_1983_7_2017.bmp308278,Alcohol,C:\PycharmProjects\Alcohol Detection\dataset\Grupo_1\E_1_1\IriTech\E_1_1_2\E_1_1_2_L_5\via_region_data.json
E_1_1_2_L_M_N_N_1983_8_2017.bmp308278,Alcohol,C:\PycharmProjects\Alcohol Detection\dataset\Grupo_1\E_1_1\IriTech\E_1_1_2\E_1_1_2_L_5\via_region_data.json
E_1_1_2_L_M_N_N_1983_9_2017.bmp308278,Alcohol,C:\PycharmProjects\Alcohol Detection\dataset\Grupo_1\E_1_1\IriTech\E_1_1_2\E_1_1_2_L_5\via_region_data.json
E_1_1_2_L_M_N_N_1983_10_2017.bmp308278,Alcohol,C:\PycharmProjects\Alcohol Detection\dataset\Grupo_1\E_1_1\IriTech\E_1_1_2\E_1_1_2_L_5\via_region_data.json
E_1_1_2_L_M_N_N_1983_11_2017.bmp308278,Alcohol,C:\PycharmProjects\Alcohol Detection\dataset\Grupo_1\E_1_1\IriTech\E_1_1_2\E_1_1_2_L_5\via_region_data.json
E_1_1_2_L_M_N_N_1983_12_2017.bmp308278,Alcohol,C:\PycharmProjects\Alcohol Detection\dataset\Grupo_1\E_1_1\IriTech\E_1_1_2\E_1_1_2_L_5\via_region_data.json
E_1_1_2_L_M_N_N_1983_13_2017.bmp308278,Alcohol,C:\PycharmProjects\Alcohol Detection\dataset\Grupo_1\E_1_1\IriTech\E_1_1_2\E_1_1_2_L_5\via_region_data.json
E_1_1_2_L_M_N_N_1983_14_2017.bmp308278,Alcohol,C:\PycharmProjects\Alcohol Detection\dataset\Grupo_1\E_1_1\IriTech\E_1_1_2\E_1_1_2_L_5\via_region_data.json
E_1_1_2_L_M_N_N_1983_15_2017.bmp308278,Alcohol,C:\PycharmProjects\Alcohol Detection\dataset\Grupo_1\E_1_1\IriTech\E_1_1_2\E_1_1_2_L_5\via_region_data.json
E_1_1_2_L_M_N_N_1983_16_2017.bmp308278,Alcohol,C:\PycharmProjects\Alcohol Detection\dataset\Grupo_1\E_1_1\IriTech\E_1_1_2\E_1_1_2_L_5\via_region_data.json
E_1_1_2_L_M_N_N_1983_17_2017.bmp308278,Alcohol,C:\PycharmProjects\Alcohol Detection\dataset\Grupo_1\E_1_1\IriTech\E_1_1_2\E_1_1_2_L_5\via_region_data.json
E_1_1_2_L_M_N_N_1983_18_2017.bmp308278,Alcohol,C:\PycharmProjects\Alcohol Detection\dataset\Grupo_1\E_1_1\IriTech\E_1_1_2\E_1_1_2_L_5\via_region_data.json
E_1_1_2_L_M_N_N_1983_19_2017.bmp308278,Alcohol,C:\PycharmProjects\Alcohol Detection\dataset\Grupo_1\E_1_1\IriTech\E_1_1_2\E_1_1_2_L_5\via_region_data.json
E_1_1_2_L_M_N_N_1983_20_2017.bmp308278,Alcohol,C:\PycharmProjects\Alcohol Detection\dataset\Grupo_1\E_1_1\IriTech\E_1_1_2\E_1_1_2_L_5\via_region_data.json
E_1_1_2_L_M_N_N_1983_21_2017.bmp308278,Alcohol,C:\PycharmProjects\Alcohol Detection\dataset\Grupo_1\E_1_1\IriTech\E_1_1_2\E_1_1_2_L_5\via_region_data.json
E_1_1_2_L_M_N_N_1983_22_2017.bmp308278,Alcohol,C:\PycharmProjects\Alcohol Detection\dataset\Grupo_1\E_1_1\IriTech\E_1_1_2\E_1_1_2_L_5\via_region_data.json
E_1_1_2_L_M_N_N_1983_23_2017.bmp308278,Alcohol,C:\PycharmProjects\Alcohol Detection\dataset\Grupo_1\E_1_1\IriTech\E_1_1_2\E_1_1_2_L_5\via_region_data.json
E_1_1_2_L_M_N_N_1983_24_2017.bmp308278,Alcohol,C:\PycharmProjects\Alcohol Detection\dataset\Grupo_1\E_1_1\IriTech\E_1_1_2\E_1_1_2_L_5\via_region_data.json
E_1_1_2_L_M_N_N_1983_25_2017.bmp308278,Alcohol,C:\PycharmProjects\Alcohol Detection\dataset\Grupo_1\E_1_1\IriTech\E_1_1_2\E_1_1_2_L_5\via_region_data.json
E_1_1_2_L_M_N_N_1983_26_2017.bmp308278,Alcohol,C:\PycharmProjects\Alcohol Detection\dataset\Grupo_1\E_1_1\IriTech\E_1_1_2\E_1_1_2_L_5\via_region_data.json
E_1_1_2_L_M_N_N_1983_27_2017.bmp308278,Alcohol,C:\PycharmProjects\Alcohol Detection\dataset\Grupo_1\E_1_1\IriTech\E_1_1_2\E_1_1_2_L_5\via_region_data.json
E_1_1_2_L_M_N_N_1983_28_2017.bmp308278,Alcohol,C:\PycharmProjects\Alcohol Detection\dataset\Grupo_1\E_1_1\IriTech\E_1_1_2\E_1_1_2_L_5\via_region_data.json
E_1_1_2_L_M_N_N_1983_29_2017.bmp308278,Alcohol,C:\PycharmProjects\Alcohol Detection\dataset\Grupo_1\E_1_1\IriTech\E_1_1_2\E_1_1_2_L_5\via_region_data.json
E_1_1_2_L_M_N_N_1983_30_2017.bmp308278,Alcohol,C:\PycharmProjects\Alcohol Detection\dataset\Grupo_1\E_1_1\IriTech\E_1_1_2\E_1_1_2_L_5\via_region_data.json
E_1_1_2_L_M_N_N_1983_31_2017.bmp308278,Alcohol,C:\PycharmProjects\Alcohol Detection\dataset\Grupo_1\E_1_1\IriTech\E_1_1_2\E_1_1_2_L_5\via_region_data.json
E_1_1_2_L_M_N_N_1983_32_2017.bmp308278,Alcohol,C:\PycharmProjects\Alcohol Detection\dataset\Grupo_1\E_1_1\IriTech\E_1_1_2\E_1_1_2_L_5\via_region_data.json
E_1_1_2_L_M_N_N_1983_33_2017.bmp308278,Alcohol,C:\PycharmProjects\Alcohol Detection\dataset\Grupo_1\E_1_1\IriTech\E_1_1_2\E_1_1_2_L_5\via_region_data.json
E_1_1_2_L_M_N_N_1983_34_2017.bmp308278,Alcohol,C:\PycharmProjects\Alcohol Detection\dataset\Grupo_1\E_1_1\IriTech\E_1_1_2\E_1_1_2_L_5\via_region_data.json
E_1_1_2_L_M_N_N_1983_35_2017.bmp308278,Alcohol,C:\PycharmProjects\Alcohol Detection\dataset\Grupo_1\E_1_1\IriTech\E_1_1_2\E_1_1_2_L_5\via_region_data.json
E_1_1_2_L_M_N_N_1983_36_2017.bmp308278,Alcohol,C:\PycharmProjects\Alcohol Detection\dataset\Grupo_1\E_1_1\IriTech\E_1_1_2\E_1_1_2_L_5\via_region_data.json
E_1_1_2_L_M_N_N_1983_37_2017.bmp308278,Alcohol,C:\PycharmProjects\Alcohol Detection\dataset\Grupo_1\E_1_1\IriTech\E_1_1_2\E_1_1_2_L_5\via_region_data.json
E_1_1_2_L_M_N_N_1983_38_2017.bmp308278,Alcohol,C:\PycharmProjects\Alcohol Detection\dataset\Grupo_1\E_1_1\IriTech\E_1_1_2\E_1_1_2_L_5\via_region_data.json
E_1_1_2_L_M_N_N_1983_39_2017.bmp308278,Alcohol,C:\PycharmProjects\Alcohol Detection\dataset\Grupo_1\E_1_1\IriTech\E_1_1_2\E_1_1_2_L_5\via_region_data.json
E_1_1_2_L_M_N_N_1983_40_2017.bmp308278,Alcohol,C:\PycharmProjects\Alcohol Detection\dataset\Grupo_1\E_1_1\IriTech\E_1_1_2\E_1_1_2_L_5\via_region_data.json
E_1_1_2_L_M_N_N_1983_41_2017.bmp308278,Alcohol,C:\PycharmProjects\Alcohol Detection\dataset\Grupo_1\E_1_1\IriTech\E_1_1_2\E_1_1_2_L_5\via_region_data.json
E_1_1_2_L_M_N_N_1983_42_2017.bmp308278,Alcohol,C:\PycharmProjects\Alcohol Detection\dataset\Grupo_1\E_1_1\IriTech\E_1_1_2\E_1_1_2_L_5\via_region_data.json
E_1_1_2_L_M_N_N_1983_43_2017.bmp308278,Alcohol,C:\PycharmProjects\Alcohol Detection\dataset\Grupo_1\E_1_1\IriTech\E_1_1_2\E_1_1_2_L_5\via_region_data.json
E_1_1_2_L_M_N_N_1983_44_2017.bmp308278,Alcohol,C:\PycharmProjects\Alcohol Detection\dataset\Grupo_1\E_1_1\IriTech\E_1_1_2\E_1_1_2_L_5\via_region_data.json
E_1_1_2_L_M_N_N_1983_45_2017.bmp308278,Alcohol,C:\PycharmProjects\Alcohol Detection\dataset\Grupo_1\E_1_1\IriTech\E_1_1_2\E_1_1_2_L_5\via_region_data.json
E_1_1_2_L_M_N_N_1983_46_2017.bmp308278,Alcohol,C:\PycharmProjects\Alcohol Detection\dataset\Grupo_1\E_1_1\IriTech\E_1_1_2\E_1_1_2_L_5\via_region_data.json
E_1_1_2_L_M_N_N_1983_47_2017.bmp308278,Alcohol,C:\PycharmProjects\Alcohol Detection\dataset\Grupo_1\E_1_1\IriTech\E_1_1_2\E_1_1_2_L_5\via_region_data.json
E_1_1_2_L_M_N_N_1983_48_2017.bmp308278,Alcohol,C:\PycharmProjects\Alcohol Detection\dataset\Grupo_1\E_1_1\IriTech\E_1_1_2\E_1_1_2_L_5\via_region_data.json
E_1_1_2_L_M_N_N_1983_49_2017.bmp308278,Alcohol,C:\PycharmProjects\Alcohol Detection\dataset\Grupo_1\E_1_1\IriTech\E_1_1_2\E_1_1_2_L_5\via_region_data.json
E_1_1_2_L_M_N_N_1983_50_2017.bmp308278,Alcohol,C:\PycharmProjects\Alcohol Detection\dataset\Grupo_1\E_1_1\IriTech\E_1_1_2\E_1_1_2_L_5\via_region_data.json
E_1_1_2_L_M_N_N_1983_51_2017.bmp308278,Alcohol,C:\PycharmProjects\Alcohol Detection\dataset\Grupo_1\E_1_1\IriTech\E_1_1_2\E_1_1_2_L_5\via_region_data.json
E_1_1_2_L_M_N_N_1983_52_2017.bmp308278,Alcohol,C:\PycharmProjects\Alcohol Detection\dataset\Grupo_1\E_1_1\IriTech\E_1_1_2\E_1_1_2_L_5\via_region_data.json
E_1_1_2_L_M_N_N_1983_53_2017.bmp308278,Alcohol,C:\PycharmProjects\Alcohol Detection\dataset\Grupo_1\E_1_1\IriTech\E_1_1_2\E_1_1_2_L_5\via_region_data.json
E_1_1_2_L_M_N_N_1983_54_2017.bmp308278,Alcohol,C:\PycharmProjects\Alcohol Detection\dataset\Grupo_1\E_1_1\IriTech\E_1_1_2\E_1_1_2_L_5\via_region_data.json
E_1_1_2_L_M_N_N_1983_55_2017.bmp308278,Alcohol,C:\PycharmProjects\Alcohol Detection\dataset\Grupo_1\E_1_1\IriTech\E_1_1_2\E_1_1_2_L_5\via_region_data.json
E_1_1_2_L_M_N_N_1983_56_2017.bmp308278,Alcohol,C:\PycharmProjects\Alcohol Detection\dataset\Grupo_1\E_1_1\IriTech\E_1_1_2\E_1_1_2_L_5\via_region_data.json
E_1_1_2_L_M_N_N_1983_57_2017.bmp308278,Alcohol,C:\PycharmProjects\Alcohol Detection\dataset\Grupo_1\E_1_1\IriTech\E_1_1_2\E_1_1_2_L_5\via_region_data.json
E_1_1_2_L_M_N_N_1983_58_2017.bmp308278,Alcohol,C:\PycharmProjects\Alcohol Detection\dataset\Grupo_1\E_1_1\IriTech\E_1_1_2\E_1_1_2_L_5\via_region_data.json
E_1_1_2_L_M_N_N_1983_59_2017.bmp308278,Alcohol,C:\PycharmProjects\Alcohol Detection\dataset\Grupo_1\E_1_1\IriTech\E_1_1_2\E_1_1_2_L_5\via_region_data.json
E_1_1_2_L_M_N_N_1983_60_2017.bmp308278,Alcohol,C:\PycharmProjects\Alcohol Detection\dataset\Grupo_1\E_1_1\IriTech\E_1_1_2\E_1_1_2_L_5\via_region_data.json
E_1_1_2_L_M_N_N_1983_61_2017.bmp308278,Alcohol,C:\PycharmProjects\Alcohol Detection\dataset\Grupo_1\E_1_1\IriTech\E_1_1_2\E_1_1_2_L_5\via_region_data.json
E_1_1_2_L_M_N_N_1983_62_2017.bmp308278,Alcohol,C:\PycharmProjects\Alcohol Detection\dataset\Grupo_1\E_1_1\IriTech\E_1_1_2\E_1_1_2_L_5\via_region_data.json
E_1_1_2_L_M_N_N_1983_63_2017.bmp308278,Alcohol,C:\PycharmProjects\Alcohol Detection\dataset\Grupo_1\E_1_1\IriTech\E_1_1_2\E_1_1_2_L_5\via_region_data.json
E_1_1_2_L_M_N_N_1983_64_2017.bmp308278,Alcohol,C:\PycharmProjects\Alcohol Detection\dataset\Grupo_1\E_1_1\IriTech\E_1_1_2\E_1_1_2_L_5\via_region_data.json
E_1_1_2_L_M_N_N_1983_65_2017.bmp308278,Alcohol,C:\PycharmProjects\Alcohol Detection\dataset\Grupo_1\E_1_1\IriTech\E_1_1_2\E_1_1_2_L_5\via_region_data.json
E_1_1_2_L_M_N_N_1983_66_2017.bmp308278,Alcohol,C:\PycharmProjects\Alcohol Detection\dataset\Grupo_1\E_1_1\IriTech\E_1_1_2\E_1_1_2_L_5\via_region_data.json
E_1_1_2_L_M_N_N_1983_67_2017.bmp308278,Alcohol,C:\PycharmProjects\Alcohol Detection\dataset\Grupo_1\E_1_1\IriTech\E_1_1_2\E_1_1_2_L_5\via_region_data.json
E_1_1_2_L_M_N_N_1983_68_2017.bmp308278,Alcohol,C:\PycharmProjects\Alcohol Detection\dataset\Grupo_1\E_1_1\IriTech\E_1_1_2\E_1_1_2_L_5\via_region_data.json
E_1_1_2_L_M_N_N_1983_69_2017.bmp308278,Alcohol,C:\PycharmProjects\Alcohol Detection\dataset\Grupo_1\E_1_1\IriTech\E_1_1_2\E_1_1_2_L_5\via_region_data.json
E_1_1_2_L_M_N_N_1983_70_2017.bmp308278,Alcohol,C:\PycharmProjects\Alcohol Detection\dataset\Grupo_1\E_1_1\IriTech\E_1_1_2\E_1_1_2_L_5\via_region_data.json
E_1_1_2_L_M_N_N_1983_71_2017.bmp308278,Alcohol,C:\PycharmProjects\Alcohol Detection\dataset\Grupo_1\E_1_1\IriTech\E_1_1_2\E_1_1_2_L_5\via_region_data.json
E_1_1_2_L_M_N_N_1983_72_2017.bmp308278,Alcohol,C:\PycharmProjects\Alcohol Detection\dataset\Grupo_1\E_1_1\IriTech\E_1_1_2\E_1_1_2_L_5\via_region_data.json
E_1_1_2_L_M_N_N_1983_73_2017.bmp308278,Alcohol,C:\PycharmProjects\Alcohol Detection\dataset\Grupo_1\E_1_1\IriTech\E_1_1_2\E_1_1_2_L_5\via_region_data.json
E_1_1_2_L_M_N_N_1983_74_2017.bmp308278,Alcohol,C:\PycharmProjects\Alcohol Detection\dataset\Grupo_1\E_1_1\IriTech\E_1_1_2\E_1_1_2_L_5\via_region_data.json
E_1_1_2_L_M_N_N_1983_75_2017.bmp308278,Alcohol,C:\PycharmProjects\Alcohol Detection\dataset\Grupo_1\E_1_1\IriTech\E_1_1_2\E_1_1_2_L_5\via_region_data.json
E_1_1_2_L_M_N_N_1983_76_2017.bmp308278,Alcohol,C:\PycharmProjects\Alcohol Detection\dataset\Grupo_1\E_1_1\IriTech\E_1_1_2\E_1_1_2_L_5\via_region_data.json
E_1_1_2_L_M_N_N_1983_77_2017.bmp308278,Alcohol,C:\PycharmProjects\Alcohol Detection\dataset\Grupo_1\E_1_1\IriTech\E_1_1_2\E_1_1_2_L_5\via_region_data.json
E_1_1_2_L_M_N_N_1983_78_2017.bmp308278,Alcohol,C:\PycharmProjects\Alcohol Detection\dataset\Grupo_1\E_1_1\IriTech\E_1_1_2\E_1_1_2_L_5\via_region_data.json
E_1_1_2_L_M_N_N_1983_79_2017.bmp308278,Alcohol,C:\PycharmProjects\Alcohol Detection\dataset\Grupo_1\E_1_1\IriTech\E_1_1_2\E_1_1_2_L_5\via_region_data.json
E_1_1_2_R_M_N_N_1983_0_2017.bmp308278,Non-Alcohol,C:\PycharmProjects\Alcohol Detection\dataset\Grupo_1\E_1_1\IriTech\E_1_1_2\E_1_1_2_R_5\via_region_data.json
E_1_1_2_R_M_N_N_1983_1_2017.bmp308278,Alcohol,C:\PycharmProjects\Alcohol Detection\dataset\Grupo_1\E_1_1\IriTech\E_1_1_2\E_1_1_2_R_5\via_region_data.json
E_1_1_2_R_M_N_N_1983_2_2017.bmp308278,Alcohol,C:\PycharmProjects\Alcohol Detection\dataset\Grupo_1\E_1_1\IriTech\E_1_1_2\E_1_1_2_R_5\via_region_data.json
E_1_1_2_R_M_N_N_1983_3_2017.bmp308278,Alcohol,C:\PycharmProjects\Alcohol Detection\dataset\Grupo_1\E_1_1\IriTech\E_1_1_2\E_1_1_2_R_5\via_region_data.json
E_1_1_2_R_M_N_N_1983_4_2017.bmp308278,Alcohol,C:\PycharmProjects\Alcohol Detection\dataset\Grupo_1\E_1_1\IriTech\E_1_1_2\E_1_1_2_R_5\via_region_data.json
E_1_1_2_R_M_N_N_1983_5_2017.bmp308278,Alcohol,C:\PycharmProjects\Alcohol Detection\dataset\Grupo_1\E_1_1\IriTech\E_1_1_2\E_1_1_2_R_5\via_region_data.json
E_1_1_2_R_M_N_N_1983_6_2017.bmp308278,Alcohol,C:\PycharmProjects\Alcohol Detection\dataset\Grupo_1\E_1_1\IriTech\E_1_1_2\E_1_1_2_R_5\via_region_data.json
E_1_1_2_R_M_N_N_1983_7_2017.bmp308278,Alcohol,C:\PycharmProjects\Alcohol Detection\dataset\Grupo_1\E_1_1\IriTech\E_1_1_2\E_1_1_2_R_5\via_region_data.json
E_1_1_2_R_M_N_N_1983_8_2017.bmp308278,Alcohol,C:\PycharmProjects\Alcohol Detection\dataset\Grupo_1\E_1_1\IriTech\E_1_1_2\E_1_1_2_R_5\via_region_data.json
E_1_1_2_R_M_N_N_1983_9_2017.bmp308278,Alcohol,C:\PycharmProjects\Alcohol Detection\dataset\Grupo_1\E_1_1\IriTech\E_1_1_2\E_1_1_2_R_5\via_region_data.json
E_1_1_2_R_M_N_N_1983_10_2017.bmp308278,Alcohol,C:\PycharmProjects\Alcohol Detection\dataset\Grupo_1\E_1_1\IriTech\E_1_1_2\E_1_1_2_R_5\via_region_data.json
E_1_1_2_R_M_N_N_1983_11_2017.bmp308278,Alcohol,C:\PycharmProjects\Alcohol Detection\dataset\Grupo_1\E_1_1\IriTech\E_1_1_2\E_1_1_2_R_5\via_region_data.json
E_1_1_2_R_M_N_N_1983_12_2017.bmp308278,Alcohol,C:\PycharmProjects\Alcohol Detection\dataset\Grupo_1\E_1_1\IriTech\E_1_1_2\E_1_1_2_R_5\via_region_data.json
E_1_1_2_R_M_N_N_1983_13_2017.bmp308278,Alcohol,C:\PycharmProjects\Alcohol Detection\dataset\Grupo_1\E_1_1\IriTech\E_1_1_2\E_1_1_2_R_5\via_region_data.json
E_1_1_2_R_M_N_N_1983_14_2017.bmp308278,Alcohol,C:\PycharmProjects\Alcohol Detection\dataset\Grupo_1\E_1_1\IriTech\E_1_1_2\E_1_1_2_R_5\via_region_data.json
E_1_1_2_R_M_N_N_1983_15_2017.bmp308278,Alcohol,C:\PycharmProjects\Alcohol Detection\dataset\Grupo_1\E_1_1\IriTech\E_1_1_2\E_1_1_2_R_5\via_region_data.json
E_1_1_2_R_M_N_N_1983_16_2017.bmp308278,Alcohol,C:\PycharmProjects\Alcohol Detection\dataset\Grupo_1\E_1_1\IriTech\E_1_1_2\E_1_1_2_R_5\via_region_data.json
E_1_1_2_R_M_N_N_1983_17_2017.bmp308278,Alcohol,C:\PycharmProjects\Alcohol Detection\dataset\Grupo_1\E_1_1\IriTech\E_1_1_2\E_1_1_2_R_5\via_region_data.json
E_1_1_2_R_M_N_N_1983_18_2017.bmp308278,Alcohol,C:\PycharmProjects\Alcohol Detection\dataset\Grupo_1\E_1_1\IriTech\E_1_1_2\E_1_1_2_R_5\via_region_data.json
E_1_1_2_R_M_N_N_1983_19_2017.bmp308278,Alcohol,C:\PycharmProjects\Alcohol Detection\dataset\Grupo_1\E_1_1\IriTech\E_1_1_2\E_1_1_2_R_5\via_region_data.json
E_1_1_2_R_M_N_N_1983_20_2017.bmp308278,Alcohol,C:\PycharmProjects\Alcohol Detection\dataset\Grupo_1\E_1_1\IriTech\E_1_1_2\E_1_1_2_R_5\via_region_data.json
E_1_1_2_R_M_N_N_1983_21_2017.bmp308278,Alcohol,C:\PycharmProjects\Alcohol Detection\dataset\Grupo_1\E_1_1\IriTech\E_1_1_2\E_1_1_2_R_5\via_region_data.json
E_1_1_2_R_M_N_N_1983_22_2017.bmp308278,Alcohol,C:\PycharmProjects\Alcohol Detection\dataset\Grupo_1\E_1_1\IriTech\E_1_1_2\E_1_1_2_R_5\via_region_data.json
E_1_1_2_R_M_N_N_1983_23_2017.bmp308278,Alcohol,C:\PycharmProjects\Alcohol Detection\dataset\Grupo_1\E_1_1\IriTech\E_1_1_2\E_1_1_2_R_5\via_region_data.json
E_1_1_2_R_M_N_N_1983_24_2017.bmp308278,Alcohol,C:\PycharmProjects\Alcohol Detection\dataset\Grupo_1\E_1_1\IriTech\E_1_1_2\E_1_1_2_R_5\via_region_data.json
E_1_1_2_R_M_N_N_1983_25_2017.bmp308278,Alcohol,C:\PycharmProjects\Alcohol Detection\dataset\Grupo_1\E_1_1\IriTech\E_1_1_2\E_1_1_2_R_5\via_region_data.json
E_1_1_2_R_M_N_N_1983_26_2017.bmp308278,Alcohol,C:\PycharmProjects\Alcohol Detection\dataset\Grupo_1\E_1_1\IriTech\E_1_1_2\E_1_1_2_R_5\via_region_data.json
E_1_1_2_R_M_N_N_1983_27_2017.bmp308278,Alcohol,C:\PycharmProjects\Alcohol Detection\dataset\Grupo_1\E_1_1\IriTech\E_1_1_2\E_1_1_2_R_5\via_region_data.json
E_1_1_2_R_M_N_N_1983_28_2017.bmp308278,Alcohol,C:\PycharmProjects\Alcohol Detection\dataset\Grupo_1\E_1_1\IriTech\E_1_1_2\E_1_1_2_R_5\via_region_data.json
E_1_1_2_R_M_N_N_1983_29_2017.bmp308278,Alcohol,C:\PycharmProjects\Alcohol Detection\dataset\Grupo_1\E_1_1\IriTech\E_1_1_2\E_1_1_2_R_5\via_region_data.json
E_1_1_2_R_M_N_N_1983_30_2017.bmp308278,Alcohol,C:\PycharmProjects\Alcohol Detection\dataset\Grupo_1\E_1_1\IriTech\E_1_1_2\E_1_1_2_R_5\via_region_data.json
E_1_1_2_R_M_N_N_1983_31_2017.bmp308278,Alcohol,C:\PycharmProjects\Alcohol Detection\dataset\Grupo_1\E_1_1\IriTech\E_1_1_2\E_1_1_2_R_5\via_region_data.json
E_1_1_2_R_M_N_N_1983_32_2017.bmp308278,Alcohol,C:\PycharmProjects\Alcohol Detection\dataset\Grupo_1\E_1_1\IriTech\E_1_1_2\E_1_1_2_R_5\via_region_data.json
E_1_1_2_R_M_N_N_1983_33_2017.bmp308278,Alcohol,C:\PycharmProjects\Alcohol Detection\dataset\Grupo_1\E_1_1\IriTech\E_1_1_2\E_1_1_2_R_5\via_region_data.json
E_1_1_2_R_M_N_N_1983_34_2017.bmp308278,Alcohol,C:\PycharmProjects\Alcohol Detection\dataset\Grupo_1\E_1_1\IriTech\E_1_1_2\E_1_1_2_R_5\via_region_data.json
E_1_1_2_R_M_N_N_1983_35_2017.bmp308278,Alcohol,C:\PycharmProjects\Alcohol Detection\dataset\Grupo_1\E_1_1\IriTech\E_1_1_2\E_1_1_2_R_5\via_region_data.json
E_1_1_2_R_M_N_N_1983_36_2017.bmp308278,Alcohol,C:\PycharmProjects\Alcohol Detection\dataset\Grupo_1\E_1_1\IriTech\E_1_1_2\E_1_1_2_R_5\via_region_data.json
E_1_1_2_R_M_N_N_1983_37_2017.bmp308278,Alcohol,C:\PycharmProjects\Alcohol Detection\dataset\Grupo_1\E_1_1\IriTech\E_1_1_2\E_1_1_2_R_5\via_region_data.json
E_1_1_2_R_M_N_N_1983_38_2017.bmp308278,Alcohol,C:\PycharmProjects\Alcohol Detection\dataset\Grupo_1\E_1_1\IriTech\E_1_1_2\E_1_1_2_R_5\via_region_data.json
E_1_1_2_R_M_N_N_1983_39_2017.bmp308278,Alcohol,C:\PycharmProjects\Alcohol Detection\dataset\Grupo_1\E_1_1\IriTech\E_1_1_2\E_1_1_2_R_5\via_region_data.json
E_1_1_2_R_M_N_N_1983_40_2017.bmp308278,Alcohol,C:\PycharmProjects\Alcohol Detection\dataset\Grupo_1\E_1_1\IriTech\E_1_1_2\E_1_1_2_R_5\via_region_data.json
E_1_1_2_R_M_N_N_1983_41_2017.bmp308278,Alcohol,C:\PycharmProjects\Alcohol Detection\dataset\Grupo_1\E_1_1\IriTech\E_1_1_2\E_1_1_2_R_5\via_region_data.json
E_1_1_2_R_M_N_N_1983_42_2017.bmp308278,Alcohol,C:\PycharmProjects\Alcohol Detection\dataset\Grupo_1\E_1_1\IriTech\E_1_1_2\E_1_1_2_R_5\via_region_data.json
E_1_1_2_R_M_N_N_1983_43_2017.bmp308278,Alcohol,C:\PycharmProjects\Alcohol Detection\dataset\Grupo_1\E_1_1\IriTech\E_1_1_2\E_1_1_2_R_5\via_region_data.json
E_1_1_2_R_M_N_N_1983_44_2017.bmp308278,Alcohol,C:\PycharmProjects\Alcohol Detection\dataset\Grupo_1\E_1_1\IriTech\E_1_1_2\E_1_1_2_R_5\via_region_data.json
E_1_1_2_R_M_N_N_1983_45_2017.bmp308278,Alcohol,C:\PycharmProjects\Alcohol Detection\dataset\Grupo_1\E_1_1\IriTech\E_1_1_2\E_1_1_2_R_5\via_region_data.json
E_1_1_2_R_M_N_N_1983_46_2017.bmp308278,Alcohol,C:\PycharmProjects\Alcohol Detection\dataset\Grupo_1\E_1_1\IriTech\E_1_1_2\E_1_1_2_R_5\via_region_data.json
E_1_1_2_R_M_N_N_1983_47_2017.bmp308278,Alcohol,C:\PycharmProjects\Alcohol Detection\dataset\Grupo_1\E_1_1\IriTech\E_1_1_2\E_1_1_2_R_5\via_region_data.json
E_1_1_2_R_M_N_N_1983_48_2017.bmp308278,Alcohol,C:\PycharmProjects\Alcohol Detection\dataset\Grupo_1\E_1_1\IriTech\E_1_1_2\E_1_1_2_R_5\via_region_data.json
E_1_1_2_R_M_N_N_1983_49_2017.bmp308278,Alcohol,C:\PycharmProjects\Alcohol Detection\dataset\Grupo_1\E_1_1\IriTech\E_1_1_2\E_1_1_2_R_5\via_region_data.json
E_1_1_2_R_M_N_N_1983_50_2017.bmp308278,Alcohol,C:\PycharmProjects\Alcohol Detection\dataset\Grupo_1\E_1_1\IriTech\E_1_1_2\E_1_1_2_R_5\via_region_data.json
E_1_1_2_R_M_N_N_1983_51_2017.bmp308278,Alcohol,C:\PycharmProjects\Alcohol Detection\dataset\Grupo_1\E_1_1\IriTech\E_1_1_2\E_1_1_2_R_5\via_region_data.json
E_1_1_2_R_M_N_N_1983_52_2017.bmp308278,Alcohol,C:\PycharmProjects\Alcohol Detection\dataset\Grupo_1\E_1_1\IriTech\E_1_1_2\E_1_1_2_R_5\via_region_data.json
E_1_1_2_R_M_N_N_1983_53_2017.bmp308278,Alcohol,C:\PycharmProjects\Alcohol Detection\dataset\Grupo_1\E_1_1\IriTech\E_1_1_2\E_1_1_2_R_5\via_region_data.json
E_1_1_2_R_M_N_N_1983_54_2017.bmp308278,Alcohol,C:\PycharmProjects\Alcohol Detection\dataset\Grupo_1\E_1_1\IriTech\E_1_1_2\E_1_1_2_R_5\via_region_data.json
E_1_1_2_R_M_N_N_1983_55_2017.bmp308278,Alcohol,C:\PycharmProjects\Alcohol Detection\dataset\Grupo_1\E_1_1\IriTech\E_1_1_2\E_1_1_2_R_5\via_region_data.json
E_1_1_2_R_M_N_N_1983_56_2017.bmp308278,Alcohol,C:\PycharmProjects\Alcohol Detection\dataset\Grupo_1\E_1_1\IriTech\E_1_1_2\E_1_1_2_R_5\via_region_data.json
E_1_1_2_R_M_N_N_1983_57_2017.bmp308278,Alcohol,C:\PycharmProjects\Alcohol Detection\dataset\Grupo_1\E_1_1\IriTech\E_1_1_2\E_1_1_2_R_5\via_region_data.json
E_1_1_2_R_M_N_N_1983_58_2017.bmp308278,Alcohol,C:\PycharmProjects\Alcohol Detection\dataset\Grupo_1\E_1_1\IriTech\E_1_1_2\E_1_1_2_R_5\via_region_data.json
E_1_1_2_R_M_N_N_1983_59_2017.bmp308278,Alcohol,C:\PycharmProjects\Alcohol Detection\dataset\Grupo_1\E_1_1\IriTech\E_1_1_2\E_1_1_2_R_5\via_region_data.json
E_1_1_2_R_M_N_N_1983_60_2017.bmp308278,Alcohol,C:\PycharmProjects\Alcohol Detection\dataset\Grupo_1\E_1_1\IriTech\E_1_1_2\E_1_1_2_R_5\via_region_data.json
E_1_1_2_R_M_N_N_1983_61_2017.bmp308278,Alcohol,C:\PycharmProjects\Alcohol Detection\dataset\Grupo_1\E_1_1\IriTech\E_1_1_2\E_1_1_2_R_5\via_region_data.json
E_1_1_2_R_M_N_N_1983_62_2017.bmp308278,Alcohol,C:\PycharmProjects\Alcohol Detection\dataset\Grupo_1\E_1_1\IriTech\E_1_1_2\E_1_1_2_R_5\via_region_data.json
E_1_1_2_R_M_N_N_1983_63_2017.bmp308278,Alcohol,C:\PycharmProjects\Alcohol Detection\dataset\Grupo_1\E_1_1\IriTech\E_1_1_2\E_1_1_2_R_5\via_region_data.json
E_1_1_2_R_M_N_N_1983_64_2017.bmp308278,Alcohol,C:\PycharmProjects\Alcohol Detection\dataset\Grupo_1\E_1_1\IriTech\E_1_1_2\E_1_1_2_R_5\via_region_data.json
E_1_1_2_R_M_N_N_1983_65_2017.bmp308278,Alcohol,C:\PycharmProjects\Alcohol Detection\dataset\Grupo_1\E_1_1\IriTech\E_1_1_2\E_1_1_2_R_5\via_region_data.json
E_1_1_2_R_M_N_N_1983_66_2017.bmp308278,Alcohol,C:\PycharmProjects\Alcohol Detection\dataset\Grupo_1\E_1_1\IriTech\E_1_1_2\E_1_1_2_R_5\via_region_data.json
E_1_1_2_R_M_N_N_1983_67_2017.bmp308278,Alcohol,C:\PycharmProjects\Alcohol Detection\dataset\Grupo_1\E_1_1\IriTech\E_1_1_2\E_1_1_2_R_5\via_region_data.json
E_1_1_2_R_M_N_N_1983_68_2017.bmp308278,Alcohol,C:\PycharmProjects\Alcohol Detection\dataset\Grupo_1\E_1_1\IriTech\E_1_1_2\E_1_1_2_R_5\via_region_data.json
E_1_1_2_R_M_N_N_1983_69_2017.bmp308278,Alcohol,C:\PycharmProjects\Alcohol Detection\dataset\Grupo_1\E_1_1\IriTech\E_1_1_2\E_1_1_2_R_5\via_region_data.json
E_1_1_2_R_M_N_N_1983_70_2017.bmp308278,Alcohol,C:\PycharmProjects\Alcohol Detection\dataset\Grupo_1\E_1_1\IriTech\E_1_1_2\E_1_1_2_R_5\via_region_data.json
E_1_1_2_R_M_N_N_1983_71_2017.bmp308278,Alcohol,C:\PycharmProjects\Alcohol Detection\dataset\Grupo_1\E_1_1\IriTech\E_1_1_2\E_1_1_2_R_5\via_region_data.json
E_1_1_2_R_M_N_N_1983_72_2017.bmp308278,Alcohol,C:\PycharmProjects\Alcohol Detection\dataset\Grupo_1\E_1_1\IriTech\E_1_1_2\E_1_1_2_R_5\via_region_data.json
E_1_1_2_R_M_N_N_1983_73_2017.bmp308278,Alcohol,C:\PycharmProjects\Alcohol Detection\dataset\Grupo_1\E_1_1\IriTech\E_1_1_2\E_1_1_2_R_5\via_region_data.json
E_1_1_2_R_M_N_N_1983_74_2017.bmp308278,Alcohol,C:\PycharmProjects\Alcohol Detection\dataset\Grupo_1\E_1_1\IriTech\E_1_1_2\E_1_1_2_R_5\via_region_data.json
E_1_1_2_R_M_N_N_1983_75_2017.bmp308278,Alcohol,C:\PycharmProjects\Alcohol Detection\dataset\Grupo_1\E_1_1\IriTech\E_1_1_2\E_1_1_2_R_5\via_region_data.json
E_1_1_2_R_M_N_N_1983_76_2017.bmp308278,Alcohol,C:\PycharmProjects\Alcohol Detection\dataset\Grupo_1\E_1_1\IriTech\E_1_1_2\E_1_1_2_R_5\via_region_data.json
E_1_1_2_R_M_N_N_1983_77_2017.bmp308278,Alcohol,C:\PycharmProjects\Alcohol Detection\dataset\Grupo_1\E_1_1\IriTech\E_1_1_2\E_1_1_2_R_5\via_region_data.json
E_1_1_2_R_M_N_N_1983_78_2017.bmp308278,Alcohol,C:\PycharmProjects\Alcohol Detection\dataset\Grupo_1\E_1_1\IriTech\E_1_1_2\E_1_1_2_R_5\via_region_data.json
E_1_1_2_R_M_N_N_1983_79_2017.bmp308278,Alcohol,C:\PycharmProjects\Alcohol Detection\dataset\Grupo_1\E_1_1\IriTech\E_1_1_2\E_1_1_2_R_5\via_region_data.json
E_1_1_2_R_M_N_N_1983_80_2017.bmp308278,Alcohol,C:\PycharmProjects\Alcohol Detection\dataset\Grupo_1\E_1_1\IriTech\E_1_1_2\E_1_1_2_R_5\via_region_data.json
E_1_1_2_R_M_N_N_1983_81_2017.bmp308278,Alcohol,C:\PycharmProjects\Alcohol Detection\dataset\Grupo_1\E_1_1\IriTech\E_1_1_2\E_1_1_2_R_5\via_region_data.json
E_1_1_3_L_M_N_N_1983_0_2017.bmp308278,Non-Alcohol,C:\PycharmProjects\Alcohol Detection\dataset\Grupo_1\E_1_1\IriTech\E_1_1_3\via_region_data.json
E_1_1_3_R_M_N_N_1983_0_2017.bmp308278,Non-Alcohol,C:\PycharmProjects\Alcohol Detection\dataset\Grupo_1\E_1_1\IriTech\E_1_1_3\via_region_data.json
E_1_1_3_L_M_N_N_1983_0_2017.bmp308278,Non-Alcohol,C:\PycharmProjects\Alcohol Detection\dataset\Grupo_1\E_1_1\IriTech\E_1_1_3\E_1_1_3_L_5\via_region_data.json
E_1_1_3_L_M_N_N_1983_1_2017.bmp308278,Alcohol,C:\PycharmProjects\Alcohol Detection\dataset\Grupo_1\E_1_1\IriTech\E_1_1_3\E_1_1_3_L_5\via_region_data.json
E_1_1_3_L_M_N_N_1983_2_2017.bmp308278,Alcohol,C:\PycharmProjects\Alcohol Detection\dataset\Grupo_1\E_1_1\IriTech\E_1_1_3\E_1_1_3_L_5\via_region_data.json
E_1_1_3_L_M_N_N_1983_3_2017.bmp308278,Alcohol,C:\PycharmProjects\Alcohol Detection\dataset\Grupo_1\E_1_1\IriTech\E_1_1_3\E_1_1_3_L_5\via_region_data.json
E_1_1_3_L_M_N_N_1983_4_2017.bmp308278,Alcohol,C:\PycharmProjects\Alcohol Detection\dataset\Grupo_1\E_1_1\IriTech\E_1_1_3\E_1_1_3_L_5\via_region_data.json
E_1_1_3_L_M_N_N_1983_5_2017.bmp308278,Alcohol,C:\PycharmProjects\Alcohol Detection\dataset\Grupo_1\E_1_1\IriTech\E_1_1_3\E_1_1_3_L_5\via_region_data.json
E_1_1_3_L_M_N_N_1983_6_2017.bmp308278,Alcohol,C:\PycharmProjects\Alcohol Detection\dataset\Grupo_1\E_1_1\IriTech\E_1_1_3\E_1_1_3_L_5\via_region_data.json
E_1_1_3_L_M_N_N_1983_7_2017.bmp308278,Alcohol,C:\PycharmProjects\Alcohol Detection\dataset\Grupo_1\E_1_1\IriTech\E_1_1_3\E_1_1_3_L_5\via_region_data.json
E_1_1_3_L_M_N_N_1983_8_2017.bmp308278,Alcohol,C:\PycharmProjects\Alcohol Detection\dataset\Grupo_1\E_1_1\IriTech\E_1_1_3\E_1_1_3_L_5\via_region_data.json
E_1_1_3_L_M_N_N_1983_9_2017.bmp308278,Alcohol,C:\PycharmProjects\Alcohol Detection\dataset\Grupo_1\E_1_1\IriTech\E_1_1_3\E_1_1_3_L_5\via_region_data.json
E_1_1_3_L_M_N_N_1983_10_2017.bmp308278,Alcohol,C:\PycharmProjects\Alcohol Detection\dataset\Grupo_1\E_1_1\IriTech\E_1_1_3\E_1_1_3_L_5\via_region_data.json
E_1_1_3_L_M_N_N_1983_11_2017.bmp308278,Alcohol,C:\PycharmProjects\Alcohol Detection\dataset\Grupo_1\E_1_1\IriTech\E_1_1_3\E_1_1_3_L_5\via_region_data.json
E_1_1_3_L_M_N_N_1983_12_2017.bmp308278,Alcohol,C:\PycharmProjects\Alcohol Detection\dataset\Grupo_1\E_1_1\IriTech\E_1_1_3\E_1_1_3_L_5\via_region_data.json
E_1_1_3_L_M_N_N_1983_13_2017.bmp308278,Alcohol,C:\PycharmProjects\Alcohol Detection\dataset\Grupo_1\E_1_1\IriTech\E_1_1_3\E_1_1_3_L_5\via_region_data.json
E_1_1_3_L_M_N_N_1983_14_2017.bmp308278,Alcohol,C:\PycharmProjects\Alcohol Detection\dataset\Grupo_1\E_1_1\IriTech\E_1_1_3\E_1_1_3_L_5\via_region_data.json
E_1_1_3_L_M_N_N_1983_15_2017.bmp308278,Alcohol,C:\PycharmProjects\Alcohol Detection\dataset\Grupo_1\E_1_1\IriTech\E_1_1_3\E_1_1_3_L_5\via_region_data.json
E_1_1_3_L_M_N_N_1983_16_2017.bmp308278,Alcohol,C:\PycharmProjects\Alcohol Detection\dataset\Grupo_1\E_1_1\IriTech\E_1_1_3\E_1_1_3_L_5\via_region_data.json
E_1_1_3_L_M_N_N_1983_17_2017.bmp308278,Alcohol,C:\PycharmProjects\Alcohol Detection\dataset\Grupo_1\E_1_1\IriTech\E_1_1_3\E_1_1_3_L_5\via_region_data.json
E_1_1_3_L_M_N_N_1983_18_2017.bmp308278,Alcohol,C:\PycharmProjects\Alcohol Detection\dataset\Grupo_1\E_1_1\IriTech\E_1_1_3\E_1_1_3_L_5\via_region_data.json
E_1_1_3_L_M_N_N_1983_19_2017.bmp308278,Alcohol,C:\PycharmProjects\Alcohol Detection\dataset\Grupo_1\E_1_1\IriTech\E_1_1_3\E_1_1_3_L_5\via_region_data.json
E_1_1_3_L_M_N_N_1983_20_2017.bmp308278,Alcohol,C:\PycharmProjects\Alcohol Detection\dataset\Grupo_1\E_1_1\IriTech\E_1_1_3\E_1_1_3_L_5\via_region_data.json
E_1_1_3_L_M_N_N_1983_21_2017.bmp308278,Alcohol,C:\PycharmProjects\Alcohol Detection\dataset\Grupo_1\E_1_1\IriTech\E_1_1_3\E_1_1_3_L_5\via_region_data.json
E_1_1_3_L_M_N_N_1983_22_2017.bmp308278,Alcohol,C:\PycharmProjects\Alcohol Detection\dataset\Grupo_1\E_1_1\IriTech\E_1_1_3\E_1_1_3_L_5\via_region_data.json
E_1_1_3_L_M_N_N_1983_23_2017.bmp308278,Alcohol,C:\PycharmProjects\Alcohol Detection\dataset\Grupo_1\E_1_1\IriTech\E_1_1_3\E_1_1_3_L_5\via_region_data.json
E_1_1_3_L_M_N_N_1983_24_2017.bmp308278,Alcohol,C:\PycharmProjects\Alcohol Detection\dataset\Grupo_1\E_1_1\IriTech\E_1_1_3\E_1_1_3_L_5\via_region_data.json
E_1_1_3_L_M_N_N_1983_25_2017.bmp308278,Alcohol,C:\PycharmProjects\Alcohol Detection\dataset\Grupo_1\E_1_1\IriTech\E_1_1_3\E_1_1_3_L_5\via_region_data.json
E_1_1_3_L_M_N_N_1983_26_2017.bmp308278,Alcohol,C:\PycharmProjects\Alcohol Detection\dataset\Grupo_1\E_1_1\IriTech\E_1_1_3\E_1_1_3_L_5\via_region_data.json
E_1_1_3_L_M_N_N_1983_27_2017.bmp308278,Alcohol,C:\PycharmProjects\Alcohol Detection\dataset\Grupo_1\E_1_1\IriTech\E_1_1_3\E_1_1_3_L_5\via_region_data.json
E_1_1_3_L_M_N_N_1983_28_2017.bmp308278,Alcohol,C:\PycharmProjects\Alcohol Detection\dataset\Grupo_1\E_1_1\IriTech\E_1_1_3\E_1_1_3_L_5\via_region_data.json
E_1_1_3_L_M_N_N_1983_29_2017.bmp308278,Alcohol,C:\PycharmProjects\Alcohol Detection\dataset\Grupo_1\E_1_1\IriTech\E_1_1_3\E_1_1_3_L_5\via_region_data.json
E_1_1_3_L_M_N_N_1983_30_2017.bmp308278,Alcohol,C:\PycharmProjects\Alcohol Detection\dataset\Grupo_1\E_1_1\IriTech\E_1_1_3\E_1_1_3_L_5\via_region_data.json
E_1_1_3_L_M_N_N_1983_31_2017.bmp308278,Alcohol,C:\PycharmProjects\Alcohol Detection\dataset\Grupo_1\E_1_1\IriTech\E_1_1_3\E_1_1_3_L_5\via_region_data.json
E_1_1_3_L_M_N_N_1983_32_2017.bmp308278,Alcohol,C:\PycharmProjects\Alcohol Detection\dataset\Grupo_1\E_1_1\IriTech\E_1_1_3\E_1_1_3_L_5\via_region_data.json
E_1_1_3_L_M_N_N_1983_33_2017.bmp308278,Alcohol,C:\PycharmProjects\Alcohol Detection\dataset\Grupo_1\E_1_1\IriTech\E_1_1_3\E_1_1_3_L_5\via_region_data.json
E_1_1_3_L_M_N_N_1983_34_2017.bmp308278,Alcohol,C:\PycharmProjects\Alcohol Detection\dataset\Grupo_1\E_1_1\IriTech\E_1_1_3\E_1_1_3_L_5\via_region_data.json
E_1_1_3_L_M_N_N_1983_35_2017.bmp308278,Alcohol,C:\PycharmProjects\Alcohol Detection\dataset\Grupo_1\E_1_1\IriTech\E_1_1_3\E_1_1_3_L_5\via_region_data.json
E_1_1_3_L_M_N_N_1983_36_2017.bmp308278,Alcohol,C:\PycharmProjects\Alcohol Detection\dataset\Grupo_1\E_1_1\IriTech\E_1_1_3\E_1_1_3_L_5\via_region_data.json
E_1_1_3_L_M_N_N_1983_37_2017.bmp308278,Alcohol,C:\PycharmProjects\Alcohol Detection\dataset\Grupo_1\E_1_1\IriTech\E_1_1_3\E_1_1_3_L_5\via_region_data.json
E_1_1_3_L_M_N_N_1983_38_2017.bmp308278,Alcohol,C:\PycharmProjects\Alcohol Detection\dataset\Grupo_1\E_1_1\IriTech\E_1_1_3\E_1_1_3_L_5\via_region_data.json
E_1_1_3_L_M_N_N_1983_39_2017.bmp308278,Alcohol,C:\PycharmProjects\Alcohol Detection\dataset\Grupo_1\E_1_1\IriTech\E_1_1_3\E_1_1_3_L_5\via_region_data.json
E_1_1_3_L_M_N_N_1983_40_2017.bmp308278,Alcohol,C:\PycharmProjects\Alcohol Detection\dataset\Grupo_1\E_1_1\IriTech\E_1_1_3\E_1_1_3_L_5\via_region_data.json
E_1_1_3_L_M_N_N_1983_41_2017.bmp308278,Alcohol,C:\PycharmProjects\Alcohol Detection\dataset\Grupo_1\E_1_1\IriTech\E_1_1_3\E_1_1_3_L_5\via_region_data.json
E_1_1_3_L_M_N_N_1983_42_2017.bmp308278,Alcohol,C:\PycharmProjects\Alcohol Detection\dataset\Grupo_1\E_1_1\IriTech\E_1_1_3\E_1_1_3_L_5\via_region_data.json
E_1_1_3_L_M_N_N_1983_43_2017.bmp308278,Alcohol,C:\PycharmProjects\Alcohol Detection\dataset\Grupo_1\E_1_1\IriTech\E_1_1_3\E_1_1_3_L_5\via_region_data.json
E_1_1_3_L_M_N_N_1983_44_2017.bmp308278,Alcohol,C:\PycharmProjects\Alcohol Detection\dataset\Grupo_1\E_1_1\IriTech\E_1_1_3\E_1_1_3_L_5\via_region_data.json
E_1_1_3_L_M_N_N_1983_45_2017.bmp308278,Alcohol,C:\PycharmProjects\Alcohol Detection\dataset\Grupo_1\E_1_1\IriTech\E_1_1_3\E_1_1_3_L_5\via_region_data.json
E_1_1_3_L_M_N_N_1983_46_2017.bmp308278,Alcohol,C:\PycharmProjects\Alcohol Detection\dataset\Grupo_1\E_1_1\IriTech\E_1_1_3\E_1_1_3_L_5\via_region_data.json
E_1_1_3_L_M_N_N_1983_47_2017.bmp308278,Alcohol,C:\PycharmProjects\Alcohol Detection\dataset\Grupo_1\E_1_1\IriTech\E_1_1_3\E_1_1_3_L_5\via_region_data.json
E_1_1_3_L_M_N_N_1983_48_2017.bmp308278,Alcohol,C:\PycharmProjects\Alcohol Detection\dataset\Grupo_1\E_1_1\IriTech\E_1_1_3\E_1_1_3_L_5\via_region_data.json
E_1_1_3_L_M_N_N_1983_49_2017.bmp308278,Alcohol,C:\PycharmProjects\Alcohol Detection\dataset\Grupo_1\E_1_1\IriTech\E_1_1_3\E_1_1_3_L_5\via_region_data.json
E_1_1_3_L_M_N_N_1983_50_2017.bmp308278,Alcohol,C:\PycharmProjects\Alcohol Detection\dataset\Grupo_1\E_1_1\IriTech\E_1_1_3\E_1_1_3_L_5\via_region_data.json
E_1_1_3_L_M_N_N_1983_51_2017.bmp308278,Alcohol,C:\PycharmProjects\Alcohol Detection\dataset\Grupo_1\E_1_1\IriTech\E_1_1_3\E_1_1_3_L_5\via_region_data.json
E_1_1_3_L_M_N_N_1983_52_2017.bmp308278,Alcohol,C:\PycharmProjects\Alcohol Detection\dataset\Grupo_1\E_1_1\IriTech\E_1_1_3\E_1_1_3_L_5\via_region_data.json
E_1_1_3_L_M_N_N_1983_53_2017.bmp308278,Alcohol,C:\PycharmProjects\Alcohol Detection\dataset\Grupo_1\E_1_1\IriTech\E_1_1_3\E_1_1_3_L_5\via_region_data.json
E_1_1_3_L_M_N_N_1983_54_2017.bmp308278,Alcohol,C:\PycharmProjects\Alcohol Detection\dataset\Grupo_1\E_1_1\IriTech\E_1_1_3\E_1_1_3_L_5\via_region_data.json
E_1_1_3_L_M_N_N_1983_55_2017.bmp308278,Alcohol,C:\PycharmProjects\Alcohol Detection\dataset\Grupo_1\E_1_1\IriTech\E_1_1_3\E_1_1_3_L_5\via_region_data.json
E_1_1_3_L_M_N_N_1983_56_2017.bmp308278,Alcohol,C:\PycharmProjects\Alcohol Detection\dataset\Grupo_1\E_1_1\IriTech\E_1_1_3\E_1_1_3_L_5\via_region_data.json
E_1_1_3_L_M_N_N_1983_57_2017.bmp308278,Alcohol,C:\PycharmProjects\Alcohol Detection\dataset\Grupo_1\E_1_1\IriTech\E_1_1_3\E_1_1_3_L_5\via_region_data.json
E_1_1_3_L_M_N_N_1983_58_2017.bmp308278,Alcohol,C:\PycharmProjects\Alcohol Detection\dataset\Grupo_1\E_1_1\IriTech\E_1_1_3\E_1_1_3_L_5\via_region_data.json
E_1_1_3_L_M_N_N_1983_59_2017.bmp308278,Alcohol,C:\PycharmProjects\Alcohol Detection\dataset\Grupo_1\E_1_1\IriTech\E_1_1_3\E_1_1_3_L_5\via_region_data.json
E_1_1_3_L_M_N_N_1983_60_2017.bmp308278,Alcohol,C:\PycharmProjects\Alcohol Detection\dataset\Grupo_1\E_1_1\IriTech\E_1_1_3\E_1_1_3_L_5\via_region_data.json
E_1_1_3_L_M_N_N_1983_61_2017.bmp308278,Alcohol,C:\PycharmProjects\Alcohol Detection\dataset\Grupo_1\E_1_1\IriTech\E_1_1_3\E_1_1_3_L_5\via_region_data.json
E_1_1_3_L_M_N_N_1983_62_2017.bmp308278,Alcohol,C:\PycharmProjects\Alcohol Detection\dataset\Grupo_1\E_1_1\IriTech\E_1_1_3\E_1_1_3_L_5\via_region_data.json
E_1_1_3_L_M_N_N_1983_63_2017.bmp308278,Alcohol,C:\PycharmProjects\Alcohol Detection\dataset\Grupo_1\E_1_1\IriTech\E_1_1_3\E_1_1_3_L_5\via_region_data.json
E_1_1_3_L_M_N_N_1983_64_2017.bmp308278,Alcohol,C:\PycharmProjects\Alcohol Detection\dataset\Grupo_1\E_1_1\IriTech\E_1_1_3\E_1_1_3_L_5\via_region_data.json
E_1_1_3_L_M_N_N_1983_65_2017.bmp308278,Alcohol,C:\PycharmProjects\Alcohol Detection\dataset\Grupo_1\E_1_1\IriTech\E_1_1_3\E_1_1_3_L_5\via_region_data.json
E_1_1_3_L_M_N_N_1983_66_2017.bmp308278,Alcohol,C:\PycharmProjects\Alcohol Detection\dataset\Grupo_1\E_1_1\IriTech\E_1_1_3\E_1_1_3_L_5\via_region_data.json
E_1_1_3_L_M_N_N_1983_67_2017.bmp308278,Alcohol,C:\PycharmProjects\Alcohol Detection\dataset\Grupo_1\E_1_1\IriTech\E_1_1_3\E_1_1_3_L_5\via_region_data.json
E_1_1_3_L_M_N_N_1983_68_2017.bmp308278,Alcohol,C:\PycharmProjects\Alcohol Detection\dataset\Grupo_1\E_1_1\IriTech\E_1_1_3\E_1_1_3_L_5\via_region_data.json
E_1_1_3_L_M_N_N_1983_69_2017.bmp308278,Alcohol,C:\PycharmProjects\Alcohol Detection\dataset\Grupo_1\E_1_1\IriTech\E_1_1_3\E_1_1_3_L_5\via_region_data.json
E_1_1_3_L_M_N_N_1983_70_2017.bmp308278,Alcohol,C:\PycharmProjects\Alcohol Detection\dataset\Grupo_1\E_1_1\IriTech\E_1_1_3\E_1_1_3_L_5\via_region_data.json
E_1_1_3_L_M_N_N_1983_71_2017.bmp308278,Alcohol,C:\PycharmProjects\Alcohol Detection\dataset\Grupo_1\E_1_1\IriTech\E_1_1_3\E_1_1_3_L_5\via_region_data.json
E_1_1_3_L_M_N_N_1983_72_2017.bmp308278,Alcohol,C:\PycharmProjects\Alcohol Detection\dataset\Grupo_1\E_1_1\IriTech\E_1_1_3\E_1_1_3_L_5\via_region_data.json
E_1_1_3_L_M_N_N_1983_73_2017.bmp308278,Alcohol,C:\PycharmProjects\Alcohol Detection\dataset\Grupo_1\E_1_1\IriTech\E_1_1_3\E_1_1_3_L_5\via_region_data.json
E_1_1_3_L_M_N_N_1983_74_2017.bmp308278,Alcohol,C:\PycharmProjects\Alcohol Detection\dataset\Grupo_1\E_1_1\IriTech\E_1_1_3\E_1_1_3_L_5\via_region_data.json
E_1_1_3_L_M_N_N_1983_75_2017.bmp308278,Alcohol,C:\PycharmProjects\Alcohol Detection\dataset\Grupo_1\E_1_1\IriTech\E_1_1_3\E_1_1_3_L_5\via_region_data.json
E_1_1_3_L_M_N_N_1983_76_2017.bmp308278,Alcohol,C:\PycharmProjects\Alcohol Detection\dataset\Grupo_1\E_1_1\IriTech\E_1_1_3\E_1_1_3_L_5\via_region_data.json
E_1_1_3_L_M_N_N_1983_77_2017.bmp308278,Alcohol,C:\PycharmProjects\Alcohol Detection\dataset\Grupo_1\E_1_1\IriTech\E_1_1_3\E_1_1_3_L_5\via_region_data.json
E_1_1_3_L_M_N_N_1983_78_2017.bmp308278,Alcohol,C:\PycharmProjects\Alcohol Detection\dataset\Grupo_1\E_1_1\IriTech\E_1_1_3\E_1_1_3_L_5\via_region_data.json
E_1_1_3_R_M_N_N_1983_0_2017.bmp308278,Non-Alcohol,C:\PycharmProjects\Alcohol Detection\dataset\Grupo_1\E_1_1\IriTech\E_1_1_3\E_1_1_3_R_5\via_region_data.json
E_1_1_3_R_M_N_N_1983_1_2017.bmp308278,Alcohol,C:\PycharmProjects\Alcohol Detection\dataset\Grupo_1\E_1_1\IriTech\E_1_1_3\E_1_1_3_R_5\via_region_data.json
E_1_1_3_R_M_N_N_1983_2_2017.bmp308278,Alcohol,C:\PycharmProjects\Alcohol Detection\dataset\Grupo_1\E_1_1\IriTech\E_1_1_3\E_1_1_3_R_5\via_region_data.json
E_1_1_3_R_M_N_N_1983_3_2017.bmp308278,Alcohol,C:\PycharmProjects\Alcohol Detection\dataset\Grupo_1\E_1_1\IriTech\E_1_1_3\E_1_1_3_R_5\via_region_data.json
E_1_1_3_R_M_N_N_1983_4_2017.bmp308278,Alcohol,C:\PycharmProjects\Alcohol Detection\dataset\Grupo_1\E_1_1\IriTech\E_1_1_3\E_1_1_3_R_5\via_region_data.json
E_1_1_3_R_M_N_N_1983_5_2017.bmp308278,Alcohol,C:\PycharmProjects\Alcohol Detection\dataset\Grupo_1\E_1_1\IriTech\E_1_1_3\E_1_1_3_R_5\via_region_data.json
E_1_1_3_R_M_N_N_1983_6_2017.bmp308278,Alcohol,C:\PycharmProjects\Alcohol Detection\dataset\Grupo_1\E_1_1\IriTech\E_1_1_3\E_1_1_3_R_5\via_region_data.json
E_1_1_3_R_M_N_N_1983_7_2017.bmp308278,Alcohol,C:\PycharmProjects\Alcohol Detection\dataset\Grupo_1\E_1_1\IriTech\E_1_1_3\E_1_1_3_R_5\via_region_data.json
E_1_1_3_R_M_N_N_1983_8_2017.bmp308278,Alcohol,C:\PycharmProjects\Alcohol Detection\dataset\Grupo_1\E_1_1\IriTech\E_1_1_3\E_1_1_3_R_5\via_region_data.json
E_1_1_3_R_M_N_N_1983_9_2017.bmp308278,Alcohol,C:\PycharmProjects\Alcohol Detection\dataset\Grupo_1\E_1_1\IriTech\E_1_1_3\E_1_1_3_R_5\via_region_data.json
E_1_1_3_R_M_N_N_1983_10_2017.bmp308278,Alcohol,C:\PycharmProjects\Alcohol Detection\dataset\Grupo_1\E_1_1\IriTech\E_1_1_3\E_1_1_3_R_5\via_region_data.json
E_1_1_3_R_M_N_N_1983_11_2017.bmp308278,Alcohol,C:\PycharmProjects\Alcohol Detection\dataset\Grupo_1\E_1_1\IriTech\E_1_1_3\E_1_1_3_R_5\via_region_data.json
E_1_1_3_R_M_N_N_1983_12_2017.bmp308278,Alcohol,C:\PycharmProjects\Alcohol Detection\dataset\Grupo_1\E_1_1\IriTech\E_1_1_3\E_1_1_3_R_5\via_region_data.json
E_1_1_3_R_M_N_N_1983_13_2017.bmp308278,Alcohol,C:\PycharmProjects\Alcohol Detection\dataset\Grupo_1\E_1_1\IriTech\E_1_1_3\E_1_1_3_R_5\via_region_data.json
E_1_1_3_R_M_N_N_1983_14_2017.bmp308278,Alcohol,C:\PycharmProjects\Alcohol Detection\dataset\Grupo_1\E_1_1\IriTech\E_1_1_3\E_1_1_3_R_5\via_region_data.json
E_1_1_3_R_M_N_N_1983_15_2017.bmp308278,Alcohol,C:\PycharmProjects\Alcohol Detection\dataset\Grupo_1\E_1_1\IriTech\E_1_1_3\E_1_1_3_R_5\via_region_data.json
E_1_1_3_R_M_N_N_1983_16_2017.bmp308278,Alcohol,C:\PycharmProjects\Alcohol Detection\dataset\Grupo_1\E_1_1\IriTech\E_1_1_3\E_1_1_3_R_5\via_region_data.json
E_1_1_3_R_M_N_N_1983_17_2017.bmp308278,Alcohol,C:\PycharmProjects\Alcohol Detection\dataset\Grupo_1\E_1_1\IriTech\E_1_1_3\E_1_1_3_R_5\via_region_data.json
E_1_1_3_R_M_N_N_1983_18_2017.bmp308278,Alcohol,C:\PycharmProjects\Alcohol Detection\dataset\Grupo_1\E_1_1\IriTech\E_1_1_3\E_1_1_3_R_5\via_region_data.json
E_1_1_3_R_M_N_N_1983_19_2017.bmp308278,Alcohol,C:\PycharmProjects\Alcohol Detection\dataset\Grupo_1\E_1_1\IriTech\E_1_1_3\E_1_1_3_R_5\via_region_data.json
E_1_1_3_R_M_N_N_1983_20_2017.bmp308278,Alcohol,C:\PycharmProjects\Alcohol Detection\dataset\Grupo_1\E_1_1\IriTech\E_1_1_3\E_1_1_3_R_5\via_region_data.json
E_1_1_3_R_M_N_N_1983_21_2017.bmp308278,Alcohol,C:\PycharmProjects\Alcohol Detection\dataset\Grupo_1\E_1_1\IriTech\E_1_1_3\E_1_1_3_R_5\via_region_data.json
E_1_1_3_R_M_N_N_1983_22_2017.bmp308278,Alcohol,C:\PycharmProjects\Alcohol Detection\dataset\Grupo_1\E_1_1\IriTech\E_1_1_3\E_1_1_3_R_5\via_region_data.json
E_1_1_3_R_M_N_N_1983_23_2017.bmp308278,Alcohol,C:\PycharmProjects\Alcohol Detection\dataset\Grupo_1\E_1_1\IriTech\E_1_1_3\E_1_1_3_R_5\via_region_data.json
E_1_1_3_R_M_N_N_1983_24_2017.bmp308278,Alcohol,C:\PycharmProjects\Alcohol Detection\dataset\Grupo_1\E_1_1\IriTech\E_1_1_3\E_1_1_3_R_5\via_region_data.json
E_1_1_3_R_M_N_N_1983_25_2017.bmp308278,Alcohol,C:\PycharmProjects\Alcohol Detection\dataset\Grupo_1\E_1_1\IriTech\E_1_1_3\E_1_1_3_R_5\via_region_data.json
E_1_1_3_R_M_N_N_1983_26_2017.bmp308278,Alcohol,C:\PycharmProjects\Alcohol Detection\dataset\Grupo_1\E_1_1\IriTech\E_1_1_3\E_1_1_3_R_5\via_region_data.json
E_1_1_3_R_M_N_N_1983_27_2017.bmp308278,Alcohol,C:\PycharmProjects\Alcohol Detection\dataset\Grupo_1\E_1_1\IriTech\E_1_1_3\E_1_1_3_R_5\via_region_data.json
E_1_1_3_R_M_N_N_1983_28_2017.bmp308278,Alcohol,C:\PycharmProjects\Alcohol Detection\dataset\Grupo_1\E_1_1\IriTech\E_1_1_3\E_1_1_3_R_5\via_region_data.json
E_1_1_3_R_M_N_N_1983_29_2017.bmp308278,Alcohol,C:\PycharmProjects\Alcohol Detection\dataset\Grupo_1\E_1_1\IriTech\E_1_1_3\E_1_1_3_R_5\via_region_data.json
E_1_1_3_R_M_N_N_1983_30_2017.bmp308278,Alcohol,C:\PycharmProjects\Alcohol Detection\dataset\Grupo_1\E_1_1\IriTech\E_1_1_3\E_1_1_3_R_5\via_region_data.json
E_1_1_3_R_M_N_N_1983_31_2017.bmp308278,Alcohol,C:\PycharmProjects\Alcohol Detection\dataset\Grupo_1\E_1_1\IriTech\E_1_1_3\E_1_1_3_R_5\via_region_data.json
E_1_1_3_R_M_N_N_1983_32_2017.bmp308278,Alcohol,C:\PycharmProjects\Alcohol Detection\dataset\Grupo_1\E_1_1\IriTech\E_1_1_3\E_1_1_3_R_5\via_region_data.json
E_1_1_3_R_M_N_N_1983_33_2017.bmp308278,Alcohol,C:\PycharmProjects\Alcohol Detection\dataset\Grupo_1\E_1_1\IriTech\E_1_1_3\E_1_1_3_R_5\via_region_data.json
E_1_1_3_R_M_N_N_1983_34_2017.bmp308278,Alcohol,C:\PycharmProjects\Alcohol Detection\dataset\Grupo_1\E_1_1\IriTech\E_1_1_3\E_1_1_3_R_5\via_region_data.json
E_1_1_3_R_M_N_N_1983_35_2017.bmp308278,Alcohol,C:\PycharmProjects\Alcohol Detection\dataset\Grupo_1\E_1_1\IriTech\E_1_1_3\E_1_1_3_R_5\via_region_data.json
E_1_1_3_R_M_N_N_1983_36_2017.bmp308278,Alcohol,C:\PycharmProjects\Alcohol Detection\dataset\Grupo_1\E_1_1\IriTech\E_1_1_3\E_1_1_3_R_5\via_region_data.json
E_1_1_3_R_M_N_N_1983_37_2017.bmp308278,Alcohol,C:\PycharmProjects\Alcohol Detection\dataset\Grupo_1\E_1_1\IriTech\E_1_1_3\E_1_1_3_R_5\via_region_data.json
E_1_1_3_R_M_N_N_1983_38_2017.bmp308278,Alcohol,C:\PycharmProjects\Alcohol Detection\dataset\Grupo_1\E_1_1\IriTech\E_1_1_3\E_1_1_3_R_5\via_region_data.json
E_1_1_3_R_M_N_N_1983_39_2017.bmp308278,Alcohol,C:\PycharmProjects\Alcohol Detection\dataset\Grupo_1\E_1_1\IriTech\E_1_1_3\E_1_1_3_R_5\via_region_data.json
E_1_1_3_R_M_N_N_1983_40_2017.bmp308278,Alcohol,C:\PycharmProjects\Alcohol Detection\dataset\Grupo_1\E_1_1\IriTech\E_1_1_3\E_1_1_3_R_5\via_region_data.json
E_1_1_3_R_M_N_N_1983_41_2017.bmp308278,Alcohol,C:\PycharmProjects\Alcohol Detection\dataset\Grupo_1\E_1_1\IriTech\E_1_1_3\E_1_1_3_R_5\via_region_data.json
E_1_1_3_R_M_N_N_1983_42_2017.bmp308278,Alcohol,C:\PycharmProjects\Alcohol Detection\dataset\Grupo_1\E_1_1\IriTech\E_1_1_3\E_1_1_3_R_5\via_region_data.json
E_1_1_3_R_M_N_N_1983_43_2017.bmp308278,Alcohol,C:\PycharmProjects\Alcohol Detection\dataset\Grupo_1\E_1_1\IriTech\E_1_1_3\E_1_1_3_R_5\via_region_data.json
E_1_1_3_R_M_N_N_1983_44_2017.bmp308278,Alcohol,C:\PycharmProjects\Alcohol Detection\dataset\Grupo_1\E_1_1\IriTech\E_1_1_3\E_1_1_3_R_5\via_region_data.json
E_1_1_3_R_M_N_N_1983_45_2017.bmp308278,Alcohol,C:\PycharmProjects\Alcohol Detection\dataset\Grupo_1\E_1_1\IriTech\E_1_1_3\E_1_1_3_R_5\via_region_data.json
E_1_1_3_R_M_N_N_1983_46_2017.bmp308278,Alcohol,C:\PycharmProjects\Alcohol Detection\dataset\Grupo_1\E_1_1\IriTech\E_1_1_3\E_1_1_3_R_5\via_region_data.json
E_1_1_3_R_M_N_N_1983_47_2017.bmp308278,Alcohol,C:\PycharmProjects\Alcohol Detection\dataset\Grupo_1\E_1_1\IriTech\E_1_1_3\E_1_1_3_R_5\via_region_data.json
E_1_1_3_R_M_N_N_1983_48_2017.bmp308278,Alcohol,C:\PycharmProjects\Alcohol Detection\dataset\Grupo_1\E_1_1\IriTech\E_1_1_3\E_1_1_3_R_5\via_region_data.json
E_1_1_3_R_M_N_N_1983_49_2017.bmp308278,Alcohol,C:\PycharmProjects\Alcohol Detection\dataset\Grupo_1\E_1_1\IriTech\E_1_1_3\E_1_1_3_R_5\via_region_data.json
E_1_1_3_R_M_N_N_1983_50_2017.bmp308278,Alcohol,C:\PycharmProjects\Alcohol Detection\dataset\Grupo_1\E_1_1\IriTech\E_1_1_3\E_1_1_3_R_5\via_region_data.json
E_1_1_3_R_M_N_N_1983_51_2017.bmp308278,Alcohol,C:\PycharmProjects\Alcohol Detection\dataset\Grupo_1\E_1_1\IriTech\E_1_1_3\E_1_1_3_R_5\via_region_data.json
E_1_1_3_R_M_N_N_1983_52_2017.bmp308278,Alcohol,C:\PycharmProjects\Alcohol Detection\dataset\Grupo_1\E_1_1\IriTech\E_1_1_3\E_1_1_3_R_5\via_region_data.json
E_1_1_3_R_M_N_N_1983_53_2017.bmp308278,Alcohol,C:\PycharmProjects\Alcohol Detection\dataset\Grupo_1\E_1_1\IriTech\E_1_1_3\E_1_1_3_R_5\via_region_data.json
E_1_1_3_R_M_N_N_1983_54_2017.bmp308278,Alcohol,C:\PycharmProjects\Alcohol Detection\dataset\Grupo_1\E_1_1\IriTech\E_1_1_3\E_1_1_3_R_5\via_region_data.json
E_1_1_3_R_M_N_N_1983_55_2017.bmp308278,Alcohol,C:\PycharmProjects\Alcohol Detection\dataset\Grupo_1\E_1_1\IriTech\E_1_1_3\E_1_1_3_R_5\via_region_data.json
E_1_1_3_R_M_N_N_1983_56_2017.bmp308278,Alcohol,C:\PycharmProjects\Alcohol Detection\dataset\Grupo_1\E_1_1\IriTech\E_1_1_3\E_1_1_3_R_5\via_region_data.json
E_1_1_3_R_M_N_N_1983_57_2017.bmp308278,Alcohol,C:\PycharmProjects\Alcohol Detection\dataset\Grupo_1\E_1_1\IriTech\E_1_1_3\E_1_1_3_R_5\via_region_data.json
E_1_1_3_R_M_N_N_1983_58_2017.bmp308278,Alcohol,C:\PycharmProjects\Alcohol Detection\dataset\Grupo_1\E_1_1\IriTech\E_1_1_3\E_1_1_3_R_5\via_region_data.json
E_1_1_3_R_M_N_N_1983_59_2017.bmp308278,Alcohol,C:\PycharmProjects\Alcohol Detection\dataset\Grupo_1\E_1_1\IriTech\E_1_1_3\E_1_1_3_R_5\via_region_data.json
E_1_1_3_R_M_N_N_1983_60_2017.bmp308278,Alcohol,C:\PycharmProjects\Alcohol Detection\dataset\Grupo_1\E_1_1\IriTech\E_1_1_3\E_1_1_3_R_5\via_region_data.json
E_1_1_3_R_M_N_N_1983_61_2017.bmp308278,Alcohol,C:\PycharmProjects\Alcohol Detection\dataset\Grupo_1\E_1_1\IriTech\E_1_1_3\E_1_1_3_R_5\via_region_data.json
E_1_1_3_R_M_N_N_1983_62_2017.bmp308278,Alcohol,C:\PycharmProjects\Alcohol Detection\dataset\Grupo_1\E_1_1\IriTech\E_1_1_3\E_1_1_3_R_5\via_region_data.json
E_1_1_3_R_M_N_N_1983_63_2017.bmp308278,Alcohol,C:\PycharmProjects\Alcohol Detection\dataset\Grupo_1\E_1_1\IriTech\E_1_1_3\E_1_1_3_R_5\via_region_data.json
E_1_1_3_R_M_N_N_1983_64_2017.bmp308278,Alcohol,C:\PycharmProjects\Alcohol Detection\dataset\Grupo_1\E_1_1\IriTech\E_1_1_3\E_1_1_3_R_5\via_region_data.json
E_1_1_3_R_M_N_N_1983_65_2017.bmp308278,Alcohol,C:\PycharmProjects\Alcohol Detection\dataset\Grupo_1\E_1_1\IriTech\E_1_1_3\E_1_1_3_R_5\via_region_data.json
E_1_1_3_R_M_N_N_1983_66_2017.bmp308278,Alcohol,C:\PycharmProjects\Alcohol Detection\dataset\Grupo_1\E_1_1\IriTech\E_1_1_3\E_1_1_3_R_5\via_region_data.json
E_1_1_3_R_M_N_N_1983_67_2017.bmp308278,Alcohol,C:\PycharmProjects\Alcohol Detection\dataset\Grupo_1\E_1_1\IriTech\E_1_1_3\E_1_1_3_R_5\via_region_data.json
E_1_1_3_R_M_N_N_1983_68_2017.bmp308278,Alcohol,C:\PycharmProjects\Alcohol Detection\dataset\Grupo_1\E_1_1\IriTech\E_1_1_3\E_1_1_3_R_5\via_region_data.json
E_1_1_3_R_M_N_N_1983_69_2017.bmp308278,Alcohol,C:\PycharmProjects\Alcohol Detection\dataset\Grupo_1\E_1_1\IriTech\E_1_1_3\E_1_1_3_R_5\via_region_data.json
E_1_1_3_R_M_N_N_1983_70_2017.bmp308278,Alcohol,C:\PycharmProjects\Alcohol Detection\dataset\Grupo_1\E_1_1\IriTech\E_1_1_3\E_1_1_3_R_5\via_region_data.json
E_1_1_3_R_M_N_N_1983_71_2017.bmp308278,Alcohol,C:\PycharmProjects\Alcohol Detection\dataset\Grupo_1\E_1_1\IriTech\E_1_1_3\E_1_1_3_R_5\via_region_data.json
E_1_1_3_R_M_N_N_1983_72_2017.bmp308278,Alcohol,C:\PycharmProjects\Alcohol Detection\dataset\Grupo_1\E_1_1\IriTech\E_1_1_3\E_1_1_3_R_5\via_region_data.json
E_1_1_3_R_M_N_N_1983_73_2017.bmp308278,Alcohol,C:\PycharmProjects\Alcohol Detection\dataset\Grupo_1\E_1_1\IriTech\E_1_1_3\E_1_1_3_R_5\via_region_data.json
E_1_1_3_R_M_N_N_1983_74_2017.bmp308278,Alcohol,C:\PycharmProjects\Alcohol Detection\dataset\Grupo_1\E_1_1\IriTech\E_1_1_3\E_1_1_3_R_5\via_region_data.json
E_1_1_3_R_M_N_N_1983_75_2017.bmp308278,Alcohol,C:\PycharmProjects\Alcohol Detection\dataset\Grupo_1\E_1_1\IriTech\E_1_1_3\E_1_1_3_R_5\via_region_data.json
E_1_1_3_R_M_N_N_1983_76_2017.bmp308278,Alcohol,C:\PycharmProjects\Alcohol Detection\dataset\Grupo_1\E_1_1\IriTech\E_1_1_3\E_1_1_3_R_5\via_region_data.json
E_1_1_3_R_M_N_N_1983_77_2017.bmp308278,Alcohol,C:\PycharmProjects\Alcohol Detection\dataset\Grupo_1\E_1_1\IriTech\E_1_1_3\E_1_1_3_R_5\via_region_data.json
E_1_1_3_R_M_N_N_1983_78_2017.bmp308278,Alcohol,C:\PycharmProjects\Alcohol Detection\dataset\Grupo_1\E_1_1\IriTech\E_1_1_3\E_1_1_3_R_5\via_region_data.json
E_1_1_3_R_M_N_N_1983_79_2017.bmp308278,Alcohol,C:\PycharmProjects\Alcohol Detection\dataset\Grupo_1\E_1_1\IriTech\E_1_1_3\E_1_1_3_R_5\via_region_data.json
E_1_1_3_R_M_N_N_1983_80_2017.bmp308278,Alcohol,C:\PycharmProjects\Alcohol Detection\dataset\Grupo_1\E_1_1\IriTech\E_1_1_3\E_1_1_3_R_5\via_region_data.json
E_1_1_4_L_M_N_N_1983_0_2017.bmp308278,Non-Alcohol,C:\PycharmProjects\Alcohol Detection\dataset\Grupo_1\E_1_1\IriTech\E_1_1_4\via_region_data.json
E_1_1_4_R_M_N_N_1983_0_2017.bmp308278,Non-Alcohol,C:\PycharmProjects\Alcohol Detection\dataset\Grupo_1\E_1_1\IriTech\E_1_1_4\via_region_data.json
E_1_1_4_L_M_N_N_1983_0_2017.bmp308278,Non-Alcohol,C:\PycharmProjects\Alcohol Detection\dataset\Grupo_1\E_1_1\IriTech\E_1_1_4\E_1_1_4_L_5\via_region_data.json
E_1_1_4_L_M_N_N_1983_1_2017.bmp308278,Alcohol,C:\PycharmProjects\Alcohol Detection\dataset\Grupo_1\E_1_1\IriTech\E_1_1_4\E_1_1_4_L_5\via_region_data.json
E_1_1_4_L_M_N_N_1983_2_2017.bmp308278,Alcohol,C:\PycharmProjects\Alcohol Detection\dataset\Grupo_1\E_1_1\IriTech\E_1_1_4\E_1_1_4_L_5\via_region_data.json
E_1_1_4_L_M_N_N_1983_3_2017.bmp308278,Alcohol,C:\PycharmProjects\Alcohol Detection\dataset\Grupo_1\E_1_1\IriTech\E_1_1_4\E_1_1_4_L_5\via_region_data.json
E_1_1_4_L_M_N_N_1983_4_2017.bmp308278,Alcohol,C:\PycharmProjects\Alcohol Detection\dataset\Grupo_1\E_1_1\IriTech\E_1_1_4\E_1_1_4_L_5\via_region_data.json
E_1_1_4_L_M_N_N_1983_5_2017.bmp308278,Alcohol,C:\PycharmProjects\Alcohol Detection\dataset\Grupo_1\E_1_1\IriTech\E_1_1_4\E_1_1_4_L_5\via_region_data.json
E_1_1_4_L_M_N_N_1983_6_2017.bmp308278,Alcohol,C:\PycharmProjects\Alcohol Detection\dataset\Grupo_1\E_1_1\IriTech\E_1_1_4\E_1_1_4_L_5\via_region_data.json
E_1_1_4_L_M_N_N_1983_7_2017.bmp308278,Alcohol,C:\PycharmProjects\Alcohol Detection\dataset\Grupo_1\E_1_1\IriTech\E_1_1_4\E_1_1_4_L_5\via_region_data.json
E_1_1_4_L_M_N_N_1983_8_2017.bmp308278,Alcohol,C:\PycharmProjects\Alcohol Detection\dataset\Grupo_1\E_1_1\IriTech\E_1_1_4\E_1_1_4_L_5\via_region_data.json
E_1_1_4_L_M_N_N_1983_9_2017.bmp308278,Alcohol,C:\PycharmProjects\Alcohol Detection\dataset\Grupo_1\E_1_1\IriTech\E_1_1_4\E_1_1_4_L_5\via_region_data.json
E_1_1_4_L_M_N_N_1983_10_2017.bmp308278,Alcohol,C:\PycharmProjects\Alcohol Detection\dataset\Grupo_1\E_1_1\IriTech\E_1_1_4\E_1_1_4_L_5\via_region_data.json
E_1_1_4_L_M_N_N_1983_11_2017.bmp308278,Alcohol,C:\PycharmProjects\Alcohol Detection\dataset\Grupo_1\E_1_1\IriTech\E_1_1_4\E_1_1_4_L_5\via_region_data.json
E_1_1_4_L_M_N_N_1983_12_2017.bmp308278,Alcohol,C:\PycharmProjects\Alcohol Detection\dataset\Grupo_1\E_1_1\IriTech\E_1_1_4\E_1_1_4_L_5\via_region_data.json
E_1_1_4_L_M_N_N_1983_13_2017.bmp308278,Alcohol,C:\PycharmProjects\Alcohol Detection\dataset\Grupo_1\E_1_1\IriTech\E_1_1_4\E_1_1_4_L_5\via_region_data.json
E_1_1_4_L_M_N_N_1983_14_2017.bmp308278,Alcohol,C:\PycharmProjects\Alcohol Detection\dataset\Grupo_1\E_1_1\IriTech\E_1_1_4\E_1_1_4_L_5\via_region_data.json
E_1_1_4_L_M_N_N_1983_15_2017.bmp308278,Alcohol,C:\PycharmProjects\Alcohol Detection\dataset\Grupo_1\E_1_1\IriTech\E_1_1_4\E_1_1_4_L_5\via_region_data.json
E_1_1_4_L_M_N_N_1983_16_2017.bmp308278,Alcohol,C:\PycharmProjects\Alcohol Detection\dataset\Grupo_1\E_1_1\IriTech\E_1_1_4\E_1_1_4_L_5\via_region_data.json
E_1_1_4_L_M_N_N_1983_17_2017.bmp308278,Alcohol,C:\PycharmProjects\Alcohol Detection\dataset\Grupo_1\E_1_1\IriTech\E_1_1_4\E_1_1_4_L_5\via_region_data.json
E_1_1_4_L_M_N_N_1983_18_2017.bmp308278,Alcohol,C:\PycharmProjects\Alcohol Detection\dataset\Grupo_1\E_1_1\IriTech\E_1_1_4\E_1_1_4_L_5\via_region_data.json
E_1_1_4_L_M_N_N_1983_19_2017.bmp308278,Alcohol,C:\PycharmProjects\Alcohol Detection\dataset\Grupo_1\E_1_1\IriTech\E_1_1_4\E_1_1_4_L_5\via_region_data.json
E_1_1_4_L_M_N_N_1983_20_2017.bmp308278,Alcohol,C:\PycharmProjects\Alcohol Detection\dataset\Grupo_1\E_1_1\IriTech\E_1_1_4\E_1_1_4_L_5\via_region_data.json
E_1_1_4_L_M_N_N_1983_21_2017.bmp308278,Alcohol,C:\PycharmProjects\Alcohol Detection\dataset\Grupo_1\E_1_1\IriTech\E_1_1_4\E_1_1_4_L_5\via_region_data.json
E_1_1_4_L_M_N_N_1983_22_2017.bmp308278,Alcohol,C:\PycharmProjects\Alcohol Detection\dataset\Grupo_1\E_1_1\IriTech\E_1_1_4\E_1_1_4_L_5\via_region_data.json
E_1_1_4_L_M_N_N_1983_23_2017.bmp308278,Alcohol,C:\PycharmProjects\Alcohol Detection\dataset\Grupo_1\E_1_1\IriTech\E_1_1_4\E_1_1_4_L_5\via_region_data.json
E_1_1_4_L_M_N_N_1983_24_2017.bmp308278,Alcohol,C:\PycharmProjects\Alcohol Detection\dataset\Grupo_1\E_1_1\IriTech\E_1_1_4\E_1_1_4_L_5\via_region_data.json
E_1_1_4_L_M_N_N_1983_25_2017.bmp308278,Alcohol,C:\PycharmProjects\Alcohol Detection\dataset\Grupo_1\E_1_1\IriTech\E_1_1_4\E_1_1_4_L_5\via_region_data.json
E_1_1_4_L_M_N_N_1983_26_2017.bmp308278,Alcohol,C:\PycharmProjects\Alcohol Detection\dataset\Grupo_1\E_1_1\IriTech\E_1_1_4\E_1_1_4_L_5\via_region_data.json
E_1_1_4_L_M_N_N_1983_27_2017.bmp308278,Alcohol,C:\PycharmProjects\Alcohol Detection\dataset\Grupo_1\E_1_1\IriTech\E_1_1_4\E_1_1_4_L_5\via_region_data.json
E_1_1_4_L_M_N_N_1983_28_2017.bmp308278,Alcohol,C:\PycharmProjects\Alcohol Detection\dataset\Grupo_1\E_1_1\IriTech\E_1_1_4\E_1_1_4_L_5\via_region_data.json
E_1_1_4_L_M_N_N_1983_29_2017.bmp308278,Alcohol,C:\PycharmProjects\Alcohol Detection\dataset\Grupo_1\E_1_1\IriTech\E_1_1_4\E_1_1_4_L_5\via_region_data.json
E_1_1_4_L_M_N_N_1983_30_2017.bmp308278,Alcohol,C:\PycharmProjects\Alcohol Detection\dataset\Grupo_1\E_1_1\IriTech\E_1_1_4\E_1_1_4_L_5\via_region_data.json
E_1_1_4_L_M_N_N_1983_31_2017.bmp308278,Alcohol,C:\PycharmProjects\Alcohol Detection\dataset\Grupo_1\E_1_1\IriTech\E_1_1_4\E_1_1_4_L_5\via_region_data.json
E_1_1_4_L_M_N_N_1983_32_2017.bmp308278,Alcohol,C:\PycharmProjects\Alcohol Detection\dataset\Grupo_1\E_1_1\IriTech\E_1_1_4\E_1_1_4_L_5\via_region_data.json
E_1_1_4_L_M_N_N_1983_33_2017.bmp308278,Alcohol,C:\PycharmProjects\Alcohol Detection\dataset\Grupo_1\E_1_1\IriTech\E_1_1_4\E_1_1_4_L_5\via_region_data.json
E_1_1_4_L_M_N_N_1983_34_2017.bmp308278,Alcohol,C:\PycharmProjects\Alcohol Detection\dataset\Grupo_1\E_1_1\IriTech\E_1_1_4\E_1_1_4_L_5\via_region_data.json
E_1_1_4_L_M_N_N_1983_35_2017.bmp308278,Alcohol,C:\PycharmProjects\Alcohol Detection\dataset\Grupo_1\E_1_1\IriTech\E_1_1_4\E_1_1_4_L_5\via_region_data.json
E_1_1_4_L_M_N_N_1983_36_2017.bmp308278,Alcohol,C:\PycharmProjects\Alcohol Detection\dataset\Grupo_1\E_1_1\IriTech\E_1_1_4\E_1_1_4_L_5\via_region_data.json
E_1_1_4_L_M_N_N_1983_37_2017.bmp308278,Alcohol,C:\PycharmProjects\Alcohol Detection\dataset\Grupo_1\E_1_1\IriTech\E_1_1_4\E_1_1_4_L_5\via_region_data.json
E_1_1_4_L_M_N_N_1983_38_2017.bmp308278,Alcohol,C:\PycharmProjects\Alcohol Detection\dataset\Grupo_1\E_1_1\IriTech\E_1_1_4\E_1_1_4_L_5\via_region_data.json
E_1_1_4_L_M_N_N_1983_39_2017.bmp308278,Alcohol,C:\PycharmProjects\Alcohol Detection\dataset\Grupo_1\E_1_1\IriTech\E_1_1_4\E_1_1_4_L_5\via_region_data.json
E_1_1_4_L_M_N_N_1983_40_2017.bmp308278,Alcohol,C:\PycharmProjects\Alcohol Detection\dataset\Grupo_1\E_1_1\IriTech\E_1_1_4\E_1_1_4_L_5\via_region_data.json
E_1_1_4_L_M_N_N_1983_41_2017.bmp308278,Alcohol,C:\PycharmProjects\Alcohol Detection\dataset\Grupo_1\E_1_1\IriTech\E_1_1_4\E_1_1_4_L_5\via_region_data.json
E_1_1_4_L_M_N_N_1983_42_2017.bmp308278,Alcohol,C:\PycharmProjects\Alcohol Detection\dataset\Grupo_1\E_1_1\IriTech\E_1_1_4\E_1_1_4_L_5\via_region_data.json
E_1_1_4_L_M_N_N_1983_43_2017.bmp308278,Alcohol,C:\PycharmProjects\Alcohol Detection\dataset\Grupo_1\E_1_1\IriTech\E_1_1_4\E_1_1_4_L_5\via_region_data.json
E_1_1_4_L_M_N_N_1983_44_2017.bmp308278,Alcohol,C:\PycharmProjects\Alcohol Detection\dataset\Grupo_1\E_1_1\IriTech\E_1_1_4\E_1_1_4_L_5\via_region_data.json
E_1_1_4_L_M_N_N_1983_45_2017.bmp308278,Alcohol,C:\PycharmProjects\Alcohol Detection\dataset\Grupo_1\E_1_1\IriTech\E_1_1_4\E_1_1_4_L_5\via_region_data.json
E_1_1_4_L_M_N_N_1983_46_2017.bmp308278,Alcohol,C:\PycharmProjects\Alcohol Detection\dataset\Grupo_1\E_1_1\IriTech\E_1_1_4\E_1_1_4_L_5\via_region_data.json
E_1_1_4_L_M_N_N_1983_47_2017.bmp308278,Alcohol,C:\PycharmProjects\Alcohol Detection\dataset\Grupo_1\E_1_1\IriTech\E_1_1_4\E_1_1_4_L_5\via_region_data.json
E_1_1_4_L_M_N_N_1983_48_2017.bmp308278,Alcohol,C:\PycharmProjects\Alcohol Detection\dataset\Grupo_1\E_1_1\IriTech\E_1_1_4\E_1_1_4_L_5\via_region_data.json
E_1_1_4_L_M_N_N_1983_49_2017.bmp308278,Alcohol,C:\PycharmProjects\Alcohol Detection\dataset\Grupo_1\E_1_1\IriTech\E_1_1_4\E_1_1_4_L_5\via_region_data.json
E_1_1_4_L_M_N_N_1983_50_2017.bmp308278,Alcohol,C:\PycharmProjects\Alcohol Detection\dataset\Grupo_1\E_1_1\IriTech\E_1_1_4\E_1_1_4_L_5\via_region_data.json
E_1_1_4_L_M_N_N_1983_51_2017.bmp308278,Alcohol,C:\PycharmProjects\Alcohol Detection\dataset\Grupo_1\E_1_1\IriTech\E_1_1_4\E_1_1_4_L_5\via_region_data.json
E_1_1_4_L_M_N_N_1983_52_2017.bmp308278,Alcohol,C:\PycharmProjects\Alcohol Detection\dataset\Grupo_1\E_1_1\IriTech\E_1_1_4\E_1_1_4_L_5\via_region_data.json
E_1_1_4_L_M_N_N_1983_53_2017.bmp308278,Alcohol,C:\PycharmProjects\Alcohol Detection\dataset\Grupo_1\E_1_1\IriTech\E_1_1_4\E_1_1_4_L_5\via_region_data.json
E_1_1_4_L_M_N_N_1983_54_2017.bmp308278,Alcohol,C:\PycharmProjects\Alcohol Detection\dataset\Grupo_1\E_1_1\IriTech\E_1_1_4\E_1_1_4_L_5\via_region_data.json
E_1_1_4_L_M_N_N_1983_55_2017.bmp308278,Alcohol,C:\PycharmProjects\Alcohol Detection\dataset\Grupo_1\E_1_1\IriTech\E_1_1_4\E_1_1_4_L_5\via_region_data.json
E_1_1_4_L_M_N_N_1983_56_2017.bmp308278,Alcohol,C:\PycharmProjects\Alcohol Detection\dataset\Grupo_1\E_1_1\IriTech\E_1_1_4\E_1_1_4_L_5\via_region_data.json
E_1_1_4_L_M_N_N_1983_57_2017.bmp308278,Alcohol,C:\PycharmProjects\Alcohol Detection\dataset\Grupo_1\E_1_1\IriTech\E_1_1_4\E_1_1_4_L_5\via_region_data.json
E_1_1_4_L_M_N_N_1983_58_2017.bmp308278,Alcohol,C:\PycharmProjects\Alcohol Detection\dataset\Grupo_1\E_1_1\IriTech\E_1_1_4\E_1_1_4_L_5\via_region_data.json
E_1_1_4_L_M_N_N_1983_59_2017.bmp308278,Alcohol,C:\PycharmProjects\Alcohol Detection\dataset\Grupo_1\E_1_1\IriTech\E_1_1_4\E_1_1_4_L_5\via_region_data.json
E_1_1_4_L_M_N_N_1983_60_2017.bmp308278,Alcohol,C:\PycharmProjects\Alcohol Detection\dataset\Grupo_1\E_1_1\IriTech\E_1_1_4\E_1_1_4_L_5\via_region_data.json
E_1_1_4_L_M_N_N_1983_61_2017.bmp308278,Alcohol,C:\PycharmProjects\Alcohol Detection\dataset\Grupo_1\E_1_1\IriTech\E_1_1_4\E_1_1_4_L_5\via_region_data.json
E_1_1_4_L_M_N_N_1983_62_2017.bmp308278,Alcohol,C:\PycharmProjects\Alcohol Detection\dataset\Grupo_1\E_1_1\IriTech\E_1_1_4\E_1_1_4_L_5\via_region_data.json
E_1_1_4_L_M_N_N_1983_63_2017.bmp308278,Alcohol,C:\PycharmProjects\Alcohol Detection\dataset\Grupo_1\E_1_1\IriTech\E_1_1_4\E_1_1_4_L_5\via_region_data.json
E_1_1_4_L_M_N_N_1983_64_2017.bmp308278,Alcohol,C:\PycharmProjects\Alcohol Detection\dataset\Grupo_1\E_1_1\IriTech\E_1_1_4\E_1_1_4_L_5\via_region_data.json
E_1_1_4_L_M_N_N_1983_65_2017.bmp308278,Alcohol,C:\PycharmProjects\Alcohol Detection\dataset\Grupo_1\E_1_1\IriTech\E_1_1_4\E_1_1_4_L_5\via_region_data.json
E_1_1_4_L_M_N_N_1983_66_2017.bmp308278,Alcohol,C:\PycharmProjects\Alcohol Detection\dataset\Grupo_1\E_1_1\IriTech\E_1_1_4\E_1_1_4_L_5\via_region_data.json
E_1_1_4_L_M_N_N_1983_67_2017.bmp308278,Alcohol,C:\PycharmProjects\Alcohol Detection\dataset\Grupo_1\E_1_1\IriTech\E_1_1_4\E_1_1_4_L_5\via_region_data.json
E_1_1_4_L_M_N_N_1983_68_2017.bmp308278,Alcohol,C:\PycharmProjects\Alcohol Detection\dataset\Grupo_1\E_1_1\IriTech\E_1_1_4\E_1_1_4_L_5\via_region_data.json
E_1_1_4_L_M_N_N_1983_69_2017.bmp308278,Alcohol,C:\PycharmProjects\Alcohol Detection\dataset\Grupo_1\E_1_1\IriTech\E_1_1_4\E_1_1_4_L_5\via_region_data.json
E_1_1_4_L_M_N_N_1983_70_2017.bmp308278,Alcohol,C:\PycharmProjects\Alcohol Detection\dataset\Grupo_1\E_1_1\IriTech\E_1_1_4\E_1_1_4_L_5\via_region_data.json
E_1_1_4_L_M_N_N_1983_71_2017.bmp308278,Alcohol,C:\PycharmProjects\Alcohol Detection\dataset\Grupo_1\E_1_1\IriTech\E_1_1_4\E_1_1_4_L_5\via_region_data.json
E_1_1_4_L_M_N_N_1983_72_2017.bmp308278,Alcohol,C:\PycharmProjects\Alcohol Detection\dataset\Grupo_1\E_1_1\IriTech\E_1_1_4\E_1_1_4_L_5\via_region_data.json
E_1_1_4_L_M_N_N_1983_73_2017.bmp308278,Alcohol,C:\PycharmProjects\Alcohol Detection\dataset\Grupo_1\E_1_1\IriTech\E_1_1_4\E_1_1_4_L_5\via_region_data.json
E_1_1_4_L_M_N_N_1983_74_2017.bmp308278,Alcohol,C:\PycharmProjects\Alcohol Detection\dataset\Grupo_1\E_1_1\IriTech\E_1_1_4\E_1_1_4_L_5\via_region_data.json
E_1_1_4_L_M_N_N_1983_75_2017.bmp308278,Alcohol,C:\PycharmProjects\Alcohol Detection\dataset\Grupo_1\E_1_1\IriTech\E_1_1_4\E_1_1_4_L_5\via_region_data.json
E_1_1_4_R_M_N_N_1983_0_2017.bmp308278,Non-Alcohol,C:\PycharmProjects\Alcohol Detection\dataset\Grupo_1\E_1_1\IriTech\E_1_1_4\E_1_1_4_R_5\via_region_data.json
E_1_1_4_R_M_N_N_1983_1_2017.bmp308278,Alcohol,C:\PycharmProjects\Alcohol Detection\dataset\Grupo_1\E_1_1\IriTech\E_1_1_4\E_1_1_4_R_5\via_region_data.json
E_1_1_4_R_M_N_N_1983_2_2017.bmp308278,Alcohol,C:\PycharmProjects\Alcohol Detection\dataset\Grupo_1\E_1_1\IriTech\E_1_1_4\E_1_1_4_R_5\via_region_data.json
E_1_1_4_R_M_N_N_1983_3_2017.bmp308278,Alcohol,C:\PycharmProjects\Alcohol Detection\dataset\Grupo_1\E_1_1\IriTech\E_1_1_4\E_1_1_4_R_5\via_region_data.json
E_1_1_4_R_M_N_N_1983_4_2017.bmp308278,Alcohol,C:\PycharmProjects\Alcohol Detection\dataset\Grupo_1\E_1_1\IriTech\E_1_1_4\E_1_1_4_R_5\via_region_data.json
E_1_1_4_R_M_N_N_1983_5_2017.bmp308278,Alcohol,C:\PycharmProjects\Alcohol Detection\dataset\Grupo_1\E_1_1\IriTech\E_1_1_4\E_1_1_4_R_5\via_region_data.json
E_1_1_4_R_M_N_N_1983_6_2017.bmp308278,Alcohol,C:\PycharmProjects\Alcohol Detection\dataset\Grupo_1\E_1_1\IriTech\E_1_1_4\E_1_1_4_R_5\via_region_data.json
E_1_1_4_R_M_N_N_1983_7_2017.bmp308278,Alcohol,C:\PycharmProjects\Alcohol Detection\dataset\Grupo_1\E_1_1\IriTech\E_1_1_4\E_1_1_4_R_5\via_region_data.json
E_1_1_4_R_M_N_N_1983_8_2017.bmp308278,Alcohol,C:\PycharmProjects\Alcohol Detection\dataset\Grupo_1\E_1_1\IriTech\E_1_1_4\E_1_1_4_R_5\via_region_data.json
E_1_1_4_R_M_N_N_1983_9_2017.bmp308278,Alcohol,C:\PycharmProjects\Alcohol Detection\dataset\Grupo_1\E_1_1\IriTech\E_1_1_4\E_1_1_4_R_5\via_region_data.json
E_1_1_4_R_M_N_N_1983_10_2017.bmp308278,Alcohol,C:\PycharmProjects\Alcohol Detection\dataset\Grupo_1\E_1_1\IriTech\E_1_1_4\E_1_1_4_R_5\via_region_data.json
E_1_1_4_R_M_N_N_1983_11_2017.bmp308278,Alcohol,C:\PycharmProjects\Alcohol Detection\dataset\Grupo_1\E_1_1\IriTech\E_1_1_4\E_1_1_4_R_5\via_region_data.json
E_1_1_4_R_M_N_N_1983_12_2017.bmp308278,Alcohol,C:\PycharmProjects\Alcohol Detection\dataset\Grupo_1\E_1_1\IriTech\E_1_1_4\E_1_1_4_R_5\via_region_data.json
E_1_1_4_R_M_N_N_1983_13_2017.bmp308278,Alcohol,C:\PycharmProjects\Alcohol Detection\dataset\Grupo_1\E_1_1\IriTech\E_1_1_4\E_1_1_4_R_5\via_region_data.json
E_1_1_4_R_M_N_N_1983_14_2017.bmp308278,Alcohol,C:\PycharmProjects\Alcohol Detection\dataset\Grupo_1\E_1_1\IriTech\E_1_1_4\E_1_1_4_R_5\via_region_data.json
E_1_1_4_R_M_N_N_1983_15_2017.bmp308278,Alcohol,C:\PycharmProjects\Alcohol Detection\dataset\Grupo_1\E_1_1\IriTech\E_1_1_4\E_1_1_4_R_5\via_region_data.json
E_1_1_4_R_M_N_N_1983_16_2017.bmp308278,Alcohol,C:\PycharmProjects\Alcohol Detection\dataset\Grupo_1\E_1_1\IriTech\E_1_1_4\E_1_1_4_R_5\via_region_data.json
E_1_1_4_R_M_N_N_1983_17_2017.bmp308278,Alcohol,C:\PycharmProjects\Alcohol Detection\dataset\Grupo_1\E_1_1\IriTech\E_1_1_4\E_1_1_4_R_5\via_region_data.json
E_1_1_4_R_M_N_N_1983_18_2017.bmp308278,Alcohol,C:\PycharmProjects\Alcohol Detection\dataset\Grupo_1\E_1_1\IriTech\E_1_1_4\E_1_1_4_R_5\via_region_data.json
E_1_1_4_R_M_N_N_1983_19_2017.bmp308278,Alcohol,C:\PycharmProjects\Alcohol Detection\dataset\Grupo_1\E_1_1\IriTech\E_1_1_4\E_1_1_4_R_5\via_region_data.json
E_1_1_4_R_M_N_N_1983_20_2017.bmp308278,Alcohol,C:\PycharmProjects\Alcohol Detection\dataset\Grupo_1\E_1_1\IriTech\E_1_1_4\E_1_1_4_R_5\via_region_data.json
E_1_1_4_R_M_N_N_1983_21_2017.bmp308278,Alcohol,C:\PycharmProjects\Alcohol Detection\dataset\Grupo_1\E_1_1\IriTech\E_1_1_4\E_1_1_4_R_5\via_region_data.json
E_1_1_4_R_M_N_N_1983_22_2017.bmp308278,Alcohol,C:\PycharmProjects\Alcohol Detection\dataset\Grupo_1\E_1_1\IriTech\E_1_1_4\E_1_1_4_R_5\via_region_data.json
E_1_1_4_R_M_N_N_1983_23_2017.bmp308278,Alcohol,C:\PycharmProjects\Alcohol Detection\dataset\Grupo_1\E_1_1\IriTech\E_1_1_4\E_1_1_4_R_5\via_region_data.json
E_1_1_4_R_M_N_N_1983_24_2017.bmp308278,Alcohol,C:\PycharmProjects\Alcohol Detection\dataset\Grupo_1\E_1_1\IriTech\E_1_1_4\E_1_1_4_R_5\via_region_data.json
E_1_1_4_R_M_N_N_1983_25_2017.bmp308278,Alcohol,C:\PycharmProjects\Alcohol Detection\dataset\Grupo_1\E_1_1\IriTech\E_1_1_4\E_1_1_4_R_5\via_region_data.json
E_1_1_4_R_M_N_N_1983_26_2017.bmp308278,Alcohol,C:\PycharmProjects\Alcohol Detection\dataset\Grupo_1\E_1_1\IriTech\E_1_1_4\E_1_1_4_R_5\via_region_data.json
E_1_1_4_R_M_N_N_1983_27_2017.bmp308278,Alcohol,C:\PycharmProjects\Alcohol Detection\dataset\Grupo_1\E_1_1\IriTech\E_1_1_4\E_1_1_4_R_5\via_region_data.json
E_1_1_4_R_M_N_N_1983_28_2017.bmp308278,Alcohol,C:\PycharmProjects\Alcohol Detection\dataset\Grupo_1\E_1_1\IriTech\E_1_1_4\E_1_1_4_R_5\via_region_data.json
E_1_1_4_R_M_N_N_1983_29_2017.bmp308278,Alcohol,C:\PycharmProjects\Alcohol Detection\dataset\Grupo_1\E_1_1\IriTech\E_1_1_4\E_1_1_4_R_5\via_region_data.json
E_1_1_4_R_M_N_N_1983_30_2017.bmp308278,Alcohol,C:\PycharmProjects\Alcohol Detection\dataset\Grupo_1\E_1_1\IriTech\E_1_1_4\E_1_1_4_R_5\via_region_data.json
E_1_1_4_R_M_N_N_1983_31_2017.bmp308278,Alcohol,C:\PycharmProjects\Alcohol Detection\dataset\Grupo_1\E_1_1\IriTech\E_1_1_4\E_1_1_4_R_5\via_region_data.json
E_1_1_4_R_M_N_N_1983_32_2017.bmp308278,Alcohol,C:\PycharmProjects\Alcohol Detection\dataset\Grupo_1\E_1_1\IriTech\E_1_1_4\E_1_1_4_R_5\via_region_data.json
E_1_1_4_R_M_N_N_1983_33_2017.bmp308278,Alcohol,C:\PycharmProjects\Alcohol Detection\dataset\Grupo_1\E_1_1\IriTech\E_1_1_4\E_1_1_4_R_5\via_region_data.json
E_1_1_4_R_M_N_N_1983_34_2017.bmp308278,Alcohol,C:\PycharmProjects\Alcohol Detection\dataset\Grupo_1\E_1_1\IriTech\E_1_1_4\E_1_1_4_R_5\via_region_data.json
E_1_1_4_R_M_N_N_1983_35_2017.bmp308278,Alcohol,C:\PycharmProjects\Alcohol Detection\dataset\Grupo_1\E_1_1\IriTech\E_1_1_4\E_1_1_4_R_5\via_region_data.json
E_1_1_4_R_M_N_N_1983_36_2017.bmp308278,Alcohol,C:\PycharmProjects\Alcohol Detection\dataset\Grupo_1\E_1_1\IriTech\E_1_1_4\E_1_1_4_R_5\via_region_data.json
E_1_1_4_R_M_N_N_1983_37_2017.bmp308278,Alcohol,C:\PycharmProjects\Alcohol Detection\dataset\Grupo_1\E_1_1\IriTech\E_1_1_4\E_1_1_4_R_5\via_region_data.json
E_1_1_4_R_M_N_N_1983_38_2017.bmp308278,Alcohol,C:\PycharmProjects\Alcohol Detection\dataset\Grupo_1\E_1_1\IriTech\E_1_1_4\E_1_1_4_R_5\via_region_data.json
E_1_1_4_R_M_N_N_1983_39_2017.bmp308278,Alcohol,C:\PycharmProjects\Alcohol Detection\dataset\Grupo_1\E_1_1\IriTech\E_1_1_4\E_1_1_4_R_5\via_region_data.json
E_1_1_4_R_M_N_N_1983_40_2017.bmp308278,Alcohol,C:\PycharmProjects\Alcohol Detection\dataset\Grupo_1\E_1_1\IriTech\E_1_1_4\E_1_1_4_R_5\via_region_data.json
E_1_1_4_R_M_N_N_1983_41_2017.bmp308278,Alcohol,C:\PycharmProjects\Alcohol Detection\dataset\Grupo_1\E_1_1\IriTech\E_1_1_4\E_1_1_4_R_5\via_region_data.json
E_1_1_4_R_M_N_N_1983_42_2017.bmp308278,Alcohol,C:\PycharmProjects\Alcohol Detection\dataset\Grupo_1\E_1_1\IriTech\E_1_1_4\E_1_1_4_R_5\via_region_data.json
E_1_1_4_R_M_N_N_1983_43_2017.bmp308278,Alcohol,C:\PycharmProjects\Alcohol Detection\dataset\Grupo_1\E_1_1\IriTech\E_1_1_4\E_1_1_4_R_5\via_region_data.json
E_1_1_4_R_M_N_N_1983_44_2017.bmp308278,Alcohol,C:\PycharmProjects\Alcohol Detection\dataset\Grupo_1\E_1_1\IriTech\E_1_1_4\E_1_1_4_R_5\via_region_data.json
E_1_1_4_R_M_N_N_1983_45_2017.bmp308278,Alcohol,C:\PycharmProjects\Alcohol Detection\dataset\Grupo_1\E_1_1\IriTech\E_1_1_4\E_1_1_4_R_5\via_region_data.json
E_1_1_4_R_M_N_N_1983_46_2017.bmp308278,Alcohol,C:\PycharmProjects\Alcohol Detection\dataset\Grupo_1\E_1_1\IriTech\E_1_1_4\E_1_1_4_R_5\via_region_data.json
E_1_1_4_R_M_N_N_1983_47_2017.bmp308278,Alcohol,C:\PycharmProjects\Alcohol Detection\dataset\Grupo_1\E_1_1\IriTech\E_1_1_4\E_1_1_4_R_5\via_region_data.json
E_1_1_4_R_M_N_N_1983_48_2017.bmp308278,Alcohol,C:\PycharmProjects\Alcohol Detection\dataset\Grupo_1\E_1_1\IriTech\E_1_1_4\E_1_1_4_R_5\via_region_data.json
E_1_1_4_R_M_N_N_1983_49_2017.bmp308278,Alcohol,C:\PycharmProjects\Alcohol Detection\dataset\Grupo_1\E_1_1\IriTech\E_1_1_4\E_1_1_4_R_5\via_region_data.json
E_1_1_4_R_M_N_N_1983_50_2017.bmp308278,Alcohol,C:\PycharmProjects\Alcohol Detection\dataset\Grupo_1\E_1_1\IriTech\E_1_1_4\E_1_1_4_R_5\via_region_data.json
E_1_1_4_R_M_N_N_1983_51_2017.bmp308278,Alcohol,C:\PycharmProjects\Alcohol Detection\dataset\Grupo_1\E_1_1\IriTech\E_1_1_4\E_1_1_4_R_5\via_region_data.json
E_1_1_4_R_M_N_N_1983_52_2017.bmp308278,Alcohol,C:\PycharmProjects\Alcohol Detection\dataset\Grupo_1\E_1_1\IriTech\E_1_1_4\E_1_1_4_R_5\via_region_data.json
E_1_1_4_R_M_N_N_1983_53_2017.bmp308278,Alcohol,C:\PycharmProjects\Alcohol Detection\dataset\Grupo_1\E_1_1\IriTech\E_1_1_4\E_1_1_4_R_5\via_region_data.json
E_1_1_4_R_M_N_N_1983_54_2017.bmp308278,Alcohol,C:\PycharmProjects\Alcohol Detection\dataset\Grupo_1\E_1_1\IriTech\E_1_1_4\E_1_1_4_R_5\via_region_data.json
E_1_1_4_R_M_N_N_1983_55_2017.bmp308278,Alcohol,C:\PycharmProjects\Alcohol Detection\dataset\Grupo_1\E_1_1\IriTech\E_1_1_4\E_1_1_4_R_5\via_region_data.json
E_1_1_4_R_M_N_N_1983_56_2017.bmp308278,Alcohol,C:\PycharmProjects\Alcohol Detection\dataset\Grupo_1\E_1_1\IriTech\E_1_1_4\E_1_1_4_R_5\via_region_data.json
E_1_1_4_R_M_N_N_1983_57_2017.bmp308278,Alcohol,C:\PycharmProjects\Alcohol Detection\dataset\Grupo_1\E_1_1\IriTech\E_1_1_4\E_1_1_4_R_5\via_region_data.json
E_1_1_4_R_M_N_N_1983_58_2017.bmp308278,Alcohol,C:\PycharmProjects\Alcohol Detection\dataset\Grupo_1\E_1_1\IriTech\E_1_1_4\E_1_1_4_R_5\via_region_data.json
E_1_1_4_R_M_N_N_1983_59_2017.bmp308278,Alcohol,C:\PycharmProjects\Alcohol Detection\dataset\Grupo_1\E_1_1\IriTech\E_1_1_4\E_1_1_4_R_5\via_region_data.json
E_1_1_4_R_M_N_N_1983_60_2017.bmp308278,Alcohol,C:\PycharmProjects\Alcohol Detection\dataset\Grupo_1\E_1_1\IriTech\E_1_1_4\E_1_1_4_R_5\via_region_data.json
E_1_1_4_R_M_N_N_1983_61_2017.bmp308278,Alcohol,C:\PycharmProjects\Alcohol Detection\dataset\Grupo_1\E_1_1\IriTech\E_1_1_4\E_1_1_4_R_5\via_region_data.json
E_1_1_4_R_M_N_N_1983_62_2017.bmp308278,Alcohol,C:\PycharmProjects\Alcohol Detection\dataset\Grupo_1\E_1_1\IriTech\E_1_1_4\E_1_1_4_R_5\via_region_data.json
E_1_1_4_R_M_N_N_1983_63_2017.bmp308278,Alcohol,C:\PycharmProjects\Alcohol Detection\dataset\Grupo_1\E_1_1\IriTech\E_1_1_4\E_1_1_4_R_5\via_region_data.json
E_1_1_4_R_M_N_N_1983_64_2017.bmp308278,Alcohol,C:\PycharmProjects\Alcohol Detection\dataset\Grupo_1\E_1_1\IriTech\E_1_1_4\E_1_1_4_R_5\via_region_data.json
E_1_1_4_R_M_N_N_1983_65_2017.bmp308278,Alcohol,C:\PycharmProjects\Alcohol Detection\dataset\Grupo_1\E_1_1\IriTech\E_1_1_4\E_1_1_4_R_5\via_region_data.json
E_1_1_4_R_M_N_N_1983_66_2017.bmp308278,Alcohol,C:\PycharmProjects\Alcohol Detection\dataset\Grupo_1\E_1_1\IriTech\E_1_1_4\E_1_1_4_R_5\via_region_data.json
E_1_1_4_R_M_N_N_1983_67_2017.bmp308278,Alcohol,C:\PycharmProjects\Alcohol Detection\dataset\Grupo_1\E_1_1\IriTech\E_1_1_4\E_1_1_4_R_5\via_region_data.json
E_1_1_4_R_M_N_N_1983_68_2017.bmp308278,Alcohol,C:\PycharmProjects\Alcohol Detection\dataset\Grupo_1\E_1_1\IriTech\E_1_1_4\E_1_1_4_R_5\via_region_data.json
E_1_1_4_R_M_N_N_1983_69_2017.bmp308278,Alcohol,C:\PycharmProjects\Alcohol Detection\dataset\Grupo_1\E_1_1\IriTech\E_1_1_4\E_1_1_4_R_5\via_region_data.json
E_1_1_0_L_M_N_N_1983_0_2017.bmp308278,Non-Alcohol,C:\PycharmProjects\Alcohol Detection\dataset\Grupo_1\E_1_1\LG\E_1_1_0\E_1_1_0_R_10\via_region_data.json
E_1_1_0_L_M_N_N_1983_1_2017.bmp308278,Non-Alcohol,C:\PycharmProjects\Alcohol Detection\dataset\Grupo_1\E_1_1\LG\E_1_1_0\E_1_1_0_R_10\via_region_data.json
E_1_1_0_L_M_N_N_1983_2_2017.bmp308278,Non-Alcohol,C:\PycharmProjects\Alcohol Detection\dataset\Grupo_1\E_1_1\LG\E_1_1_0\E_1_1_0_R_10\via_region_data.json
E_1_1_0_L_M_N_N_1983_3_2017.bmp308278,Non-Alcohol,C:\PycharmProjects\Alcohol Detection\dataset\Grupo_1\E_1_1\LG\E_1_1_0\E_1_1_0_R_10\via_region_data.json
E_1_1_0_L_M_N_N_1983_4_2017.bmp308278,Non-Alcohol,C:\PycharmProjects\Alcohol Detection\dataset\Grupo_1\E_1_1\LG\E_1_1_0\E_1_1_0_R_10\via_region_data.json
E_1_1_0_L_M_N_N_1983_5_2017.bmp308278,Non-Alcohol,C:\PycharmProjects\Alcohol Detection\dataset\Grupo_1\E_1_1\LG\E_1_1_0\E_1_1_0_R_10\via_region_data.json
E_1_1_0_L_M_N_N_1983_6_2017.bmp308278,Non-Alcohol,C:\PycharmProjects\Alcohol Detection\dataset\Grupo_1\E_1_1\LG\E_1_1_0\E_1_1_0_R_10\via_region_data.json
E_1_1_0_L_M_N_N_1983_7_2017.bmp308278,Non-Alcohol,C:\PycharmProjects\Alcohol Detection\dataset\Grupo_1\E_1_1\LG\E_1_1_0\E_1_1_0_R_10\via_region_data.json
E_1_1_0_L_M_N_N_1983_8_2017.bmp308278,Non-Alcohol,C:\PycharmProjects\Alcohol Detection\dataset\Grupo_1\E_1_1\LG\E_1_1_0\E_1_1_0_R_10\via_region_data.json
E_1_1_0_L_M_N_N_1983_9_2017.bmp308278,Non-Alcohol,C:\PycharmProjects\Alcohol Detection\dataset\Grupo_1\E_1_1\LG\E_1_1_0\E_1_1_0_R_10\via_region_data.json
E_1_1_0_R_M_N_N_1983_0_2017.bmp308278,Non-Alcohol,C:\PycharmProjects\Alcohol Detection\dataset\Grupo_1\E_1_1\LG\E_1_1_0\E_1_1_0_R_10\via_region_data.json
E_1_1_0_R_M_N_N_1983_1_2017.bmp308278,Non-Alcohol,C:\PycharmProjects\Alcohol Detection\dataset\Grupo_1\E_1_1\LG\E_1_1_0\E_1_1_0_R_10\via_region_data.json
E_1_1_0_R_M_N_N_1983_2_2017.bmp308278,Non-Alcohol,C:\PycharmProjects\Alcohol Detection\dataset\Grupo_1\E_1_1\LG\E_1_1_0\E_1_1_0_R_10\via_region_data.json
E_1_1_0_R_M_N_N_1983_3_2017.bmp308278,Non-Alcohol,C:\PycharmProjects\Alcohol Detection\dataset\Grupo_1\E_1_1\LG\E_1_1_0\E_1_1_0_R_10\via_region_data.json
E_1_1_0_R_M_N_N_1983_4_2017.bmp308278,Non-Alcohol,C:\PycharmProjects\Alcohol Detection\dataset\Grupo_1\E_1_1\LG\E_1_1_0\E_1_1_0_R_10\via_region_data.json
E_1_1_0_R_M_N_N_1983_5_2017.bmp308278,Non-Alcohol,C:\PycharmProjects\Alcohol Detection\dataset\Grupo_1\E_1_1\LG\E_1_1_0\E_1_1_0_R_10\via_region_data.json
E_1_1_0_R_M_N_N_1983_6_2017.bmp308278,Non-Alcohol,C:\PycharmProjects\Alcohol Detection\dataset\Grupo_1\E_1_1\LG\E_1_1_0\E_1_1_0_R_10\via_region_data.json
E_1_1_0_R_M_N_N_1983_7_2017.bmp308278,Non-Alcohol,C:\PycharmProjects\Alcohol Detection\dataset\Grupo_1\E_1_1\LG\E_1_1_0\E_1_1_0_R_10\via_region_data.json
E_1_1_0_R_M_N_N_1983_8_2017.bmp308278,Non-Alcohol,C:\PycharmProjects\Alcohol Detection\dataset\Grupo_1\E_1_1\LG\E_1_1_0\E_1_1_0_R_10\via_region_data.json
E_1_1_0_R_M_N_N_1983_9_2017.bmp308278,Non-Alcohol,C:\PycharmProjects\Alcohol Detection\dataset\Grupo_1\E_1_1\LG\E_1_1_0\E_1_1_0_R_10\via_region_data.json
E_1_1_1_L_M_N_N_1983_0_2017.bmp308278,Non-Alcohol,C:\PycharmProjects\Alcohol Detection\dataset\Grupo_1\E_1_1\LG\E_1_1_1\E_1_1_1_R_10\via_region_data.json
E_1_1_1_L_M_N_N_1983_1_2017.bmp308278,Alcohol,C:\PycharmProjects\Alcohol Detection\dataset\Grupo_1\E_1_1\LG\E_1_1_1\E_1_1_1_R_10\via_region_data.json
E_1_1_1_L_M_N_N_1983_2_2017.bmp308278,Alcohol,C:\PycharmProjects\Alcohol Detection\dataset\Grupo_1\E_1_1\LG\E_1_1_1\E_1_1_1_R_10\via_region_data.json
E_1_1_1_L_M_N_N_1983_3_2017.bmp308278,Alcohol,C:\PycharmProjects\Alcohol Detection\dataset\Grupo_1\E_1_1\LG\E_1_1_1\E_1_1_1_R_10\via_region_data.json
E_1_1_1_L_M_N_N_1983_4_2017.bmp308278,Alcohol,C:\PycharmProjects\Alcohol Detection\dataset\Grupo_1\E_1_1\LG\E_1_1_1\E_1_1_1_R_10\via_region_data.json
E_1_1_1_L_M_N_N_1983_5_2017.bmp308278,Alcohol,C:\PycharmProjects\Alcohol Detection\dataset\Grupo_1\E_1_1\LG\E_1_1_1\E_1_1_1_R_10\via_region_data.json
E_1_1_1_L_M_N_N_1983_6_2017.bmp308278,Alcohol,C:\PycharmProjects\Alcohol Detection\dataset\Grupo_1\E_1_1\LG\E_1_1_1\E_1_1_1_R_10\via_region_data.json
E_1_1_1_L_M_N_N_1983_7_2017.bmp308278,Alcohol,C:\PycharmProjects\Alcohol Detection\dataset\Grupo_1\E_1_1\LG\E_1_1_1\E_1_1_1_R_10\via_region_data.json
E_1_1_1_L_M_N_N_1983_8_2017.bmp308278,Alcohol,C:\PycharmProjects\Alcohol Detection\dataset\Grupo_1\E_1_1\LG\E_1_1_1\E_1_1_1_R_10\via_region_data.json
E_1_1_1_L_M_N_N_1983_9_2017.bmp308278,Alcohol,C:\PycharmProjects\Alcohol Detection\dataset\Grupo_1\E_1_1\LG\E_1_1_1\E_1_1_1_R_10\via_region_data.json
E_1_1_1_R_M_N_N_1983_0_2017.bmp308278,Non-Alcohol,C:\PycharmProjects\Alcohol Detection\dataset\Grupo_1\E_1_1\LG\E_1_1_1\E_1_1_1_R_10\via_region_data.json
E_1_1_1_R_M_N_N_1983_1_2017.bmp308278,Alcohol,C:\PycharmProjects\Alcohol Detection\dataset\Grupo_1\E_1_1\LG\E_1_1_1\E_1_1_1_R_10\via_region_data.json
E_1_1_1_R_M_N_N_1983_2_2017.bmp308278,Alcohol,C:\PycharmProjects\Alcohol Detection\dataset\Grupo_1\E_1_1\LG\E_1_1_1\E_1_1_1_R_10\via_region_data.json
E_1_1_1_R_M_N_N_1983_3_2017.bmp308278,Alcohol,C:\PycharmProjects\Alcohol Detection\dataset\Grupo_1\E_1_1\LG\E_1_1_1\E_1_1_1_R_10\via_region_data.json
E_1_1_1_R_M_N_N_1983_4_2017.bmp308278,Alcohol,C:\PycharmProjects\Alcohol Detection\dataset\Grupo_1\E_1_1\LG\E_1_1_1\E_1_1_1_R_10\via_region_data.json
E_1_1_1_R_M_N_N_1983_5_2017.bmp308278,Alcohol,C:\PycharmProjects\Alcohol Detection\dataset\Grupo_1\E_1_1\LG\E_1_1_1\E_1_1_1_R_10\via_region_data.json
E_1_1_1_R_M_N_N_1983_6_2017.bmp308278,Alcohol,C:\PycharmProjects\Alcohol Detection\dataset\Grupo_1\E_1_1\LG\E_1_1_1\E_1_1_1_R_10\via_region_data.json
E_1_1_1_R_M_N_N_1983_7_2017.bmp308278,Alcohol,C:\PycharmProjects\Alcohol Detection\dataset\Grupo_1\E_1_1\LG\E_1_1_1\E_1_1_1_R_10\via_region_data.json
E_1_1_1_R_M_N_N_1983_8_2017.bmp308278,Alcohol,C:\PycharmProjects\Alcohol Detection\dataset\Grupo_1\E_1_1\LG\E_1_1_1\E_1_1_1_R_10\via_region_data.json
E_1_1_1_R_M_N_N_1983_9_2017.bmp308278,Alcohol,C:\PycharmProjects\Alcohol Detection\dataset\Grupo_1\E_1_1\LG\E_1_1_1\E_1_1_1_R_10\via_region_data.json
E_1_1_2_L_M_N_N_1983_0_2017.bmp308278,Non-Alcohol,C:\PycharmProjects\Alcohol Detection\dataset\Grupo_1\E_1_1\LG\E_1_1_2\E_1_1_2_R_10\via_region_data.json
E_1_1_2_L_M_N_N_1983_1_2017.bmp308278,Alcohol,C:\PycharmProjects\Alcohol Detection\dataset\Grupo_1\E_1_1\LG\E_1_1_2\E_1_1_2_R_10\via_region_data.json
E_1_1_2_L_M_N_N_1983_2_2017.bmp308278,Alcohol,C:\PycharmProjects\Alcohol Detection\dataset\Grupo_1\E_1_1\LG\E_1_1_2\E_1_1_2_R_10\via_region_data.json
E_1_1_2_L_M_N_N_1983_3_2017.bmp308278,Alcohol,C:\PycharmProjects\Alcohol Detection\dataset\Grupo_1\E_1_1\LG\E_1_1_2\E_1_1_2_R_10\via_region_data.json
E_1_1_2_L_M_N_N_1983_4_2017.bmp308278,Alcohol,C:\PycharmProjects\Alcohol Detection\dataset\Grupo_1\E_1_1\LG\E_1_1_2\E_1_1_2_R_10\via_region_data.json
E_1_1_2_L_M_N_N_1983_5_2017.bmp308278,Alcohol,C:\PycharmProjects\Alcohol Detection\dataset\Grupo_1\E_1_1\LG\E_1_1_2\E_1_1_2_R_10\via_region_data.json
E_1_1_2_L_M_N_N_1983_6_2017.bmp308278,Alcohol,C:\PycharmProjects\Alcohol Detection\dataset\Grupo_1\E_1_1\LG\E_1_1_2\E_1_1_2_R_10\via_region_data.json
E_1_1_2_L_M_N_N_1983_7_2017.bmp308278,Alcohol,C:\PycharmProjects\Alcohol Detection\dataset\Grupo_1\E_1_1\LG\E_1_1_2\E_1_1_2_R_10\via_region_data.json
E_1_1_2_L_M_N_N_1983_8_2017.bmp308278,Alcohol,C:\PycharmProjects\Alcohol Detection\dataset\Grupo_1\E_1_1\LG\E_1_1_2\E_1_1_2_R_10\via_region_data.json
E_1_1_2_L_M_N_N_1983_9_2017.bmp308278,Alcohol,C:\PycharmProjects\Alcohol Detection\dataset\Grupo_1\E_1_1\LG\E_1_1_2\E_1_1_2_R_10\via_region_data.json
E_1_1_2_R_M_N_N_1983_0_2017.bmp308278,Non-Alcohol,C:\PycharmProjects\Alcohol Detection\dataset\Grupo_1\E_1_1\LG\E_1_1_2\E_1_1_2_R_10\via_region_data.json
E_1_1_2_R_M_N_N_1983_1_2017.bmp308278,Alcohol,C:\PycharmProjects\Alcohol Detection\dataset\Grupo_1\E_1_1\LG\E_1_1_2\E_1_1_2_R_10\via_region_data.json
E_1_1_2_R_M_N_N_1983_2_2017.bmp308278,Alcohol,C:\PycharmProjects\Alcohol Detection\dataset\Grupo_1\E_1_1\LG\E_1_1_2\E_1_1_2_R_10\via_region_data.json
E_1_1_2_R_M_N_N_1983_3_2017.bmp308278,Alcohol,C:\PycharmProjects\Alcohol Detection\dataset\Grupo_1\E_1_1\LG\E_1_1_2\E_1_1_2_R_10\via_region_data.json
E_1_1_2_R_M_N_N_1983_4_2017.bmp308278,Alcohol,C:\PycharmProjects\Alcohol Detection\dataset\Grupo_1\E_1_1\LG\E_1_1_2\E_1_1_2_R_10\via_region_data.json
E_1_1_2_R_M_N_N_1983_5_2017.bmp308278,Alcohol,C:\PycharmProjects\Alcohol Detection\dataset\Grupo_1\E_1_1\LG\E_1_1_2\E_1_1_2_R_10\via_region_data.json
E_1_1_2_R_M_N_N_1983_6_2017.bmp308278,Alcohol,C:\PycharmProjects\Alcohol Detection\dataset\Grupo_1\E_1_1\LG\E_1_1_2\E_1_1_2_R_10\via_region_data.json
E_1_1_2_R_M_N_N_1983_7_2017.bmp308278,Alcohol,C:\PycharmProjects\Alcohol Detection\dataset\Grupo_1\E_1_1\LG\E_1_1_2\E_1_1_2_R_10\via_region_data.json
E_1_1_2_R_M_N_N_1983_8_2017.bmp308278,Alcohol,C:\PycharmProjects\Alcohol Detection\dataset\Grupo_1\E_1_1\LG\E_1_1_2\E_1_1_2_R_10\via_region_data.json
E_1_1_2_R_M_N_N_1983_9_2017.bmp308278,Alcohol,C:\PycharmProjects\Alcohol Detection\dataset\Grupo_1\E_1_1\LG\E_1_1_2\E_1_1_2_R_10\via_region_data.json
E_1_1_3_L_M_N_N_1983_0_2017.bmp308278,Non-Alcohol,C:\PycharmProjects\Alcohol Detection\dataset\Grupo_1\E_1_1\LG\E_1_1_3\E_1_1_3_R_10\via_region_data.json
E_1_1_3_L_M_N_N_1983_1_2017.bmp308278,Alcohol,C:\PycharmProjects\Alcohol Detection\dataset\Grupo_1\E_1_1\LG\E_1_1_3\E_1_1_3_R_10\via_region_data.json
E_1_1_3_L_M_N_N_1983_2_2017.bmp308278,Alcohol,C:\PycharmProjects\Alcohol Detection\dataset\Grupo_1\E_1_1\LG\E_1_1_3\E_1_1_3_R_10\via_region_data.json
E_1_1_3_L_M_N_N_1983_3_2017.bmp308278,Alcohol,C:\PycharmProjects\Alcohol Detection\dataset\Grupo_1\E_1_1\LG\E_1_1_3\E_1_1_3_R_10\via_region_data.json
E_1_1_3_L_M_N_N_1983_4_2017.bmp308278,Alcohol,C:\PycharmProjects\Alcohol Detection\dataset\Grupo_1\E_1_1\LG\E_1_1_3\E_1_1_3_R_10\via_region_data.json
E_1_1_3_L_M_N_N_1983_5_2017.bmp308278,Alcohol,C:\PycharmProjects\Alcohol Detection\dataset\Grupo_1\E_1_1\LG\E_1_1_3\E_1_1_3_R_10\via_region_data.json
E_1_1_3_L_M_N_N_1983_6_2017.bmp308278,Alcohol,C:\PycharmProjects\Alcohol Detection\dataset\Grupo_1\E_1_1\LG\E_1_1_3\E_1_1_3_R_10\via_region_data.json
E_1_1_3_L_M_N_N_1983_7_2017.bmp308278,Alcohol,C:\PycharmProjects\Alcohol Detection\dataset\Grupo_1\E_1_1\LG\E_1_1_3\E_1_1_3_R_10\via_region_data.json
E_1_1_3_L_M_N_N_1983_8_2017.bmp308278,Alcohol,C:\PycharmProjects\Alcohol Detection\dataset\Grupo_1\E_1_1\LG\E_1_1_3\E_1_1_3_R_10\via_region_data.json
E_1_1_3_L_M_N_N_1983_9_2017.bmp308278,Alcohol,C:\PycharmProjects\Alcohol Detection\dataset\Grupo_1\E_1_1\LG\E_1_1_3\E_1_1_3_R_10\via_region_data.json
E_1_1_3_R_M_N_N_1983_0_2017.bmp308278,Non-Alcohol,C:\PycharmProjects\Alcohol Detection\dataset\Grupo_1\E_1_1\LG\E_1_1_3\E_1_1_3_R_10\via_region_data.json
E_1_1_3_R_M_N_N_1983_1_2017.bmp308278,Alcohol,C:\PycharmProjects\Alcohol Detection\dataset\Grupo_1\E_1_1\LG\E_1_1_3\E_1_1_3_R_10\via_region_data.json
E_1_1_3_R_M_N_N_1983_2_2017.bmp308278,Alcohol,C:\PycharmProjects\Alcohol Detection\dataset\Grupo_1\E_1_1\LG\E_1_1_3\E_1_1_3_R_10\via_region_data.json
E_1_1_3_R_M_N_N_1983_3_2017.bmp308278,Alcohol,C:\PycharmProjects\Alcohol Detection\dataset\Grupo_1\E_1_1\LG\E_1_1_3\E_1_1_3_R_10\via_region_data.json
E_1_1_3_R_M_N_N_1983_4_2017.bmp308278,Alcohol,C:\PycharmProjects\Alcohol Detection\dataset\Grupo_1\E_1_1\LG\E_1_1_3\E_1_1_3_R_10\via_region_data.json
E_1_1_3_R_M_N_N_1983_5_2017.bmp308278,Alcohol,C:\PycharmProjects\Alcohol Detection\dataset\Grupo_1\E_1_1\LG\E_1_1_3\E_1_1_3_R_10\via_region_data.json
E_1_1_3_R_M_N_N_1983_6_2017.bmp308278,Alcohol,C:\PycharmProjects\Alcohol Detection\dataset\Grupo_1\E_1_1\LG\E_1_1_3\E_1_1_3_R_10\via_region_data.json
E_1_1_3_R_M_N_N_1983_7_2017.bmp308278,Alcohol,C:\PycharmProjects\Alcohol Detection\dataset\Grupo_1\E_1_1\LG\E_1_1_3\E_1_1_3_R_10\via_region_data.json
E_1_1_3_R_M_N_N_1983_8_2017.bmp308278,Alcohol,C:\PycharmProjects\Alcohol Detection\dataset\Grupo_1\E_1_1\LG\E_1_1_3\E_1_1_3_R_10\via_region_data.json
E_1_1_3_R_M_N_N_1983_9_2017.bmp308278,Alcohol,C:\PycharmProjects\Alcohol Detection\dataset\Grupo_1\E_1_1\LG\E_1_1_3\E_1_1_3_R_10\via_region_data.json
E_1_1_4_L_M_N_N_1983_0_2017.bmp308278,Non-Alcohol,C:\PycharmProjects\Alcohol Detection\dataset\Grupo_1\E_1_1\LG\E_1_1_4\E_1_1_4_R_10\via_region_data.json
E_1_1_4_L_M_N_N_1983_1_2017.bmp308278,Alcohol,C:\PycharmProjects\Alcohol Detection\dataset\Grupo_1\E_1_1\LG\E_1_1_4\E_1_1_4_R_10\via_region_data.json
E_1_1_4_L_M_N_N_1983_2_2017.bmp308278,Alcohol,C:\PycharmProjects\Alcohol Detection\dataset\Grupo_1\E_1_1\LG\E_1_1_4\E_1_1_4_R_10\via_region_data.json
E_1_1_4_L_M_N_N_1983_3_2017.bmp308278,Alcohol,C:\PycharmProjects\Alcohol Detection\dataset\Grupo_1\E_1_1\LG\E_1_1_4\E_1_1_4_R_10\via_region_data.json
E_1_1_4_L_M_N_N_1983_4_2017.bmp308278,Alcohol,C:\PycharmProjects\Alcohol Detection\dataset\Grupo_1\E_1_1\LG\E_1_1_4\E_1_1_4_R_10\via_region_data.json
E_1_1_4_L_M_N_N_1983_5_2017.bmp308278,Alcohol,C:\PycharmProjects\Alcohol Detection\dataset\Grupo_1\E_1_1\LG\E_1_1_4\E_1_1_4_R_10\via_region_data.json
E_1_1_4_L_M_N_N_1983_6_2017.bmp308278,Alcohol,C:\PycharmProjects\Alcohol Detection\dataset\Grupo_1\E_1_1\LG\E_1_1_4\E_1_1_4_R_10\via_region_data.json
E_1_1_4_L_M_N_N_1983_7_2017.bmp308278,Alcohol,C:\PycharmProjects\Alcohol Detection\dataset\Grupo_1\E_1_1\LG\E_1_1_4\E_1_1_4_R_10\via_region_data.json
E_1_1_4_L_M_N_N_1983_8_2017.bmp308278,Alcohol,C:\PycharmProjects\Alcohol Detection\dataset\Grupo_1\E_1_1\LG\E_1_1_4\E_1_1_4_R_10\via_region_data.json
E_1_1_4_L_M_N_N_1983_9_2017.bmp308278,Alcohol,C:\PycharmProjects\Alcohol Detection\dataset\Grupo_1\E_1_1\LG\E_1_1_4\E_1_1_4_R_10\via_region_data.json
E_1_1_4_R_M_N_N_1983_0_2017.bmp308278,Non-Alcohol,C:\PycharmProjects\Alcohol Detection\dataset\Grupo_1\E_1_1\LG\E_1_1_4\E_1_1_4_R_10\via_region_data.json
E_1_1_4_R_M_N_N_1983_1_2017.bmp308278,Alcohol,C:\PycharmProjects\Alcohol Detection\dataset\Grupo_1\E_1_1\LG\E_1_1_4\E_1_1_4_R_10\via_region_data.json
E_1_1_4_R_M_N_N_1983_2_2017.bmp308278,Alcohol,C:\PycharmProjects\Alcohol Detection\dataset\Grupo_1\E_1_1\LG\E_1_1_4\E_1_1_4_R_10\via_region_data.json
E_1_1_4_R_M_N_N_1983_3_2017.bmp308278,Alcohol,C:\PycharmProjects\Alcohol Detection\dataset\Grupo_1\E_1_1\LG\E_1_1_4\E_1_1_4_R_10\via_region_data.json
E_1_1_4_R_M_N_N_1983_4_2017.bmp308278,Alcohol,C:\PycharmProjects\Alcohol Detection\dataset\Grupo_1\E_1_1\LG\E_1_1_4\E_1_1_4_R_10\via_region_data.json
E_1_1_4_R_M_N_N_1983_5_2017.bmp308278,Alcohol,C:\PycharmProjects\Alcohol Detection\dataset\Grupo_1\E_1_1\LG\E_1_1_4\E_1_1_4_R_10\via_region_data.json
E_1_1_4_R_M_N_N_1983_6_2017.bmp308278,Alcohol,C:\PycharmProjects\Alcohol Detection\dataset\Grupo_1\E_1_1\LG\E_1_1_4\E_1_1_4_R_10\via_region_data.json
E_1_1_4_R_M_N_N_1983_7_2017.bmp308278,Alcohol,C:\PycharmProjects\Alcohol Detection\dataset\Grupo_1\E_1_1\LG\E_1_1_4\E_1_1_4_R_10\via_region_data.json
E_1_1_4_R_M_N_N_1983_8_2017.bmp308278,Alcohol,C:\PycharmProjects\Alcohol Detection\dataset\Grupo_1\E_1_1\LG\E_1_1_4\E_1_1_4_R_10\via_region_data.json
E_1_1_4_R_M_N_N_1983_9_2017.bmp308278,Alcohol,C:\PycharmProjects\Alcohol Detection\dataset\Grupo_1\E_1_1\LG\E_1_1_4\E_1_1_4_R_10\via_region_data.json
E_1_2_0_L_F_Y_N_1992_0_2017.bmp308278,Non-Alcohol,C:\PycharmProjects\Alcohol Detection\dataset\Grupo_1\E_1_2\Iritech\E_1_2_0\via_region_data.json
E_1_2_0_R_F_Y_N_1992_0_2017.bmp308278,Non-Alcohol,C:\PycharmProjects\Alcohol Detection\dataset\Grupo_1\E_1_2\Iritech\E_1_2_0\via_region_data.json
E_1_2_0_L_F_Y_N_1992_0_2017.bmp308278,Non-Alcohol,C:\PycharmProjects\Alcohol Detection\dataset\Grupo_1\E_1_2\Iritech\E_1_2_0\E_1_2_0_L_5\via_region_data.json
E_1_2_0_L_F_Y_N_1992_1_2017.bmp308278,Non-Alcohol,C:\PycharmProjects\Alcohol Detection\dataset\Grupo_1\E_1_2\Iritech\E_1_2_0\E_1_2_0_L_5\via_region_data.json
E_1_2_0_L_F_Y_N_1992_2_2017.bmp308278,Non-Alcohol,C:\PycharmProjects\Alcohol Detection\dataset\Grupo_1\E_1_2\Iritech\E_1_2_0\E_1_2_0_L_5\via_region_data.json
E_1_2_0_L_F_Y_N_1992_3_2017.bmp308278,Non-Alcohol,C:\PycharmProjects\Alcohol Detection\dataset\Grupo_1\E_1_2\Iritech\E_1_2_0\E_1_2_0_L_5\via_region_data.json
E_1_2_0_L_F_Y_N_1992_4_2017.bmp308278,Non-Alcohol,C:\PycharmProjects\Alcohol Detection\dataset\Grupo_1\E_1_2\Iritech\E_1_2_0\E_1_2_0_L_5\via_region_data.json
E_1_2_0_L_F_Y_N_1992_5_2017.bmp308278,Non-Alcohol,C:\PycharmProjects\Alcohol Detection\dataset\Grupo_1\E_1_2\Iritech\E_1_2_0\E_1_2_0_L_5\via_region_data.json
E_1_2_0_L_F_Y_N_1992_6_2017.bmp308278,Non-Alcohol,C:\PycharmProjects\Alcohol Detection\dataset\Grupo_1\E_1_2\Iritech\E_1_2_0\E_1_2_0_L_5\via_region_data.json
E_1_2_0_L_F_Y_N_1992_7_2017.bmp308278,Non-Alcohol,C:\PycharmProjects\Alcohol Detection\dataset\Grupo_1\E_1_2\Iritech\E_1_2_0\E_1_2_0_L_5\via_region_data.json
E_1_2_0_L_F_Y_N_1992_8_2017.bmp308278,Non-Alcohol,C:\PycharmProjects\Alcohol Detection\dataset\Grupo_1\E_1_2\Iritech\E_1_2_0\E_1_2_0_L_5\via_region_data.json
E_1_2_0_L_F_Y_N_1992_9_2017.bmp308278,Non-Alcohol,C:\PycharmProjects\Alcohol Detection\dataset\Grupo_1\E_1_2\Iritech\E_1_2_0\E_1_2_0_L_5\via_region_data.json
E_1_2_0_L_F_Y_N_1992_10_2017.bmp308278,Non-Alcohol,C:\PycharmProjects\Alcohol Detection\dataset\Grupo_1\E_1_2\Iritech\E_1_2_0\E_1_2_0_L_5\via_region_data.json
E_1_2_0_L_F_Y_N_1992_11_2017.bmp308278,Non-Alcohol,C:\PycharmProjects\Alcohol Detection\dataset\Grupo_1\E_1_2\Iritech\E_1_2_0\E_1_2_0_L_5\via_region_data.json
E_1_2_0_L_F_Y_N_1992_12_2017.bmp308278,Non-Alcohol,C:\PycharmProjects\Alcohol Detection\dataset\Grupo_1\E_1_2\Iritech\E_1_2_0\E_1_2_0_L_5\via_region_data.json
E_1_2_0_L_F_Y_N_1992_13_2017.bmp308278,Non-Alcohol,C:\PycharmProjects\Alcohol Detection\dataset\Grupo_1\E_1_2\Iritech\E_1_2_0\E_1_2_0_L_5\via_region_data.json
E_1_2_0_L_F_Y_N_1992_14_2017.bmp308278,Non-Alcohol,C:\PycharmProjects\Alcohol Detection\dataset\Grupo_1\E_1_2\Iritech\E_1_2_0\E_1_2_0_L_5\via_region_data.json
E_1_2_0_L_F_Y_N_1992_15_2017.bmp308278,Non-Alcohol,C:\PycharmProjects\Alcohol Detection\dataset\Grupo_1\E_1_2\Iritech\E_1_2_0\E_1_2_0_L_5\via_region_data.json
E_1_2_0_L_F_Y_N_1992_16_2017.bmp308278,Non-Alcohol,C:\PycharmProjects\Alcohol Detection\dataset\Grupo_1\E_1_2\Iritech\E_1_2_0\E_1_2_0_L_5\via_region_data.json
E_1_2_0_L_F_Y_N_1992_17_2017.bmp308278,Non-Alcohol,C:\PycharmProjects\Alcohol Detection\dataset\Grupo_1\E_1_2\Iritech\E_1_2_0\E_1_2_0_L_5\via_region_data.json
E_1_2_0_L_F_Y_N_1992_18_2017.bmp308278,Non-Alcohol,C:\PycharmProjects\Alcohol Detection\dataset\Grupo_1\E_1_2\Iritech\E_1_2_0\E_1_2_0_L_5\via_region_data.json
E_1_2_0_L_F_Y_N_1992_19_2017.bmp308278,Non-Alcohol,C:\PycharmProjects\Alcohol Detection\dataset\Grupo_1\E_1_2\Iritech\E_1_2_0\E_1_2_0_L_5\via_region_data.json
E_1_2_0_L_F_Y_N_1992_20_2017.bmp308278,Non-Alcohol,C:\PycharmProjects\Alcohol Detection\dataset\Grupo_1\E_1_2\Iritech\E_1_2_0\E_1_2_0_L_5\via_region_data.json
E_1_2_0_L_F_Y_N_1992_21_2017.bmp308278,Non-Alcohol,C:\PycharmProjects\Alcohol Detection\dataset\Grupo_1\E_1_2\Iritech\E_1_2_0\E_1_2_0_L_5\via_region_data.json
E_1_2_0_L_F_Y_N_1992_22_2017.bmp308278,Non-Alcohol,C:\PycharmProjects\Alcohol Detection\dataset\Grupo_1\E_1_2\Iritech\E_1_2_0\E_1_2_0_L_5\via_region_data.json
E_1_2_0_L_F_Y_N_1992_23_2017.bmp308278,Non-Alcohol,C:\PycharmProjects\Alcohol Detection\dataset\Grupo_1\E_1_2\Iritech\E_1_2_0\E_1_2_0_L_5\via_region_data.json
E_1_2_0_L_F_Y_N_1992_24_2017.bmp308278,Non-Alcohol,C:\PycharmProjects\Alcohol Detection\dataset\Grupo_1\E_1_2\Iritech\E_1_2_0\E_1_2_0_L_5\via_region_data.json
E_1_2_0_L_F_Y_N_1992_25_2017.bmp308278,Non-Alcohol,C:\PycharmProjects\Alcohol Detection\dataset\Grupo_1\E_1_2\Iritech\E_1_2_0\E_1_2_0_L_5\via_region_data.json
E_1_2_0_L_F_Y_N_1992_26_2017.bmp308278,Non-Alcohol,C:\PycharmProjects\Alcohol Detection\dataset\Grupo_1\E_1_2\Iritech\E_1_2_0\E_1_2_0_L_5\via_region_data.json
E_1_2_0_L_F_Y_N_1992_27_2017.bmp308278,Non-Alcohol,C:\PycharmProjects\Alcohol Detection\dataset\Grupo_1\E_1_2\Iritech\E_1_2_0\E_1_2_0_L_5\via_region_data.json
E_1_2_0_L_F_Y_N_1992_28_2017.bmp308278,Non-Alcohol,C:\PycharmProjects\Alcohol Detection\dataset\Grupo_1\E_1_2\Iritech\E_1_2_0\E_1_2_0_L_5\via_region_data.json
E_1_2_0_L_F_Y_N_1992_29_2017.bmp308278,Non-Alcohol,C:\PycharmProjects\Alcohol Detection\dataset\Grupo_1\E_1_2\Iritech\E_1_2_0\E_1_2_0_L_5\via_region_data.json
E_1_2_0_L_F_Y_N_1992_30_2017.bmp308278,Non-Alcohol,C:\PycharmProjects\Alcohol Detection\dataset\Grupo_1\E_1_2\Iritech\E_1_2_0\E_1_2_0_L_5\via_region_data.json
E_1_2_0_L_F_Y_N_1992_31_2017.bmp308278,Non-Alcohol,C:\PycharmProjects\Alcohol Detection\dataset\Grupo_1\E_1_2\Iritech\E_1_2_0\E_1_2_0_L_5\via_region_data.json
E_1_2_0_L_F_Y_N_1992_32_2017.bmp308278,Non-Alcohol,C:\PycharmProjects\Alcohol Detection\dataset\Grupo_1\E_1_2\Iritech\E_1_2_0\E_1_2_0_L_5\via_region_data.json
E_1_2_0_L_F_Y_N_1992_33_2017.bmp308278,Non-Alcohol,C:\PycharmProjects\Alcohol Detection\dataset\Grupo_1\E_1_2\Iritech\E_1_2_0\E_1_2_0_L_5\via_region_data.json
E_1_2_0_L_F_Y_N_1992_34_2017.bmp308278,Non-Alcohol,C:\PycharmProjects\Alcohol Detection\dataset\Grupo_1\E_1_2\Iritech\E_1_2_0\E_1_2_0_L_5\via_region_data.json
E_1_2_0_L_F_Y_N_1992_35_2017.bmp308278,Non-Alcohol,C:\PycharmProjects\Alcohol Detection\dataset\Grupo_1\E_1_2\Iritech\E_1_2_0\E_1_2_0_L_5\via_region_data.json
E_1_2_0_L_F_Y_N_1992_36_2017.bmp308278,Non-Alcohol,C:\PycharmProjects\Alcohol Detection\dataset\Grupo_1\E_1_2\Iritech\E_1_2_0\E_1_2_0_L_5\via_region_data.json
E_1_2_0_L_F_Y_N_1992_37_2017.bmp308278,Non-Alcohol,C:\PycharmProjects\Alcohol Detection\dataset\Grupo_1\E_1_2\Iritech\E_1_2_0\E_1_2_0_L_5\via_region_data.json
E_1_2_0_L_F_Y_N_1992_38_2017.bmp308278,Non-Alcohol,C:\PycharmProjects\Alcohol Detection\dataset\Grupo_1\E_1_2\Iritech\E_1_2_0\E_1_2_0_L_5\via_region_data.json
E_1_2_0_L_F_Y_N_1992_39_2017.bmp308278,Non-Alcohol,C:\PycharmProjects\Alcohol Detection\dataset\Grupo_1\E_1_2\Iritech\E_1_2_0\E_1_2_0_L_5\via_region_data.json
E_1_2_0_L_F_Y_N_1992_40_2017.bmp308278,Non-Alcohol,C:\PycharmProjects\Alcohol Detection\dataset\Grupo_1\E_1_2\Iritech\E_1_2_0\E_1_2_0_L_5\via_region_data.json
E_1_2_0_L_F_Y_N_1992_41_2017.bmp308278,Non-Alcohol,C:\PycharmProjects\Alcohol Detection\dataset\Grupo_1\E_1_2\Iritech\E_1_2_0\E_1_2_0_L_5\via_region_data.json
E_1_2_0_L_F_Y_N_1992_42_2017.bmp308278,Non-Alcohol,C:\PycharmProjects\Alcohol Detection\dataset\Grupo_1\E_1_2\Iritech\E_1_2_0\E_1_2_0_L_5\via_region_data.json
E_1_2_0_L_F_Y_N_1992_43_2017.bmp308278,Non-Alcohol,C:\PycharmProjects\Alcohol Detection\dataset\Grupo_1\E_1_2\Iritech\E_1_2_0\E_1_2_0_L_5\via_region_data.json
E_1_2_0_L_F_Y_N_1992_44_2017.bmp308278,Non-Alcohol,C:\PycharmProjects\Alcohol Detection\dataset\Grupo_1\E_1_2\Iritech\E_1_2_0\E_1_2_0_L_5\via_region_data.json
E_1_2_0_L_F_Y_N_1992_45_2017.bmp308278,Non-Alcohol,C:\PycharmProjects\Alcohol Detection\dataset\Grupo_1\E_1_2\Iritech\E_1_2_0\E_1_2_0_L_5\via_region_data.json
E_1_2_0_L_F_Y_N_1992_46_2017.bmp308278,Non-Alcohol,C:\PycharmProjects\Alcohol Detection\dataset\Grupo_1\E_1_2\Iritech\E_1_2_0\E_1_2_0_L_5\via_region_data.json
E_1_2_0_L_F_Y_N_1992_47_2017.bmp308278,Non-Alcohol,C:\PycharmProjects\Alcohol Detection\dataset\Grupo_1\E_1_2\Iritech\E_1_2_0\E_1_2_0_L_5\via_region_data.json
E_1_2_0_L_F_Y_N_1992_48_2017.bmp308278,Non-Alcohol,C:\PycharmProjects\Alcohol Detection\dataset\Grupo_1\E_1_2\Iritech\E_1_2_0\E_1_2_0_L_5\via_region_data.json
E_1_2_0_L_F_Y_N_1992_49_2017.bmp308278,Non-Alcohol,C:\PycharmProjects\Alcohol Detection\dataset\Grupo_1\E_1_2\Iritech\E_1_2_0\E_1_2_0_L_5\via_region_data.json
E_1_2_0_L_F_Y_N_1992_50_2017.bmp308278,Non-Alcohol,C:\PycharmProjects\Alcohol Detection\dataset\Grupo_1\E_1_2\Iritech\E_1_2_0\E_1_2_0_L_5\via_region_data.json
E_1_2_0_L_F_Y_N_1992_51_2017.bmp308278,Non-Alcohol,C:\PycharmProjects\Alcohol Detection\dataset\Grupo_1\E_1_2\Iritech\E_1_2_0\E_1_2_0_L_5\via_region_data.json
E_1_2_0_L_F_Y_N_1992_52_2017.bmp308278,Non-Alcohol,C:\PycharmProjects\Alcohol Detection\dataset\Grupo_1\E_1_2\Iritech\E_1_2_0\E_1_2_0_L_5\via_region_data.json
E_1_2_0_L_F_Y_N_1992_53_2017.bmp308278,Non-Alcohol,C:\PycharmProjects\Alcohol Detection\dataset\Grupo_1\E_1_2\Iritech\E_1_2_0\E_1_2_0_L_5\via_region_data.json
E_1_2_0_L_F_Y_N_1992_54_2017.bmp308278,Non-Alcohol,C:\PycharmProjects\Alcohol Detection\dataset\Grupo_1\E_1_2\Iritech\E_1_2_0\E_1_2_0_L_5\via_region_data.json
E_1_2_0_L_F_Y_N_1992_55_2017.bmp308278,Non-Alcohol,C:\PycharmProjects\Alcohol Detection\dataset\Grupo_1\E_1_2\Iritech\E_1_2_0\E_1_2_0_L_5\via_region_data.json
E_1_2_0_L_F_Y_N_1992_56_2017.bmp308278,Non-Alcohol,C:\PycharmProjects\Alcohol Detection\dataset\Grupo_1\E_1_2\Iritech\E_1_2_0\E_1_2_0_L_5\via_region_data.json
E_1_2_0_L_F_Y_N_1992_57_2017.bmp308278,Non-Alcohol,C:\PycharmProjects\Alcohol Detection\dataset\Grupo_1\E_1_2\Iritech\E_1_2_0\E_1_2_0_L_5\via_region_data.json
E_1_2_0_L_F_Y_N_1992_58_2017.bmp308278,Non-Alcohol,C:\PycharmProjects\Alcohol Detection\dataset\Grupo_1\E_1_2\Iritech\E_1_2_0\E_1_2_0_L_5\via_region_data.json
E_1_2_0_L_F_Y_N_1992_59_2017.bmp308278,Non-Alcohol,C:\PycharmProjects\Alcohol Detection\dataset\Grupo_1\E_1_2\Iritech\E_1_2_0\E_1_2_0_L_5\via_region_data.json
E_1_2_0_L_F_Y_N_1992_60_2017.bmp308278,Non-Alcohol,C:\PycharmProjects\Alcohol Detection\dataset\Grupo_1\E_1_2\Iritech\E_1_2_0\E_1_2_0_L_5\via_region_data.json
E_1_2_0_L_F_Y_N_1992_61_2017.bmp308278,Non-Alcohol,C:\PycharmProjects\Alcohol Detection\dataset\Grupo_1\E_1_2\Iritech\E_1_2_0\E_1_2_0_L_5\via_region_data.json
E_1_2_0_L_F_Y_N_1992_62_2017.bmp308278,Non-Alcohol,C:\PycharmProjects\Alcohol Detection\dataset\Grupo_1\E_1_2\Iritech\E_1_2_0\E_1_2_0_L_5\via_region_data.json
E_1_2_0_L_F_Y_N_1992_63_2017.bmp308278,Non-Alcohol,C:\PycharmProjects\Alcohol Detection\dataset\Grupo_1\E_1_2\Iritech\E_1_2_0\E_1_2_0_L_5\via_region_data.json
E_1_2_0_L_F_Y_N_1992_64_2017.bmp308278,Non-Alcohol,C:\PycharmProjects\Alcohol Detection\dataset\Grupo_1\E_1_2\Iritech\E_1_2_0\E_1_2_0_L_5\via_region_data.json
E_1_2_0_L_F_Y_N_1992_65_2017.bmp308278,Non-Alcohol,C:\PycharmProjects\Alcohol Detection\dataset\Grupo_1\E_1_2\Iritech\E_1_2_0\E_1_2_0_L_5\via_region_data.json
E_1_2_0_L_F_Y_N_1992_66_2017.bmp308278,Non-Alcohol,C:\PycharmProjects\Alcohol Detection\dataset\Grupo_1\E_1_2\Iritech\E_1_2_0\E_1_2_0_L_5\via_region_data.json
E_1_2_0_L_F_Y_N_1992_67_2017.bmp308278,Non-Alcohol,C:\PycharmProjects\Alcohol Detection\dataset\Grupo_1\E_1_2\Iritech\E_1_2_0\E_1_2_0_L_5\via_region_data.json
E_1_2_0_L_F_Y_N_1992_68_2017.bmp308278,Non-Alcohol,C:\PycharmProjects\Alcohol Detection\dataset\Grupo_1\E_1_2\Iritech\E_1_2_0\E_1_2_0_L_5\via_region_data.json
E_1_2_0_L_F_Y_N_1992_69_2017.bmp308278,Non-Alcohol,C:\PycharmProjects\Alcohol Detection\dataset\Grupo_1\E_1_2\Iritech\E_1_2_0\E_1_2_0_L_5\via_region_data.json
E_1_2_0_L_F_Y_N_1992_70_2017.bmp308278,Non-Alcohol,C:\PycharmProjects\Alcohol Detection\dataset\Grupo_1\E_1_2\Iritech\E_1_2_0\E_1_2_0_L_5\via_region_data.json
E_1_2_0_L_F_Y_N_1992_71_2017.bmp308278,Non-Alcohol,C:\PycharmProjects\Alcohol Detection\dataset\Grupo_1\E_1_2\Iritech\E_1_2_0\E_1_2_0_L_5\via_region_data.json
E_1_2_0_L_F_Y_N_1992_72_2017.bmp308278,Non-Alcohol,C:\PycharmProjects\Alcohol Detection\dataset\Grupo_1\E_1_2\Iritech\E_1_2_0\E_1_2_0_L_5\via_region_data.json
E_1_2_0_L_F_Y_N_1992_73_2017.bmp308278,Non-Alcohol,C:\PycharmProjects\Alcohol Detection\dataset\Grupo_1\E_1_2\Iritech\E_1_2_0\E_1_2_0_L_5\via_region_data.json
E_1_2_0_L_F_Y_N_1992_74_2017.bmp308278,Non-Alcohol,C:\PycharmProjects\Alcohol Detection\dataset\Grupo_1\E_1_2\Iritech\E_1_2_0\E_1_2_0_L_5\via_region_data.json
E_1_2_0_L_F_Y_N_1992_75_2017.bmp308278,Non-Alcohol,C:\PycharmProjects\Alcohol Detection\dataset\Grupo_1\E_1_2\Iritech\E_1_2_0\E_1_2_0_L_5\via_region_data.json
E_1_2_0_L_F_Y_N_1992_76_2017.bmp308278,Non-Alcohol,C:\PycharmProjects\Alcohol Detection\dataset\Grupo_1\E_1_2\Iritech\E_1_2_0\E_1_2_0_L_5\via_region_data.json
E_1_2_0_L_F_Y_N_1992_77_2017.bmp308278,Non-Alcohol,C:\PycharmProjects\Alcohol Detection\dataset\Grupo_1\E_1_2\Iritech\E_1_2_0\E_1_2_0_L_5\via_region_data.json
E_1_2_0_L_F_Y_N_1992_78_2017.bmp308278,Non-Alcohol,C:\PycharmProjects\Alcohol Detection\dataset\Grupo_1\E_1_2\Iritech\E_1_2_0\E_1_2_0_L_5\via_region_data.json
E_1_2_0_L_F_Y_N_1992_79_2017.bmp308278,Non-Alcohol,C:\PycharmProjects\Alcohol Detection\dataset\Grupo_1\E_1_2\Iritech\E_1_2_0\E_1_2_0_L_5\via_region_data.json
E_1_2_0_L_F_Y_N_1992_80_2017.bmp308278,Non-Alcohol,C:\PycharmProjects\Alcohol Detection\dataset\Grupo_1\E_1_2\Iritech\E_1_2_0\E_1_2_0_L_5\via_region_data.json
E_1_2_0_L_F_Y_N_1992_81_2017.bmp308278,Non-Alcohol,C:\PycharmProjects\Alcohol Detection\dataset\Grupo_1\E_1_2\Iritech\E_1_2_0\E_1_2_0_L_5\via_region_data.json
E_1_2_0_L_F_Y_N_1992_82_2017.bmp308278,Non-Alcohol,C:\PycharmProjects\Alcohol Detection\dataset\Grupo_1\E_1_2\Iritech\E_1_2_0\E_1_2_0_L_5\via_region_data.json
E_1_2_0_L_F_Y_N_1992_83_2017.bmp308278,Non-Alcohol,C:\PycharmProjects\Alcohol Detection\dataset\Grupo_1\E_1_2\Iritech\E_1_2_0\E_1_2_0_L_5\via_region_data.json
E_1_2_0_L_F_Y_N_1992_84_2017.bmp308278,Non-Alcohol,C:\PycharmProjects\Alcohol Detection\dataset\Grupo_1\E_1_2\Iritech\E_1_2_0\E_1_2_0_L_5\via_region_data.json
E_1_2_0_R_F_Y_N_1992_0_2017.bmp308278,Non-Alcohol,C:\PycharmProjects\Alcohol Detection\dataset\Grupo_1\E_1_2\Iritech\E_1_2_0\E_1_2_0_R_5\via_region_data.json
E_1_2_0_R_F_Y_N_1992_1_2017.bmp308278,Non-Alcohol,C:\PycharmProjects\Alcohol Detection\dataset\Grupo_1\E_1_2\Iritech\E_1_2_0\E_1_2_0_R_5\via_region_data.json
E_1_2_0_R_F_Y_N_1992_2_2017.bmp308278,Non-Alcohol,C:\PycharmProjects\Alcohol Detection\dataset\Grupo_1\E_1_2\Iritech\E_1_2_0\E_1_2_0_R_5\via_region_data.json
E_1_2_0_R_F_Y_N_1992_3_2017.bmp308278,Non-Alcohol,C:\PycharmProjects\Alcohol Detection\dataset\Grupo_1\E_1_2\Iritech\E_1_2_0\E_1_2_0_R_5\via_region_data.json
E_1_2_0_R_F_Y_N_1992_4_2017.bmp308278,Non-Alcohol,C:\PycharmProjects\Alcohol Detection\dataset\Grupo_1\E_1_2\Iritech\E_1_2_0\E_1_2_0_R_5\via_region_data.json
E_1_2_0_R_F_Y_N_1992_5_2017.bmp308278,Non-Alcohol,C:\PycharmProjects\Alcohol Detection\dataset\Grupo_1\E_1_2\Iritech\E_1_2_0\E_1_2_0_R_5\via_region_data.json
E_1_2_0_R_F_Y_N_1992_6_2017.bmp308278,Non-Alcohol,C:\PycharmProjects\Alcohol Detection\dataset\Grupo_1\E_1_2\Iritech\E_1_2_0\E_1_2_0_R_5\via_region_data.json
E_1_2_0_R_F_Y_N_1992_7_2017.bmp308278,Non-Alcohol,C:\PycharmProjects\Alcohol Detection\dataset\Grupo_1\E_1_2\Iritech\E_1_2_0\E_1_2_0_R_5\via_region_data.json
E_1_2_0_R_F_Y_N_1992_8_2017.bmp308278,Non-Alcohol,C:\PycharmProjects\Alcohol Detection\dataset\Grupo_1\E_1_2\Iritech\E_1_2_0\E_1_2_0_R_5\via_region_data.json
E_1_2_0_R_F_Y_N_1992_9_2017.bmp308278,Non-Alcohol,C:\PycharmProjects\Alcohol Detection\dataset\Grupo_1\E_1_2\Iritech\E_1_2_0\E_1_2_0_R_5\via_region_data.json
E_1_2_0_R_F_Y_N_1992_10_2017.bmp308278,Non-Alcohol,C:\PycharmProjects\Alcohol Detection\dataset\Grupo_1\E_1_2\Iritech\E_1_2_0\E_1_2_0_R_5\via_region_data.json
E_1_2_0_R_F_Y_N_1992_11_2017.bmp308278,Non-Alcohol,C:\PycharmProjects\Alcohol Detection\dataset\Grupo_1\E_1_2\Iritech\E_1_2_0\E_1_2_0_R_5\via_region_data.json
E_1_2_0_R_F_Y_N_1992_12_2017.bmp308278,Non-Alcohol,C:\PycharmProjects\Alcohol Detection\dataset\Grupo_1\E_1_2\Iritech\E_1_2_0\E_1_2_0_R_5\via_region_data.json
E_1_2_0_R_F_Y_N_1992_13_2017.bmp308278,Non-Alcohol,C:\PycharmProjects\Alcohol Detection\dataset\Grupo_1\E_1_2\Iritech\E_1_2_0\E_1_2_0_R_5\via_region_data.json
E_1_2_0_R_F_Y_N_1992_14_2017.bmp308278,Non-Alcohol,C:\PycharmProjects\Alcohol Detection\dataset\Grupo_1\E_1_2\Iritech\E_1_2_0\E_1_2_0_R_5\via_region_data.json
E_1_2_0_R_F_Y_N_1992_15_2017.bmp308278,Non-Alcohol,C:\PycharmProjects\Alcohol Detection\dataset\Grupo_1\E_1_2\Iritech\E_1_2_0\E_1_2_0_R_5\via_region_data.json
E_1_2_0_R_F_Y_N_1992_16_2017.bmp308278,Non-Alcohol,C:\PycharmProjects\Alcohol Detection\dataset\Grupo_1\E_1_2\Iritech\E_1_2_0\E_1_2_0_R_5\via_region_data.json
E_1_2_0_R_F_Y_N_1992_17_2017.bmp308278,Non-Alcohol,C:\PycharmProjects\Alcohol Detection\dataset\Grupo_1\E_1_2\Iritech\E_1_2_0\E_1_2_0_R_5\via_region_data.json
E_1_2_0_R_F_Y_N_1992_18_2017.bmp308278,Non-Alcohol,C:\PycharmProjects\Alcohol Detection\dataset\Grupo_1\E_1_2\Iritech\E_1_2_0\E_1_2_0_R_5\via_region_data.json
E_1_2_0_R_F_Y_N_1992_19_2017.bmp308278,Non-Alcohol,C:\PycharmProjects\Alcohol Detection\dataset\Grupo_1\E_1_2\Iritech\E_1_2_0\E_1_2_0_R_5\via_region_data.json
E_1_2_0_R_F_Y_N_1992_20_2017.bmp308278,Non-Alcohol,C:\PycharmProjects\Alcohol Detection\dataset\Grupo_1\E_1_2\Iritech\E_1_2_0\E_1_2_0_R_5\via_region_data.json
E_1_2_0_R_F_Y_N_1992_21_2017.bmp308278,Non-Alcohol,C:\PycharmProjects\Alcohol Detection\dataset\Grupo_1\E_1_2\Iritech\E_1_2_0\E_1_2_0_R_5\via_region_data.json
E_1_2_0_R_F_Y_N_1992_22_2017.bmp308278,Non-Alcohol,C:\PycharmProjects\Alcohol Detection\dataset\Grupo_1\E_1_2\Iritech\E_1_2_0\E_1_2_0_R_5\via_region_data.json
E_1_2_0_R_F_Y_N_1992_23_2017.bmp308278,Non-Alcohol,C:\PycharmProjects\Alcohol Detection\dataset\Grupo_1\E_1_2\Iritech\E_1_2_0\E_1_2_0_R_5\via_region_data.json
E_1_2_0_R_F_Y_N_1992_24_2017.bmp308278,Non-Alcohol,C:\PycharmProjects\Alcohol Detection\dataset\Grupo_1\E_1_2\Iritech\E_1_2_0\E_1_2_0_R_5\via_region_data.json
E_1_2_0_R_F_Y_N_1992_25_2017.bmp308278,Non-Alcohol,C:\PycharmProjects\Alcohol Detection\dataset\Grupo_1\E_1_2\Iritech\E_1_2_0\E_1_2_0_R_5\via_region_data.json
E_1_2_0_R_F_Y_N_1992_26_2017.bmp308278,Non-Alcohol,C:\PycharmProjects\Alcohol Detection\dataset\Grupo_1\E_1_2\Iritech\E_1_2_0\E_1_2_0_R_5\via_region_data.json
E_1_2_0_R_F_Y_N_1992_27_2017.bmp308278,Non-Alcohol,C:\PycharmProjects\Alcohol Detection\dataset\Grupo_1\E_1_2\Iritech\E_1_2_0\E_1_2_0_R_5\via_region_data.json
E_1_2_0_R_F_Y_N_1992_28_2017.bmp308278,Non-Alcohol,C:\PycharmProjects\Alcohol Detection\dataset\Grupo_1\E_1_2\Iritech\E_1_2_0\E_1_2_0_R_5\via_region_data.json
E_1_2_0_R_F_Y_N_1992_29_2017.bmp308278,Non-Alcohol,C:\PycharmProjects\Alcohol Detection\dataset\Grupo_1\E_1_2\Iritech\E_1_2_0\E_1_2_0_R_5\via_region_data.json
E_1_2_0_R_F_Y_N_1992_30_2017.bmp308278,Non-Alcohol,C:\PycharmProjects\Alcohol Detection\dataset\Grupo_1\E_1_2\Iritech\E_1_2_0\E_1_2_0_R_5\via_region_data.json
E_1_2_0_R_F_Y_N_1992_31_2017.bmp308278,Non-Alcohol,C:\PycharmProjects\Alcohol Detection\dataset\Grupo_1\E_1_2\Iritech\E_1_2_0\E_1_2_0_R_5\via_region_data.json
E_1_2_0_R_F_Y_N_1992_32_2017.bmp308278,Non-Alcohol,C:\PycharmProjects\Alcohol Detection\dataset\Grupo_1\E_1_2\Iritech\E_1_2_0\E_1_2_0_R_5\via_region_data.json
E_1_2_0_R_F_Y_N_1992_33_2017.bmp308278,Non-Alcohol,C:\PycharmProjects\Alcohol Detection\dataset\Grupo_1\E_1_2\Iritech\E_1_2_0\E_1_2_0_R_5\via_region_data.json
E_1_2_0_R_F_Y_N_1992_34_2017.bmp308278,Non-Alcohol,C:\PycharmProjects\Alcohol Detection\dataset\Grupo_1\E_1_2\Iritech\E_1_2_0\E_1_2_0_R_5\via_region_data.json
E_1_2_0_R_F_Y_N_1992_35_2017.bmp308278,Non-Alcohol,C:\PycharmProjects\Alcohol Detection\dataset\Grupo_1\E_1_2\Iritech\E_1_2_0\E_1_2_0_R_5\via_region_data.json
E_1_2_0_R_F_Y_N_1992_36_2017.bmp308278,Non-Alcohol,C:\PycharmProjects\Alcohol Detection\dataset\Grupo_1\E_1_2\Iritech\E_1_2_0\E_1_2_0_R_5\via_region_data.json
E_1_2_0_R_F_Y_N_1992_37_2017.bmp308278,Non-Alcohol,C:\PycharmProjects\Alcohol Detection\dataset\Grupo_1\E_1_2\Iritech\E_1_2_0\E_1_2_0_R_5\via_region_data.json
E_1_2_0_R_F_Y_N_1992_38_2017.bmp308278,Non-Alcohol,C:\PycharmProjects\Alcohol Detection\dataset\Grupo_1\E_1_2\Iritech\E_1_2_0\E_1_2_0_R_5\via_region_data.json
E_1_2_0_R_F_Y_N_1992_39_2017.bmp308278,Non-Alcohol,C:\PycharmProjects\Alcohol Detection\dataset\Grupo_1\E_1_2\Iritech\E_1_2_0\E_1_2_0_R_5\via_region_data.json
E_1_2_0_R_F_Y_N_1992_40_2017.bmp308278,Non-Alcohol,C:\PycharmProjects\Alcohol Detection\dataset\Grupo_1\E_1_2\Iritech\E_1_2_0\E_1_2_0_R_5\via_region_data.json
E_1_2_0_R_F_Y_N_1992_41_2017.bmp308278,Non-Alcohol,C:\PycharmProjects\Alcohol Detection\dataset\Grupo_1\E_1_2\Iritech\E_1_2_0\E_1_2_0_R_5\via_region_data.json
E_1_2_0_R_F_Y_N_1992_42_2017.bmp308278,Non-Alcohol,C:\PycharmProjects\Alcohol Detection\dataset\Grupo_1\E_1_2\Iritech\E_1_2_0\E_1_2_0_R_5\via_region_data.json
E_1_2_0_R_F_Y_N_1992_43_2017.bmp308278,Non-Alcohol,C:\PycharmProjects\Alcohol Detection\dataset\Grupo_1\E_1_2\Iritech\E_1_2_0\E_1_2_0_R_5\via_region_data.json
E_1_2_0_R_F_Y_N_1992_44_2017.bmp308278,Non-Alcohol,C:\PycharmProjects\Alcohol Detection\dataset\Grupo_1\E_1_2\Iritech\E_1_2_0\E_1_2_0_R_5\via_region_data.json
E_1_2_0_R_F_Y_N_1992_45_2017.bmp308278,Non-Alcohol,C:\PycharmProjects\Alcohol Detection\dataset\Grupo_1\E_1_2\Iritech\E_1_2_0\E_1_2_0_R_5\via_region_data.json
E_1_2_0_R_F_Y_N_1992_46_2017.bmp308278,Non-Alcohol,C:\PycharmProjects\Alcohol Detection\dataset\Grupo_1\E_1_2\Iritech\E_1_2_0\E_1_2_0_R_5\via_region_data.json
E_1_2_0_R_F_Y_N_1992_47_2017.bmp308278,Non-Alcohol,C:\PycharmProjects\Alcohol Detection\dataset\Grupo_1\E_1_2\Iritech\E_1_2_0\E_1_2_0_R_5\via_region_data.json
E_1_2_0_R_F_Y_N_1992_48_2017.bmp308278,Non-Alcohol,C:\PycharmProjects\Alcohol Detection\dataset\Grupo_1\E_1_2\Iritech\E_1_2_0\E_1_2_0_R_5\via_region_data.json
E_1_2_0_R_F_Y_N_1992_49_2017.bmp308278,Non-Alcohol,C:\PycharmProjects\Alcohol Detection\dataset\Grupo_1\E_1_2\Iritech\E_1_2_0\E_1_2_0_R_5\via_region_data.json
E_1_2_0_R_F_Y_N_1992_50_2017.bmp308278,Non-Alcohol,C:\PycharmProjects\Alcohol Detection\dataset\Grupo_1\E_1_2\Iritech\E_1_2_0\E_1_2_0_R_5\via_region_data.json
E_1_2_0_R_F_Y_N_1992_51_2017.bmp308278,Non-Alcohol,C:\PycharmProjects\Alcohol Detection\dataset\Grupo_1\E_1_2\Iritech\E_1_2_0\E_1_2_0_R_5\via_region_data.json
E_1_2_0_R_F_Y_N_1992_52_2017.bmp308278,Non-Alcohol,C:\PycharmProjects\Alcohol Detection\dataset\Grupo_1\E_1_2\Iritech\E_1_2_0\E_1_2_0_R_5\via_region_data.json
E_1_2_0_R_F_Y_N_1992_53_2017.bmp308278,Non-Alcohol,C:\PycharmProjects\Alcohol Detection\dataset\Grupo_1\E_1_2\Iritech\E_1_2_0\E_1_2_0_R_5\via_region_data.json
E_1_2_0_R_F_Y_N_1992_54_2017.bmp308278,Non-Alcohol,C:\PycharmProjects\Alcohol Detection\dataset\Grupo_1\E_1_2\Iritech\E_1_2_0\E_1_2_0_R_5\via_region_data.json
E_1_2_0_R_F_Y_N_1992_55_2017.bmp308278,Non-Alcohol,C:\PycharmProjects\Alcohol Detection\dataset\Grupo_1\E_1_2\Iritech\E_1_2_0\E_1_2_0_R_5\via_region_data.json
E_1_2_0_R_F_Y_N_1992_56_2017.bmp308278,Non-Alcohol,C:\PycharmProjects\Alcohol Detection\dataset\Grupo_1\E_1_2\Iritech\E_1_2_0\E_1_2_0_R_5\via_region_data.json
E_1_2_0_R_F_Y_N_1992_57_2017.bmp308278,Non-Alcohol,C:\PycharmProjects\Alcohol Detection\dataset\Grupo_1\E_1_2\Iritech\E_1_2_0\E_1_2_0_R_5\via_region_data.json
E_1_2_0_R_F_Y_N_1992_58_2017.bmp308278,Non-Alcohol,C:\PycharmProjects\Alcohol Detection\dataset\Grupo_1\E_1_2\Iritech\E_1_2_0\E_1_2_0_R_5\via_region_data.json
E_1_2_0_R_F_Y_N_1992_59_2017.bmp308278,Non-Alcohol,C:\PycharmProjects\Alcohol Detection\dataset\Grupo_1\E_1_2\Iritech\E_1_2_0\E_1_2_0_R_5\via_region_data.json
E_1_2_0_R_F_Y_N_1992_60_2017.bmp308278,Non-Alcohol,C:\PycharmProjects\Alcohol Detection\dataset\Grupo_1\E_1_2\Iritech\E_1_2_0\E_1_2_0_R_5\via_region_data.json
E_1_2_0_R_F_Y_N_1992_61_2017.bmp308278,Non-Alcohol,C:\PycharmProjects\Alcohol Detection\dataset\Grupo_1\E_1_2\Iritech\E_1_2_0\E_1_2_0_R_5\via_region_data.json
E_1_2_0_R_F_Y_N_1992_62_2017.bmp308278,Non-Alcohol,C:\PycharmProjects\Alcohol Detection\dataset\Grupo_1\E_1_2\Iritech\E_1_2_0\E_1_2_0_R_5\via_region_data.json
E_1_2_0_R_F_Y_N_1992_63_2017.bmp308278,Non-Alcohol,C:\PycharmProjects\Alcohol Detection\dataset\Grupo_1\E_1_2\Iritech\E_1_2_0\E_1_2_0_R_5\via_region_data.json
E_1_2_0_R_F_Y_N_1992_64_2017.bmp308278,Non-Alcohol,C:\PycharmProjects\Alcohol Detection\dataset\Grupo_1\E_1_2\Iritech\E_1_2_0\E_1_2_0_R_5\via_region_data.json
E_1_2_0_R_F_Y_N_1992_65_2017.bmp308278,Non-Alcohol,C:\PycharmProjects\Alcohol Detection\dataset\Grupo_1\E_1_2\Iritech\E_1_2_0\E_1_2_0_R_5\via_region_data.json
E_1_2_0_R_F_Y_N_1992_66_2017.bmp308278,Non-Alcohol,C:\PycharmProjects\Alcohol Detection\dataset\Grupo_1\E_1_2\Iritech\E_1_2_0\E_1_2_0_R_5\via_region_data.json
E_1_2_0_R_F_Y_N_1992_67_2017.bmp308278,Non-Alcohol,C:\PycharmProjects\Alcohol Detection\dataset\Grupo_1\E_1_2\Iritech\E_1_2_0\E_1_2_0_R_5\via_region_data.json
E_1_2_0_R_F_Y_N_1992_68_2017.bmp308278,Non-Alcohol,C:\PycharmProjects\Alcohol Detection\dataset\Grupo_1\E_1_2\Iritech\E_1_2_0\E_1_2_0_R_5\via_region_data.json
E_1_2_0_R_F_Y_N_1992_69_2017.bmp308278,Non-Alcohol,C:\PycharmProjects\Alcohol Detection\dataset\Grupo_1\E_1_2\Iritech\E_1_2_0\E_1_2_0_R_5\via_region_data.json
E_1_2_0_R_F_Y_N_1992_70_2017.bmp308278,Non-Alcohol,C:\PycharmProjects\Alcohol Detection\dataset\Grupo_1\E_1_2\Iritech\E_1_2_0\E_1_2_0_R_5\via_region_data.json
E_1_2_0_R_F_Y_N_1992_71_2017.bmp308278,Non-Alcohol,C:\PycharmProjects\Alcohol Detection\dataset\Grupo_1\E_1_2\Iritech\E_1_2_0\E_1_2_0_R_5\via_region_data.json
E_1_2_0_R_F_Y_N_1992_72_2017.bmp308278,Non-Alcohol,C:\PycharmProjects\Alcohol Detection\dataset\Grupo_1\E_1_2\Iritech\E_1_2_0\E_1_2_0_R_5\via_region_data.json
E_1_2_0_R_F_Y_N_1992_73_2017.bmp308278,Non-Alcohol,C:\PycharmProjects\Alcohol Detection\dataset\Grupo_1\E_1_2\Iritech\E_1_2_0\E_1_2_0_R_5\via_region_data.json
E_1_2_0_R_F_Y_N_1992_74_2017.bmp308278,Non-Alcohol,C:\PycharmProjects\Alcohol Detection\dataset\Grupo_1\E_1_2\Iritech\E_1_2_0\E_1_2_0_R_5\via_region_data.json
E_1_2_0_R_F_Y_N_1992_75_2017.bmp308278,Non-Alcohol,C:\PycharmProjects\Alcohol Detection\dataset\Grupo_1\E_1_2\Iritech\E_1_2_0\E_1_2_0_R_5\via_region_data.json
E_1_2_0_R_F_Y_N_1992_76_2017.bmp308278,Non-Alcohol,C:\PycharmProjects\Alcohol Detection\dataset\Grupo_1\E_1_2\Iritech\E_1_2_0\E_1_2_0_R_5\via_region_data.json
E_1_2_1_L_F_Y_N_1992_0_2017.bmp308278,Non-Alcohol,C:\PycharmProjects\Alcohol Detection\dataset\Grupo_1\E_1_2\Iritech\E_1_2_1\via_region_data.json
E_1_2_1_R_F_Y_N_1992_0_2017.bmp308278,Non-Alcohol,C:\PycharmProjects\Alcohol Detection\dataset\Grupo_1\E_1_2\Iritech\E_1_2_1\via_region_data.json
E_1_2_1_L_F_Y_N_1992_0_2017.bmp308278,Non-Alcohol,C:\PycharmProjects\Alcohol Detection\dataset\Grupo_1\E_1_2\Iritech\E_1_2_1\E_1_2_1_L_5\via_region_data.json
E_1_2_1_L_F_Y_N_1992_1_2017.bmp308278,Alcohol,C:\PycharmProjects\Alcohol Detection\dataset\Grupo_1\E_1_2\Iritech\E_1_2_1\E_1_2_1_L_5\via_region_data.json
E_1_2_1_L_F_Y_N_1992_2_2017.bmp308278,Alcohol,C:\PycharmProjects\Alcohol Detection\dataset\Grupo_1\E_1_2\Iritech\E_1_2_1\E_1_2_1_L_5\via_region_data.json
E_1_2_1_L_F_Y_N_1992_3_2017.bmp308278,Alcohol,C:\PycharmProjects\Alcohol Detection\dataset\Grupo_1\E_1_2\Iritech\E_1_2_1\E_1_2_1_L_5\via_region_data.json
E_1_2_1_L_F_Y_N_1992_4_2017.bmp308278,Alcohol,C:\PycharmProjects\Alcohol Detection\dataset\Grupo_1\E_1_2\Iritech\E_1_2_1\E_1_2_1_L_5\via_region_data.json
E_1_2_1_L_F_Y_N_1992_5_2017.bmp308278,Alcohol,C:\PycharmProjects\Alcohol Detection\dataset\Grupo_1\E_1_2\Iritech\E_1_2_1\E_1_2_1_L_5\via_region_data.json
E_1_2_1_L_F_Y_N_1992_6_2017.bmp308278,Alcohol,C:\PycharmProjects\Alcohol Detection\dataset\Grupo_1\E_1_2\Iritech\E_1_2_1\E_1_2_1_L_5\via_region_data.json
E_1_2_1_L_F_Y_N_1992_7_2017.bmp308278,Alcohol,C:\PycharmProjects\Alcohol Detection\dataset\Grupo_1\E_1_2\Iritech\E_1_2_1\E_1_2_1_L_5\via_region_data.json
E_1_2_1_L_F_Y_N_1992_8_2017.bmp308278,Alcohol,C:\PycharmProjects\Alcohol Detection\dataset\Grupo_1\E_1_2\Iritech\E_1_2_1\E_1_2_1_L_5\via_region_data.json
E_1_2_1_L_F_Y_N_1992_9_2017.bmp308278,Alcohol,C:\PycharmProjects\Alcohol Detection\dataset\Grupo_1\E_1_2\Iritech\E_1_2_1\E_1_2_1_L_5\via_region_data.json
E_1_2_1_L_F_Y_N_1992_10_2017.bmp308278,Alcohol,C:\PycharmProjects\Alcohol Detection\dataset\Grupo_1\E_1_2\Iritech\E_1_2_1\E_1_2_1_L_5\via_region_data.json
E_1_2_1_L_F_Y_N_1992_11_2017.bmp308278,Alcohol,C:\PycharmProjects\Alcohol Detection\dataset\Grupo_1\E_1_2\Iritech\E_1_2_1\E_1_2_1_L_5\via_region_data.json
E_1_2_1_L_F_Y_N_1992_12_2017.bmp308278,Alcohol,C:\PycharmProjects\Alcohol Detection\dataset\Grupo_1\E_1_2\Iritech\E_1_2_1\E_1_2_1_L_5\via_region_data.json
E_1_2_1_L_F_Y_N_1992_13_2017.bmp308278,Alcohol,C:\PycharmProjects\Alcohol Detection\dataset\Grupo_1\E_1_2\Iritech\E_1_2_1\E_1_2_1_L_5\via_region_data.json
E_1_2_1_L_F_Y_N_1992_14_2017.bmp308278,Alcohol,C:\PycharmProjects\Alcohol Detection\dataset\Grupo_1\E_1_2\Iritech\E_1_2_1\E_1_2_1_L_5\via_region_data.json
E_1_2_1_L_F_Y_N_1992_15_2017.bmp308278,Alcohol,C:\PycharmProjects\Alcohol Detection\dataset\Grupo_1\E_1_2\Iritech\E_1_2_1\E_1_2_1_L_5\via_region_data.json
E_1_2_1_L_F_Y_N_1992_16_2017.bmp308278,Alcohol,C:\PycharmProjects\Alcohol Detection\dataset\Grupo_1\E_1_2\Iritech\E_1_2_1\E_1_2_1_L_5\via_region_data.json
E_1_2_1_L_F_Y_N_1992_17_2017.bmp308278,Alcohol,C:\PycharmProjects\Alcohol Detection\dataset\Grupo_1\E_1_2\Iritech\E_1_2_1\E_1_2_1_L_5\via_region_data.json
E_1_2_1_L_F_Y_N_1992_18_2017.bmp308278,Alcohol,C:\PycharmProjects\Alcohol Detection\dataset\Grupo_1\E_1_2\Iritech\E_1_2_1\E_1_2_1_L_5\via_region_data.json
E_1_2_1_L_F_Y_N_1992_19_2017.bmp308278,Alcohol,C:\PycharmProjects\Alcohol Detection\dataset\Grupo_1\E_1_2\Iritech\E_1_2_1\E_1_2_1_L_5\via_region_data.json
E_1_2_1_L_F_Y_N_1992_20_2017.bmp308278,Alcohol,C:\PycharmProjects\Alcohol Detection\dataset\Grupo_1\E_1_2\Iritech\E_1_2_1\E_1_2_1_L_5\via_region_data.json
E_1_2_1_L_F_Y_N_1992_21_2017.bmp308278,Alcohol,C:\PycharmProjects\Alcohol Detection\dataset\Grupo_1\E_1_2\Iritech\E_1_2_1\E_1_2_1_L_5\via_region_data.json
E_1_2_1_L_F_Y_N_1992_22_2017.bmp308278,Alcohol,C:\PycharmProjects\Alcohol Detection\dataset\Grupo_1\E_1_2\Iritech\E_1_2_1\E_1_2_1_L_5\via_region_data.json
E_1_2_1_L_F_Y_N_1992_23_2017.bmp308278,Alcohol,C:\PycharmProjects\Alcohol Detection\dataset\Grupo_1\E_1_2\Iritech\E_1_2_1\E_1_2_1_L_5\via_region_data.json
E_1_2_1_L_F_Y_N_1992_24_2017.bmp308278,Alcohol,C:\PycharmProjects\Alcohol Detection\dataset\Grupo_1\E_1_2\Iritech\E_1_2_1\E_1_2_1_L_5\via_region_data.json
E_1_2_1_L_F_Y_N_1992_25_2017.bmp308278,Alcohol,C:\PycharmProjects\Alcohol Detection\dataset\Grupo_1\E_1_2\Iritech\E_1_2_1\E_1_2_1_L_5\via_region_data.json
E_1_2_1_L_F_Y_N_1992_26_2017.bmp308278,Alcohol,C:\PycharmProjects\Alcohol Detection\dataset\Grupo_1\E_1_2\Iritech\E_1_2_1\E_1_2_1_L_5\via_region_data.json
E_1_2_1_L_F_Y_N_1992_27_2017.bmp308278,Alcohol,C:\PycharmProjects\Alcohol Detection\dataset\Grupo_1\E_1_2\Iritech\E_1_2_1\E_1_2_1_L_5\via_region_data.json
E_1_2_1_L_F_Y_N_1992_28_2017.bmp308278,Alcohol,C:\PycharmProjects\Alcohol Detection\dataset\Grupo_1\E_1_2\Iritech\E_1_2_1\E_1_2_1_L_5\via_region_data.json
E_1_2_1_L_F_Y_N_1992_29_2017.bmp308278,Alcohol,C:\PycharmProjects\Alcohol Detection\dataset\Grupo_1\E_1_2\Iritech\E_1_2_1\E_1_2_1_L_5\via_region_data.json
E_1_2_1_L_F_Y_N_1992_30_2017.bmp308278,Alcohol,C:\PycharmProjects\Alcohol Detection\dataset\Grupo_1\E_1_2\Iritech\E_1_2_1\E_1_2_1_L_5\via_region_data.json
E_1_2_1_L_F_Y_N_1992_31_2017.bmp308278,Alcohol,C:\PycharmProjects\Alcohol Detection\dataset\Grupo_1\E_1_2\Iritech\E_1_2_1\E_1_2_1_L_5\via_region_data.json
E_1_2_1_L_F_Y_N_1992_32_2017.bmp308278,Alcohol,C:\PycharmProjects\Alcohol Detection\dataset\Grupo_1\E_1_2\Iritech\E_1_2_1\E_1_2_1_L_5\via_region_data.json
E_1_2_1_L_F_Y_N_1992_33_2017.bmp308278,Alcohol,C:\PycharmProjects\Alcohol Detection\dataset\Grupo_1\E_1_2\Iritech\E_1_2_1\E_1_2_1_L_5\via_region_data.json
E_1_2_1_L_F_Y_N_1992_34_2017.bmp308278,Alcohol,C:\PycharmProjects\Alcohol Detection\dataset\Grupo_1\E_1_2\Iritech\E_1_2_1\E_1_2_1_L_5\via_region_data.json
E_1_2_1_L_F_Y_N_1992_35_2017.bmp308278,Alcohol,C:\PycharmProjects\Alcohol Detection\dataset\Grupo_1\E_1_2\Iritech\E_1_2_1\E_1_2_1_L_5\via_region_data.json
E_1_2_1_L_F_Y_N_1992_36_2017.bmp308278,Alcohol,C:\PycharmProjects\Alcohol Detection\dataset\Grupo_1\E_1_2\Iritech\E_1_2_1\E_1_2_1_L_5\via_region_data.json
E_1_2_1_L_F_Y_N_1992_37_2017.bmp308278,Alcohol,C:\PycharmProjects\Alcohol Detection\dataset\Grupo_1\E_1_2\Iritech\E_1_2_1\E_1_2_1_L_5\via_region_data.json
E_1_2_1_L_F_Y_N_1992_38_2017.bmp308278,Alcohol,C:\PycharmProjects\Alcohol Detection\dataset\Grupo_1\E_1_2\Iritech\E_1_2_1\E_1_2_1_L_5\via_region_data.json
E_1_2_1_L_F_Y_N_1992_39_2017.bmp308278,Alcohol,C:\PycharmProjects\Alcohol Detection\dataset\Grupo_1\E_1_2\Iritech\E_1_2_1\E_1_2_1_L_5\via_region_data.json
E_1_2_1_L_F_Y_N_1992_40_2017.bmp308278,Alcohol,C:\PycharmProjects\Alcohol Detection\dataset\Grupo_1\E_1_2\Iritech\E_1_2_1\E_1_2_1_L_5\via_region_data.json
E_1_2_1_L_F_Y_N_1992_41_2017.bmp308278,Alcohol,C:\PycharmProjects\Alcohol Detection\dataset\Grupo_1\E_1_2\Iritech\E_1_2_1\E_1_2_1_L_5\via_region_data.json
E_1_2_1_L_F_Y_N_1992_42_2017.bmp308278,Alcohol,C:\PycharmProjects\Alcohol Detection\dataset\Grupo_1\E_1_2\Iritech\E_1_2_1\E_1_2_1_L_5\via_region_data.json
E_1_2_1_L_F_Y_N_1992_43_2017.bmp308278,Alcohol,C:\PycharmProjects\Alcohol Detection\dataset\Grupo_1\E_1_2\Iritech\E_1_2_1\E_1_2_1_L_5\via_region_data.json
E_1_2_1_L_F_Y_N_1992_44_2017.bmp308278,Alcohol,C:\PycharmProjects\Alcohol Detection\dataset\Grupo_1\E_1_2\Iritech\E_1_2_1\E_1_2_1_L_5\via_region_data.json
E_1_2_1_L_F_Y_N_1992_45_2017.bmp308278,Alcohol,C:\PycharmProjects\Alcohol Detection\dataset\Grupo_1\E_1_2\Iritech\E_1_2_1\E_1_2_1_L_5\via_region_data.json
E_1_2_1_L_F_Y_N_1992_46_2017.bmp308278,Alcohol,C:\PycharmProjects\Alcohol Detection\dataset\Grupo_1\E_1_2\Iritech\E_1_2_1\E_1_2_1_L_5\via_region_data.json
E_1_2_1_L_F_Y_N_1992_47_2017.bmp308278,Alcohol,C:\PycharmProjects\Alcohol Detection\dataset\Grupo_1\E_1_2\Iritech\E_1_2_1\E_1_2_1_L_5\via_region_data.json
E_1_2_1_L_F_Y_N_1992_48_2017.bmp308278,Alcohol,C:\PycharmProjects\Alcohol Detection\dataset\Grupo_1\E_1_2\Iritech\E_1_2_1\E_1_2_1_L_5\via_region_data.json
E_1_2_1_L_F_Y_N_1992_49_2017.bmp308278,Alcohol,C:\PycharmProjects\Alcohol Detection\dataset\Grupo_1\E_1_2\Iritech\E_1_2_1\E_1_2_1_L_5\via_region_data.json
E_1_2_1_L_F_Y_N_1992_50_2017.bmp308278,Alcohol,C:\PycharmProjects\Alcohol Detection\dataset\Grupo_1\E_1_2\Iritech\E_1_2_1\E_1_2_1_L_5\via_region_data.json
E_1_2_1_L_F_Y_N_1992_51_2017.bmp308278,Alcohol,C:\PycharmProjects\Alcohol Detection\dataset\Grupo_1\E_1_2\Iritech\E_1_2_1\E_1_2_1_L_5\via_region_data.json
E_1_2_1_L_F_Y_N_1992_52_2017.bmp308278,Alcohol,C:\PycharmProjects\Alcohol Detection\dataset\Grupo_1\E_1_2\Iritech\E_1_2_1\E_1_2_1_L_5\via_region_data.json
E_1_2_1_L_F_Y_N_1992_53_2017.bmp308278,Alcohol,C:\PycharmProjects\Alcohol Detection\dataset\Grupo_1\E_1_2\Iritech\E_1_2_1\E_1_2_1_L_5\via_region_data.json
E_1_2_1_L_F_Y_N_1992_54_2017.bmp308278,Alcohol,C:\PycharmProjects\Alcohol Detection\dataset\Grupo_1\E_1_2\Iritech\E_1_2_1\E_1_2_1_L_5\via_region_data.json
E_1_2_1_L_F_Y_N_1992_55_2017.bmp308278,Alcohol,C:\PycharmProjects\Alcohol Detection\dataset\Grupo_1\E_1_2\Iritech\E_1_2_1\E_1_2_1_L_5\via_region_data.json
E_1_2_1_L_F_Y_N_1992_56_2017.bmp308278,Alcohol,C:\PycharmProjects\Alcohol Detection\dataset\Grupo_1\E_1_2\Iritech\E_1_2_1\E_1_2_1_L_5\via_region_data.json
E_1_2_1_L_F_Y_N_1992_57_2017.bmp308278,Alcohol,C:\PycharmProjects\Alcohol Detection\dataset\Grupo_1\E_1_2\Iritech\E_1_2_1\E_1_2_1_L_5\via_region_data.json
E_1_2_1_L_F_Y_N_1992_58_2017.bmp308278,Alcohol,C:\PycharmProjects\Alcohol Detection\dataset\Grupo_1\E_1_2\Iritech\E_1_2_1\E_1_2_1_L_5\via_region_data.json
E_1_2_1_L_F_Y_N_1992_59_2017.bmp308278,Alcohol,C:\PycharmProjects\Alcohol Detection\dataset\Grupo_1\E_1_2\Iritech\E_1_2_1\E_1_2_1_L_5\via_region_data.json
E_1_2_1_L_F_Y_N_1992_60_2017.bmp308278,Alcohol,C:\PycharmProjects\Alcohol Detection\dataset\Grupo_1\E_1_2\Iritech\E_1_2_1\E_1_2_1_L_5\via_region_data.json
E_1_2_1_L_F_Y_N_1992_61_2017.bmp308278,Alcohol,C:\PycharmProjects\Alcohol Detection\dataset\Grupo_1\E_1_2\Iritech\E_1_2_1\E_1_2_1_L_5\via_region_data.json
E_1_2_1_L_F_Y_N_1992_62_2017.bmp308278,Alcohol,C:\PycharmProjects\Alcohol Detection\dataset\Grupo_1\E_1_2\Iritech\E_1_2_1\E_1_2_1_L_5\via_region_data.json
E_1_2_1_L_F_Y_N_1992_63_2017.bmp308278,Alcohol,C:\PycharmProjects\Alcohol Detection\dataset\Grupo_1\E_1_2\Iritech\E_1_2_1\E_1_2_1_L_5\via_region_data.json
E_1_2_1_L_F_Y_N_1992_64_2017.bmp308278,Alcohol,C:\PycharmProjects\Alcohol Detection\dataset\Grupo_1\E_1_2\Iritech\E_1_2_1\E_1_2_1_L_5\via_region_data.json
E_1_2_1_L_F_Y_N_1992_65_2017.bmp308278,Alcohol,C:\PycharmProjects\Alcohol Detection\dataset\Grupo_1\E_1_2\Iritech\E_1_2_1\E_1_2_1_L_5\via_region_data.json
E_1_2_1_L_F_Y_N_1992_66_2017.bmp308278,Alcohol,C:\PycharmProjects\Alcohol Detection\dataset\Grupo_1\E_1_2\Iritech\E_1_2_1\E_1_2_1_L_5\via_region_data.json
E_1_2_1_L_F_Y_N_1992_67_2017.bmp308278,Alcohol,C:\PycharmProjects\Alcohol Detection\dataset\Grupo_1\E_1_2\Iritech\E_1_2_1\E_1_2_1_L_5\via_region_data.json
E_1_2_1_L_F_Y_N_1992_68_2017.bmp308278,Alcohol,C:\PycharmProjects\Alcohol Detection\dataset\Grupo_1\E_1_2\Iritech\E_1_2_1\E_1_2_1_L_5\via_region_data.json
E_1_2_1_L_F_Y_N_1992_69_2017.bmp308278,Alcohol,C:\PycharmProjects\Alcohol Detection\dataset\Grupo_1\E_1_2\Iritech\E_1_2_1\E_1_2_1_L_5\via_region_data.json
E_1_2_1_L_F_Y_N_1992_70_2017.bmp308278,Alcohol,C:\PycharmProjects\Alcohol Detection\dataset\Grupo_1\E_1_2\Iritech\E_1_2_1\E_1_2_1_L_5\via_region_data.json
E_1_2_1_L_F_Y_N_1992_71_2017.bmp308278,Alcohol,C:\PycharmProjects\Alcohol Detection\dataset\Grupo_1\E_1_2\Iritech\E_1_2_1\E_1_2_1_L_5\via_region_data.json
E_1_2_1_L_F_Y_N_1992_72_2017.bmp308278,Alcohol,C:\PycharmProjects\Alcohol Detection\dataset\Grupo_1\E_1_2\Iritech\E_1_2_1\E_1_2_1_L_5\via_region_data.json
E_1_2_1_L_F_Y_N_1992_73_2017.bmp308278,Alcohol,C:\PycharmProjects\Alcohol Detection\dataset\Grupo_1\E_1_2\Iritech\E_1_2_1\E_1_2_1_L_5\via_region_data.json
E_1_2_1_L_F_Y_N_1992_74_2017.bmp308278,Alcohol,C:\PycharmProjects\Alcohol Detection\dataset\Grupo_1\E_1_2\Iritech\E_1_2_1\E_1_2_1_L_5\via_region_data.json
E_1_2_1_L_F_Y_N_1992_75_2017.bmp308278,Alcohol,C:\PycharmProjects\Alcohol Detection\dataset\Grupo_1\E_1_2\Iritech\E_1_2_1\E_1_2_1_L_5\via_region_data.json
E_1_2_1_L_F_Y_N_1992_76_2017.bmp308278,Alcohol,C:\PycharmProjects\Alcohol Detection\dataset\Grupo_1\E_1_2\Iritech\E_1_2_1\E_1_2_1_L_5\via_region_data.json
E_1_2_1_L_F_Y_N_1992_77_2017.bmp308278,Alcohol,C:\PycharmProjects\Alcohol Detection\dataset\Grupo_1\E_1_2\Iritech\E_1_2_1\E_1_2_1_L_5\via_region_data.json
E_1_2_1_L_F_Y_N_1992_78_2017.bmp308278,Alcohol,C:\PycharmProjects\Alcohol Detection\dataset\Grupo_1\E_1_2\Iritech\E_1_2_1\E_1_2_1_L_5\via_region_data.json
E_1_2_1_R_F_Y_N_1992_0_2017.bmp308278,Non-Alcohol,C:\PycharmProjects\Alcohol Detection\dataset\Grupo_1\E_1_2\Iritech\E_1_2_1\E_1_2_1_R_5\via_region_data.json
E_1_2_1_R_F_Y_N_1992_1_2017.bmp308278,Alcohol,C:\PycharmProjects\Alcohol Detection\dataset\Grupo_1\E_1_2\Iritech\E_1_2_1\E_1_2_1_R_5\via_region_data.json
E_1_2_1_R_F_Y_N_1992_2_2017.bmp308278,Alcohol,C:\PycharmProjects\Alcohol Detection\dataset\Grupo_1\E_1_2\Iritech\E_1_2_1\E_1_2_1_R_5\via_region_data.json
E_1_2_1_R_F_Y_N_1992_3_2017.bmp308278,Alcohol,C:\PycharmProjects\Alcohol Detection\dataset\Grupo_1\E_1_2\Iritech\E_1_2_1\E_1_2_1_R_5\via_region_data.json
E_1_2_1_R_F_Y_N_1992_4_2017.bmp308278,Alcohol,C:\PycharmProjects\Alcohol Detection\dataset\Grupo_1\E_1_2\Iritech\E_1_2_1\E_1_2_1_R_5\via_region_data.json
E_1_2_1_R_F_Y_N_1992_5_2017.bmp308278,Alcohol,C:\PycharmProjects\Alcohol Detection\dataset\Grupo_1\E_1_2\Iritech\E_1_2_1\E_1_2_1_R_5\via_region_data.json
E_1_2_1_R_F_Y_N_1992_6_2017.bmp308278,Alcohol,C:\PycharmProjects\Alcohol Detection\dataset\Grupo_1\E_1_2\Iritech\E_1_2_1\E_1_2_1_R_5\via_region_data.json
E_1_2_1_R_F_Y_N_1992_7_2017.bmp308278,Alcohol,C:\PycharmProjects\Alcohol Detection\dataset\Grupo_1\E_1_2\Iritech\E_1_2_1\E_1_2_1_R_5\via_region_data.json
E_1_2_1_R_F_Y_N_1992_8_2017.bmp308278,Alcohol,C:\PycharmProjects\Alcohol Detection\dataset\Grupo_1\E_1_2\Iritech\E_1_2_1\E_1_2_1_R_5\via_region_data.json
E_1_2_1_R_F_Y_N_1992_9_2017.bmp308278,Alcohol,C:\PycharmProjects\Alcohol Detection\dataset\Grupo_1\E_1_2\Iritech\E_1_2_1\E_1_2_1_R_5\via_region_data.json
E_1_2_1_R_F_Y_N_1992_10_2017.bmp308278,Alcohol,C:\PycharmProjects\Alcohol Detection\dataset\Grupo_1\E_1_2\Iritech\E_1_2_1\E_1_2_1_R_5\via_region_data.json
E_1_2_1_R_F_Y_N_1992_11_2017.bmp308278,Alcohol,C:\PycharmProjects\Alcohol Detection\dataset\Grupo_1\E_1_2\Iritech\E_1_2_1\E_1_2_1_R_5\via_region_data.json
E_1_2_1_R_F_Y_N_1992_12_2017.bmp308278,Alcohol,C:\PycharmProjects\Alcohol Detection\dataset\Grupo_1\E_1_2\Iritech\E_1_2_1\E_1_2_1_R_5\via_region_data.json
E_1_2_1_R_F_Y_N_1992_13_2017.bmp308278,Alcohol,C:\PycharmProjects\Alcohol Detection\dataset\Grupo_1\E_1_2\Iritech\E_1_2_1\E_1_2_1_R_5\via_region_data.json
E_1_2_1_R_F_Y_N_1992_14_2017.bmp308278,Alcohol,C:\PycharmProjects\Alcohol Detection\dataset\Grupo_1\E_1_2\Iritech\E_1_2_1\E_1_2_1_R_5\via_region_data.json
E_1_2_1_R_F_Y_N_1992_15_2017.bmp308278,Alcohol,C:\PycharmProjects\Alcohol Detection\dataset\Grupo_1\E_1_2\Iritech\E_1_2_1\E_1_2_1_R_5\via_region_data.json
E_1_2_1_R_F_Y_N_1992_16_2017.bmp308278,Alcohol,C:\PycharmProjects\Alcohol Detection\dataset\Grupo_1\E_1_2\Iritech\E_1_2_1\E_1_2_1_R_5\via_region_data.json
E_1_2_1_R_F_Y_N_1992_17_2017.bmp308278,Alcohol,C:\PycharmProjects\Alcohol Detection\dataset\Grupo_1\E_1_2\Iritech\E_1_2_1\E_1_2_1_R_5\via_region_data.json
E_1_2_1_R_F_Y_N_1992_18_2017.bmp308278,Alcohol,C:\PycharmProjects\Alcohol Detection\dataset\Grupo_1\E_1_2\Iritech\E_1_2_1\E_1_2_1_R_5\via_region_data.json
E_1_2_1_R_F_Y_N_1992_19_2017.bmp308278,Alcohol,C:\PycharmProjects\Alcohol Detection\dataset\Grupo_1\E_1_2\Iritech\E_1_2_1\E_1_2_1_R_5\via_region_data.json
E_1_2_1_R_F_Y_N_1992_20_2017.bmp308278,Alcohol,C:\PycharmProjects\Alcohol Detection\dataset\Grupo_1\E_1_2\Iritech\E_1_2_1\E_1_2_1_R_5\via_region_data.json
E_1_2_1_R_F_Y_N_1992_21_2017.bmp308278,Alcohol,C:\PycharmProjects\Alcohol Detection\dataset\Grupo_1\E_1_2\Iritech\E_1_2_1\E_1_2_1_R_5\via_region_data.json
E_1_2_1_R_F_Y_N_1992_22_2017.bmp308278,Alcohol,C:\PycharmProjects\Alcohol Detection\dataset\Grupo_1\E_1_2\Iritech\E_1_2_1\E_1_2_1_R_5\via_region_data.json
E_1_2_1_R_F_Y_N_1992_23_2017.bmp308278,Alcohol,C:\PycharmProjects\Alcohol Detection\dataset\Grupo_1\E_1_2\Iritech\E_1_2_1\E_1_2_1_R_5\via_region_data.json
E_1_2_1_R_F_Y_N_1992_24_2017.bmp308278,Alcohol,C:\PycharmProjects\Alcohol Detection\dataset\Grupo_1\E_1_2\Iritech\E_1_2_1\E_1_2_1_R_5\via_region_data.json
E_1_2_1_R_F_Y_N_1992_25_2017.bmp308278,Alcohol,C:\PycharmProjects\Alcohol Detection\dataset\Grupo_1\E_1_2\Iritech\E_1_2_1\E_1_2_1_R_5\via_region_data.json
E_1_2_1_R_F_Y_N_1992_26_2017.bmp308278,Alcohol,C:\PycharmProjects\Alcohol Detection\dataset\Grupo_1\E_1_2\Iritech\E_1_2_1\E_1_2_1_R_5\via_region_data.json
E_1_2_1_R_F_Y_N_1992_27_2017.bmp308278,Alcohol,C:\PycharmProjects\Alcohol Detection\dataset\Grupo_1\E_1_2\Iritech\E_1_2_1\E_1_2_1_R_5\via_region_data.json
E_1_2_1_R_F_Y_N_1992_28_2017.bmp308278,Alcohol,C:\PycharmProjects\Alcohol Detection\dataset\Grupo_1\E_1_2\Iritech\E_1_2_1\E_1_2_1_R_5\via_region_data.json
E_1_2_1_R_F_Y_N_1992_29_2017.bmp308278,Alcohol,C:\PycharmProjects\Alcohol Detection\dataset\Grupo_1\E_1_2\Iritech\E_1_2_1\E_1_2_1_R_5\via_region_data.json
E_1_2_1_R_F_Y_N_1992_30_2017.bmp308278,Alcohol,C:\PycharmProjects\Alcohol Detection\dataset\Grupo_1\E_1_2\Iritech\E_1_2_1\E_1_2_1_R_5\via_region_data.json
E_1_2_1_R_F_Y_N_1992_31_2017.bmp308278,Alcohol,C:\PycharmProjects\Alcohol Detection\dataset\Grupo_1\E_1_2\Iritech\E_1_2_1\E_1_2_1_R_5\via_region_data.json
E_1_2_1_R_F_Y_N_1992_32_2017.bmp308278,Alcohol,C:\PycharmProjects\Alcohol Detection\dataset\Grupo_1\E_1_2\Iritech\E_1_2_1\E_1_2_1_R_5\via_region_data.json
E_1_2_1_R_F_Y_N_1992_33_2017.bmp308278,Alcohol,C:\PycharmProjects\Alcohol Detection\dataset\Grupo_1\E_1_2\Iritech\E_1_2_1\E_1_2_1_R_5\via_region_data.json
E_1_2_1_R_F_Y_N_1992_34_2017.bmp308278,Alcohol,C:\PycharmProjects\Alcohol Detection\dataset\Grupo_1\E_1_2\Iritech\E_1_2_1\E_1_2_1_R_5\via_region_data.json
E_1_2_1_R_F_Y_N_1992_35_2017.bmp308278,Alcohol,C:\PycharmProjects\Alcohol Detection\dataset\Grupo_1\E_1_2\Iritech\E_1_2_1\E_1_2_1_R_5\via_region_data.json
E_1_2_1_R_F_Y_N_1992_36_2017.bmp308278,Alcohol,C:\PycharmProjects\Alcohol Detection\dataset\Grupo_1\E_1_2\Iritech\E_1_2_1\E_1_2_1_R_5\via_region_data.json
E_1_2_1_R_F_Y_N_1992_37_2017.bmp308278,Alcohol,C:\PycharmProjects\Alcohol Detection\dataset\Grupo_1\E_1_2\Iritech\E_1_2_1\E_1_2_1_R_5\via_region_data.json
E_1_2_1_R_F_Y_N_1992_38_2017.bmp308278,Alcohol,C:\PycharmProjects\Alcohol Detection\dataset\Grupo_1\E_1_2\Iritech\E_1_2_1\E_1_2_1_R_5\via_region_data.json
E_1_2_1_R_F_Y_N_1992_39_2017.bmp308278,Alcohol,C:\PycharmProjects\Alcohol Detection\dataset\Grupo_1\E_1_2\Iritech\E_1_2_1\E_1_2_1_R_5\via_region_data.json
E_1_2_1_R_F_Y_N_1992_40_2017.bmp308278,Alcohol,C:\PycharmProjects\Alcohol Detection\dataset\Grupo_1\E_1_2\Iritech\E_1_2_1\E_1_2_1_R_5\via_region_data.json
E_1_2_1_R_F_Y_N_1992_41_2017.bmp308278,Alcohol,C:\PycharmProjects\Alcohol Detection\dataset\Grupo_1\E_1_2\Iritech\E_1_2_1\E_1_2_1_R_5\via_region_data.json
E_1_2_1_R_F_Y_N_1992_42_2017.bmp308278,Alcohol,C:\PycharmProjects\Alcohol Detection\dataset\Grupo_1\E_1_2\Iritech\E_1_2_1\E_1_2_1_R_5\via_region_data.json
E_1_2_1_R_F_Y_N_1992_43_2017.bmp308278,Alcohol,C:\PycharmProjects\Alcohol Detection\dataset\Grupo_1\E_1_2\Iritech\E_1_2_1\E_1_2_1_R_5\via_region_data.json
E_1_2_1_R_F_Y_N_1992_44_2017.bmp308278,Alcohol,C:\PycharmProjects\Alcohol Detection\dataset\Grupo_1\E_1_2\Iritech\E_1_2_1\E_1_2_1_R_5\via_region_data.json
E_1_2_1_R_F_Y_N_1992_45_2017.bmp308278,Alcohol,C:\PycharmProjects\Alcohol Detection\dataset\Grupo_1\E_1_2\Iritech\E_1_2_1\E_1_2_1_R_5\via_region_data.json
E_1_2_1_R_F_Y_N_1992_46_2017.bmp308278,Alcohol,C:\PycharmProjects\Alcohol Detection\dataset\Grupo_1\E_1_2\Iritech\E_1_2_1\E_1_2_1_R_5\via_region_data.json
E_1_2_1_R_F_Y_N_1992_47_2017.bmp308278,Alcohol,C:\PycharmProjects\Alcohol Detection\dataset\Grupo_1\E_1_2\Iritech\E_1_2_1\E_1_2_1_R_5\via_region_data.json
E_1_2_1_R_F_Y_N_1992_48_2017.bmp308278,Alcohol,C:\PycharmProjects\Alcohol Detection\dataset\Grupo_1\E_1_2\Iritech\E_1_2_1\E_1_2_1_R_5\via_region_data.json
E_1_2_1_R_F_Y_N_1992_49_2017.bmp308278,Alcohol,C:\PycharmProjects\Alcohol Detection\dataset\Grupo_1\E_1_2\Iritech\E_1_2_1\E_1_2_1_R_5\via_region_data.json
E_1_2_1_R_F_Y_N_1992_50_2017.bmp308278,Alcohol,C:\PycharmProjects\Alcohol Detection\dataset\Grupo_1\E_1_2\Iritech\E_1_2_1\E_1_2_1_R_5\via_region_data.json
E_1_2_1_R_F_Y_N_1992_51_2017.bmp308278,Alcohol,C:\PycharmProjects\Alcohol Detection\dataset\Grupo_1\E_1_2\Iritech\E_1_2_1\E_1_2_1_R_5\via_region_data.json
E_1_2_1_R_F_Y_N_1992_52_2017.bmp308278,Alcohol,C:\PycharmProjects\Alcohol Detection\dataset\Grupo_1\E_1_2\Iritech\E_1_2_1\E_1_2_1_R_5\via_region_data.json
E_1_2_1_R_F_Y_N_1992_53_2017.bmp308278,Alcohol,C:\PycharmProjects\Alcohol Detection\dataset\Grupo_1\E_1_2\Iritech\E_1_2_1\E_1_2_1_R_5\via_region_data.json
E_1_2_1_R_F_Y_N_1992_54_2017.bmp308278,Alcohol,C:\PycharmProjects\Alcohol Detection\dataset\Grupo_1\E_1_2\Iritech\E_1_2_1\E_1_2_1_R_5\via_region_data.json
E_1_2_1_R_F_Y_N_1992_55_2017.bmp308278,Alcohol,C:\PycharmProjects\Alcohol Detection\dataset\Grupo_1\E_1_2\Iritech\E_1_2_1\E_1_2_1_R_5\via_region_data.json
E_1_2_1_R_F_Y_N_1992_56_2017.bmp308278,Alcohol,C:\PycharmProjects\Alcohol Detection\dataset\Grupo_1\E_1_2\Iritech\E_1_2_1\E_1_2_1_R_5\via_region_data.json
E_1_2_1_R_F_Y_N_1992_57_2017.bmp308278,Alcohol,C:\PycharmProjects\Alcohol Detection\dataset\Grupo_1\E_1_2\Iritech\E_1_2_1\E_1_2_1_R_5\via_region_data.json
E_1_2_1_R_F_Y_N_1992_58_2017.bmp308278,Alcohol,C:\PycharmProjects\Alcohol Detection\dataset\Grupo_1\E_1_2\Iritech\E_1_2_1\E_1_2_1_R_5\via_region_data.json
E_1_2_1_R_F_Y_N_1992_59_2017.bmp308278,Alcohol,C:\PycharmProjects\Alcohol Detection\dataset\Grupo_1\E_1_2\Iritech\E_1_2_1\E_1_2_1_R_5\via_region_data.json
E_1_2_1_R_F_Y_N_1992_60_2017.bmp308278,Alcohol,C:\PycharmProjects\Alcohol Detection\dataset\Grupo_1\E_1_2\Iritech\E_1_2_1\E_1_2_1_R_5\via_region_data.json
E_1_2_1_R_F_Y_N_1992_61_2017.bmp308278,Alcohol,C:\PycharmProjects\Alcohol Detection\dataset\Grupo_1\E_1_2\Iritech\E_1_2_1\E_1_2_1_R_5\via_region_data.json
E_1_2_1_R_F_Y_N_1992_62_2017.bmp308278,Alcohol,C:\PycharmProjects\Alcohol Detection\dataset\Grupo_1\E_1_2\Iritech\E_1_2_1\E_1_2_1_R_5\via_region_data.json
E_1_2_1_R_F_Y_N_1992_63_2017.bmp308278,Alcohol,C:\PycharmProjects\Alcohol Detection\dataset\Grupo_1\E_1_2\Iritech\E_1_2_1\E_1_2_1_R_5\via_region_data.json
E_1_2_1_R_F_Y_N_1992_64_2017.bmp308278,Alcohol,C:\PycharmProjects\Alcohol Detection\dataset\Grupo_1\E_1_2\Iritech\E_1_2_1\E_1_2_1_R_5\via_region_data.json
E_1_2_1_R_F_Y_N_1992_65_2017.bmp308278,Alcohol,C:\PycharmProjects\Alcohol Detection\dataset\Grupo_1\E_1_2\Iritech\E_1_2_1\E_1_2_1_R_5\via_region_data.json
E_1_2_1_R_F_Y_N_1992_66_2017.bmp308278,Alcohol,C:\PycharmProjects\Alcohol Detection\dataset\Grupo_1\E_1_2\Iritech\E_1_2_1\E_1_2_1_R_5\via_region_data.json
E_1_2_1_R_F_Y_N_1992_67_2017.bmp308278,Alcohol,C:\PycharmProjects\Alcohol Detection\dataset\Grupo_1\E_1_2\Iritech\E_1_2_1\E_1_2_1_R_5\via_region_data.json
E_1_2_1_R_F_Y_N_1992_68_2017.bmp308278,Alcohol,C:\PycharmProjects\Alcohol Detection\dataset\Grupo_1\E_1_2\Iritech\E_1_2_1\E_1_2_1_R_5\via_region_data.json
E_1_2_1_R_F_Y_N_1992_69_2017.bmp308278,Alcohol,C:\PycharmProjects\Alcohol Detection\dataset\Grupo_1\E_1_2\Iritech\E_1_2_1\E_1_2_1_R_5\via_region_data.json
E_1_2_1_R_F_Y_N_1992_70_2017.bmp308278,Alcohol,C:\PycharmProjects\Alcohol Detection\dataset\Grupo_1\E_1_2\Iritech\E_1_2_1\E_1_2_1_R_5\via_region_data.json
E_1_2_1_R_F_Y_N_1992_71_2017.bmp308278,Alcohol,C:\PycharmProjects\Alcohol Detection\dataset\Grupo_1\E_1_2\Iritech\E_1_2_1\E_1_2_1_R_5\via_region_data.json
E_1_2_1_R_F_Y_N_1992_72_2017.bmp308278,Alcohol,C:\PycharmProjects\Alcohol Detection\dataset\Grupo_1\E_1_2\Iritech\E_1_2_1\E_1_2_1_R_5\via_region_data.json
E_1_2_1_R_F_Y_N_1992_73_2017.bmp308278,Alcohol,C:\PycharmProjects\Alcohol Detection\dataset\Grupo_1\E_1_2\Iritech\E_1_2_1\E_1_2_1_R_5\via_region_data.json
E_1_2_1_R_F_Y_N_1992_74_2017.bmp308278,Alcohol,C:\PycharmProjects\Alcohol Detection\dataset\Grupo_1\E_1_2\Iritech\E_1_2_1\E_1_2_1_R_5\via_region_data.json
E_1_2_1_R_F_Y_N_1992_75_2017.bmp308278,Alcohol,C:\PycharmProjects\Alcohol Detection\dataset\Grupo_1\E_1_2\Iritech\E_1_2_1\E_1_2_1_R_5\via_region_data.json
E_1_2_1_R_F_Y_N_1992_76_2017.bmp308278,Alcohol,C:\PycharmProjects\Alcohol Detection\dataset\Grupo_1\E_1_2\Iritech\E_1_2_1\E_1_2_1_R_5\via_region_data.json
E_1_2_1_R_F_Y_N_1992_77_2017.bmp308278,Alcohol,C:\PycharmProjects\Alcohol Detection\dataset\Grupo_1\E_1_2\Iritech\E_1_2_1\E_1_2_1_R_5\via_region_data.json
E_1_2_1_R_F_Y_N_1992_78_2017.bmp308278,Alcohol,C:\PycharmProjects\Alcohol Detection\dataset\Grupo_1\E_1_2\Iritech\E_1_2_1\E_1_2_1_R_5\via_region_data.json
E_1_2_2_L_F_Y_N_1992_0_2017.bmp308278,Non-Alcohol,C:\PycharmProjects\Alcohol Detection\dataset\Grupo_1\E_1_2\Iritech\E_1_2_2\via_region_data.json
E_1_2_2_R_F_Y_N_1992_0_2017.bmp308278,Non-Alcohol,C:\PycharmProjects\Alcohol Detection\dataset\Grupo_1\E_1_2\Iritech\E_1_2_2\via_region_data.json
E_1_2_2_L_F_Y_N_1992_0_2017.bmp308278,Non-Alcohol,C:\PycharmProjects\Alcohol Detection\dataset\Grupo_1\E_1_2\Iritech\E_1_2_2\E_1_2_2_L_5\via_region_data.json
E_1_2_2_L_F_Y_N_1992_1_2017.bmp308278,Alcohol,C:\PycharmProjects\Alcohol Detection\dataset\Grupo_1\E_1_2\Iritech\E_1_2_2\E_1_2_2_L_5\via_region_data.json
E_1_2_2_L_F_Y_N_1992_2_2017.bmp308278,Alcohol,C:\PycharmProjects\Alcohol Detection\dataset\Grupo_1\E_1_2\Iritech\E_1_2_2\E_1_2_2_L_5\via_region_data.json
E_1_2_2_L_F_Y_N_1992_3_2017.bmp308278,Alcohol,C:\PycharmProjects\Alcohol Detection\dataset\Grupo_1\E_1_2\Iritech\E_1_2_2\E_1_2_2_L_5\via_region_data.json
E_1_2_2_L_F_Y_N_1992_4_2017.bmp308278,Alcohol,C:\PycharmProjects\Alcohol Detection\dataset\Grupo_1\E_1_2\Iritech\E_1_2_2\E_1_2_2_L_5\via_region_data.json
E_1_2_2_L_F_Y_N_1992_5_2017.bmp308278,Alcohol,C:\PycharmProjects\Alcohol Detection\dataset\Grupo_1\E_1_2\Iritech\E_1_2_2\E_1_2_2_L_5\via_region_data.json
E_1_2_2_L_F_Y_N_1992_6_2017.bmp308278,Alcohol,C:\PycharmProjects\Alcohol Detection\dataset\Grupo_1\E_1_2\Iritech\E_1_2_2\E_1_2_2_L_5\via_region_data.json
E_1_2_2_L_F_Y_N_1992_7_2017.bmp308278,Alcohol,C:\PycharmProjects\Alcohol Detection\dataset\Grupo_1\E_1_2\Iritech\E_1_2_2\E_1_2_2_L_5\via_region_data.json
E_1_2_2_L_F_Y_N_1992_8_2017.bmp308278,Alcohol,C:\PycharmProjects\Alcohol Detection\dataset\Grupo_1\E_1_2\Iritech\E_1_2_2\E_1_2_2_L_5\via_region_data.json
E_1_2_2_L_F_Y_N_1992_9_2017.bmp308278,Alcohol,C:\PycharmProjects\Alcohol Detection\dataset\Grupo_1\E_1_2\Iritech\E_1_2_2\E_1_2_2_L_5\via_region_data.json
E_1_2_2_L_F_Y_N_1992_10_2017.bmp308278,Alcohol,C:\PycharmProjects\Alcohol Detection\dataset\Grupo_1\E_1_2\Iritech\E_1_2_2\E_1_2_2_L_5\via_region_data.json
E_1_2_2_L_F_Y_N_1992_11_2017.bmp308278,Alcohol,C:\PycharmProjects\Alcohol Detection\dataset\Grupo_1\E_1_2\Iritech\E_1_2_2\E_1_2_2_L_5\via_region_data.json
E_1_2_2_L_F_Y_N_1992_12_2017.bmp308278,Alcohol,C:\PycharmProjects\Alcohol Detection\dataset\Grupo_1\E_1_2\Iritech\E_1_2_2\E_1_2_2_L_5\via_region_data.json
E_1_2_2_L_F_Y_N_1992_13_2017.bmp308278,Alcohol,C:\PycharmProjects\Alcohol Detection\dataset\Grupo_1\E_1_2\Iritech\E_1_2_2\E_1_2_2_L_5\via_region_data.json
E_1_2_2_L_F_Y_N_1992_14_2017.bmp308278,Alcohol,C:\PycharmProjects\Alcohol Detection\dataset\Grupo_1\E_1_2\Iritech\E_1_2_2\E_1_2_2_L_5\via_region_data.json
E_1_2_2_L_F_Y_N_1992_15_2017.bmp308278,Alcohol,C:\PycharmProjects\Alcohol Detection\dataset\Grupo_1\E_1_2\Iritech\E_1_2_2\E_1_2_2_L_5\via_region_data.json
E_1_2_2_L_F_Y_N_1992_16_2017.bmp308278,Alcohol,C:\PycharmProjects\Alcohol Detection\dataset\Grupo_1\E_1_2\Iritech\E_1_2_2\E_1_2_2_L_5\via_region_data.json
E_1_2_2_L_F_Y_N_1992_17_2017.bmp308278,Alcohol,C:\PycharmProjects\Alcohol Detection\dataset\Grupo_1\E_1_2\Iritech\E_1_2_2\E_1_2_2_L_5\via_region_data.json
E_1_2_2_L_F_Y_N_1992_18_2017.bmp308278,Alcohol,C:\PycharmProjects\Alcohol Detection\dataset\Grupo_1\E_1_2\Iritech\E_1_2_2\E_1_2_2_L_5\via_region_data.json
E_1_2_2_L_F_Y_N_1992_19_2017.bmp308278,Alcohol,C:\PycharmProjects\Alcohol Detection\dataset\Grupo_1\E_1_2\Iritech\E_1_2_2\E_1_2_2_L_5\via_region_data.json
E_1_2_2_L_F_Y_N_1992_20_2017.bmp308278,Alcohol,C:\PycharmProjects\Alcohol Detection\dataset\Grupo_1\E_1_2\Iritech\E_1_2_2\E_1_2_2_L_5\via_region_data.json
E_1_2_2_L_F_Y_N_1992_21_2017.bmp308278,Alcohol,C:\PycharmProjects\Alcohol Detection\dataset\Grupo_1\E_1_2\Iritech\E_1_2_2\E_1_2_2_L_5\via_region_data.json
E_1_2_2_L_F_Y_N_1992_22_2017.bmp308278,Alcohol,C:\PycharmProjects\Alcohol Detection\dataset\Grupo_1\E_1_2\Iritech\E_1_2_2\E_1_2_2_L_5\via_region_data.json
E_1_2_2_L_F_Y_N_1992_23_2017.bmp308278,Alcohol,C:\PycharmProjects\Alcohol Detection\dataset\Grupo_1\E_1_2\Iritech\E_1_2_2\E_1_2_2_L_5\via_region_data.json
E_1_2_2_L_F_Y_N_1992_24_2017.bmp308278,Alcohol,C:\PycharmProjects\Alcohol Detection\dataset\Grupo_1\E_1_2\Iritech\E_1_2_2\E_1_2_2_L_5\via_region_data.json
E_1_2_2_L_F_Y_N_1992_25_2017.bmp308278,Alcohol,C:\PycharmProjects\Alcohol Detection\dataset\Grupo_1\E_1_2\Iritech\E_1_2_2\E_1_2_2_L_5\via_region_data.json
E_1_2_2_L_F_Y_N_1992_26_2017.bmp308278,Alcohol,C:\PycharmProjects\Alcohol Detection\dataset\Grupo_1\E_1_2\Iritech\E_1_2_2\E_1_2_2_L_5\via_region_data.json
E_1_2_2_L_F_Y_N_1992_27_2017.bmp308278,Alcohol,C:\PycharmProjects\Alcohol Detection\dataset\Grupo_1\E_1_2\Iritech\E_1_2_2\E_1_2_2_L_5\via_region_data.json
E_1_2_2_L_F_Y_N_1992_28_2017.bmp308278,Alcohol,C:\PycharmProjects\Alcohol Detection\dataset\Grupo_1\E_1_2\Iritech\E_1_2_2\E_1_2_2_L_5\via_region_data.json
E_1_2_2_L_F_Y_N_1992_29_2017.bmp308278,Alcohol,C:\PycharmProjects\Alcohol Detection\dataset\Grupo_1\E_1_2\Iritech\E_1_2_2\E_1_2_2_L_5\via_region_data.json
E_1_2_2_L_F_Y_N_1992_30_2017.bmp308278,Alcohol,C:\PycharmProjects\Alcohol Detection\dataset\Grupo_1\E_1_2\Iritech\E_1_2_2\E_1_2_2_L_5\via_region_data.json
E_1_2_2_L_F_Y_N_1992_31_2017.bmp308278,Alcohol,C:\PycharmProjects\Alcohol Detection\dataset\Grupo_1\E_1_2\Iritech\E_1_2_2\E_1_2_2_L_5\via_region_data.json
E_1_2_2_L_F_Y_N_1992_32_2017.bmp308278,Alcohol,C:\PycharmProjects\Alcohol Detection\dataset\Grupo_1\E_1_2\Iritech\E_1_2_2\E_1_2_2_L_5\via_region_data.json
E_1_2_2_L_F_Y_N_1992_33_2017.bmp308278,Alcohol,C:\PycharmProjects\Alcohol Detection\dataset\Grupo_1\E_1_2\Iritech\E_1_2_2\E_1_2_2_L_5\via_region_data.json
E_1_2_2_L_F_Y_N_1992_34_2017.bmp308278,Alcohol,C:\PycharmProjects\Alcohol Detection\dataset\Grupo_1\E_1_2\Iritech\E_1_2_2\E_1_2_2_L_5\via_region_data.json
E_1_2_2_L_F_Y_N_1992_35_2017.bmp308278,Alcohol,C:\PycharmProjects\Alcohol Detection\dataset\Grupo_1\E_1_2\Iritech\E_1_2_2\E_1_2_2_L_5\via_region_data.json
E_1_2_2_L_F_Y_N_1992_36_2017.bmp308278,Alcohol,C:\PycharmProjects\Alcohol Detection\dataset\Grupo_1\E_1_2\Iritech\E_1_2_2\E_1_2_2_L_5\via_region_data.json
E_1_2_2_L_F_Y_N_1992_37_2017.bmp308278,Alcohol,C:\PycharmProjects\Alcohol Detection\dataset\Grupo_1\E_1_2\Iritech\E_1_2_2\E_1_2_2_L_5\via_region_data.json
E_1_2_2_L_F_Y_N_1992_38_2017.bmp308278,Alcohol,C:\PycharmProjects\Alcohol Detection\dataset\Grupo_1\E_1_2\Iritech\E_1_2_2\E_1_2_2_L_5\via_region_data.json
E_1_2_2_L_F_Y_N_1992_39_2017.bmp308278,Alcohol,C:\PycharmProjects\Alcohol Detection\dataset\Grupo_1\E_1_2\Iritech\E_1_2_2\E_1_2_2_L_5\via_region_data.json
E_1_2_2_L_F_Y_N_1992_40_2017.bmp308278,Alcohol,C:\PycharmProjects\Alcohol Detection\dataset\Grupo_1\E_1_2\Iritech\E_1_2_2\E_1_2_2_L_5\via_region_data.json
E_1_2_2_L_F_Y_N_1992_41_2017.bmp308278,Alcohol,C:\PycharmProjects\Alcohol Detection\dataset\Grupo_1\E_1_2\Iritech\E_1_2_2\E_1_2_2_L_5\via_region_data.json
E_1_2_2_L_F_Y_N_1992_42_2017.bmp308278,Alcohol,C:\PycharmProjects\Alcohol Detection\dataset\Grupo_1\E_1_2\Iritech\E_1_2_2\E_1_2_2_L_5\via_region_data.json
E_1_2_2_L_F_Y_N_1992_43_2017.bmp308278,Alcohol,C:\PycharmProjects\Alcohol Detection\dataset\Grupo_1\E_1_2\Iritech\E_1_2_2\E_1_2_2_L_5\via_region_data.json
E_1_2_2_L_F_Y_N_1992_44_2017.bmp308278,Alcohol,C:\PycharmProjects\Alcohol Detection\dataset\Grupo_1\E_1_2\Iritech\E_1_2_2\E_1_2_2_L_5\via_region_data.json
E_1_2_2_L_F_Y_N_1992_45_2017.bmp308278,Alcohol,C:\PycharmProjects\Alcohol Detection\dataset\Grupo_1\E_1_2\Iritech\E_1_2_2\E_1_2_2_L_5\via_region_data.json
E_1_2_2_L_F_Y_N_1992_46_2017.bmp308278,Alcohol,C:\PycharmProjects\Alcohol Detection\dataset\Grupo_1\E_1_2\Iritech\E_1_2_2\E_1_2_2_L_5\via_region_data.json
E_1_2_2_L_F_Y_N_1992_47_2017.bmp308278,Alcohol,C:\PycharmProjects\Alcohol Detection\dataset\Grupo_1\E_1_2\Iritech\E_1_2_2\E_1_2_2_L_5\via_region_data.json
E_1_2_2_L_F_Y_N_1992_48_2017.bmp308278,Alcohol,C:\PycharmProjects\Alcohol Detection\dataset\Grupo_1\E_1_2\Iritech\E_1_2_2\E_1_2_2_L_5\via_region_data.json
E_1_2_2_L_F_Y_N_1992_49_2017.bmp308278,Alcohol,C:\PycharmProjects\Alcohol Detection\dataset\Grupo_1\E_1_2\Iritech\E_1_2_2\E_1_2_2_L_5\via_region_data.json
E_1_2_2_L_F_Y_N_1992_50_2017.bmp308278,Alcohol,C:\PycharmProjects\Alcohol Detection\dataset\Grupo_1\E_1_2\Iritech\E_1_2_2\E_1_2_2_L_5\via_region_data.json
E_1_2_2_L_F_Y_N_1992_51_2017.bmp308278,Alcohol,C:\PycharmProjects\Alcohol Detection\dataset\Grupo_1\E_1_2\Iritech\E_1_2_2\E_1_2_2_L_5\via_region_data.json
E_1_2_2_L_F_Y_N_1992_52_2017.bmp308278,Alcohol,C:\PycharmProjects\Alcohol Detection\dataset\Grupo_1\E_1_2\Iritech\E_1_2_2\E_1_2_2_L_5\via_region_data.json
E_1_2_2_L_F_Y_N_1992_53_2017.bmp308278,Alcohol,C:\PycharmProjects\Alcohol Detection\dataset\Grupo_1\E_1_2\Iritech\E_1_2_2\E_1_2_2_L_5\via_region_data.json
E_1_2_2_L_F_Y_N_1992_54_2017.bmp308278,Alcohol,C:\PycharmProjects\Alcohol Detection\dataset\Grupo_1\E_1_2\Iritech\E_1_2_2\E_1_2_2_L_5\via_region_data.json
E_1_2_2_L_F_Y_N_1992_55_2017.bmp308278,Alcohol,C:\PycharmProjects\Alcohol Detection\dataset\Grupo_1\E_1_2\Iritech\E_1_2_2\E_1_2_2_L_5\via_region_data.json
E_1_2_2_L_F_Y_N_1992_56_2017.bmp308278,Alcohol,C:\PycharmProjects\Alcohol Detection\dataset\Grupo_1\E_1_2\Iritech\E_1_2_2\E_1_2_2_L_5\via_region_data.json
E_1_2_2_L_F_Y_N_1992_57_2017.bmp308278,Alcohol,C:\PycharmProjects\Alcohol Detection\dataset\Grupo_1\E_1_2\Iritech\E_1_2_2\E_1_2_2_L_5\via_region_data.json
E_1_2_2_L_F_Y_N_1992_58_2017.bmp308278,Alcohol,C:\PycharmProjects\Alcohol Detection\dataset\Grupo_1\E_1_2\Iritech\E_1_2_2\E_1_2_2_L_5\via_region_data.json
E_1_2_2_L_F_Y_N_1992_59_2017.bmp308278,Alcohol,C:\PycharmProjects\Alcohol Detection\dataset\Grupo_1\E_1_2\Iritech\E_1_2_2\E_1_2_2_L_5\via_region_data.json
E_1_2_2_L_F_Y_N_1992_60_2017.bmp308278,Alcohol,C:\PycharmProjects\Alcohol Detection\dataset\Grupo_1\E_1_2\Iritech\E_1_2_2\E_1_2_2_L_5\via_region_data.json
E_1_2_2_L_F_Y_N_1992_61_2017.bmp308278,Alcohol,C:\PycharmProjects\Alcohol Detection\dataset\Grupo_1\E_1_2\Iritech\E_1_2_2\E_1_2_2_L_5\via_region_data.json
E_1_2_2_L_F_Y_N_1992_62_2017.bmp308278,Alcohol,C:\PycharmProjects\Alcohol Detection\dataset\Grupo_1\E_1_2\Iritech\E_1_2_2\E_1_2_2_L_5\via_region_data.json
E_1_2_2_L_F_Y_N_1992_63_2017.bmp308278,Alcohol,C:\PycharmProjects\Alcohol Detection\dataset\Grupo_1\E_1_2\Iritech\E_1_2_2\E_1_2_2_L_5\via_region_data.json
E_1_2_2_L_F_Y_N_1992_64_2017.bmp308278,Alcohol,C:\PycharmProjects\Alcohol Detection\dataset\Grupo_1\E_1_2\Iritech\E_1_2_2\E_1_2_2_L_5\via_region_data.json
E_1_2_2_L_F_Y_N_1992_65_2017.bmp308278,Alcohol,C:\PycharmProjects\Alcohol Detection\dataset\Grupo_1\E_1_2\Iritech\E_1_2_2\E_1_2_2_L_5\via_region_data.json
E_1_2_2_L_F_Y_N_1992_66_2017.bmp308278,Alcohol,C:\PycharmProjects\Alcohol Detection\dataset\Grupo_1\E_1_2\Iritech\E_1_2_2\E_1_2_2_L_5\via_region_data.json
E_1_2_2_L_F_Y_N_1992_67_2017.bmp308278,Alcohol,C:\PycharmProjects\Alcohol Detection\dataset\Grupo_1\E_1_2\Iritech\E_1_2_2\E_1_2_2_L_5\via_region_data.json
E_1_2_2_L_F_Y_N_1992_68_2017.bmp308278,Alcohol,C:\PycharmProjects\Alcohol Detection\dataset\Grupo_1\E_1_2\Iritech\E_1_2_2\E_1_2_2_L_5\via_region_data.json
E_1_2_2_L_F_Y_N_1992_69_2017.bmp308278,Alcohol,C:\PycharmProjects\Alcohol Detection\dataset\Grupo_1\E_1_2\Iritech\E_1_2_2\E_1_2_2_L_5\via_region_data.json
E_1_2_2_L_F_Y_N_1992_70_2017.bmp308278,Alcohol,C:\PycharmProjects\Alcohol Detection\dataset\Grupo_1\E_1_2\Iritech\E_1_2_2\E_1_2_2_L_5\via_region_data.json
E_1_2_2_L_F_Y_N_1992_71_2017.bmp308278,Alcohol,C:\PycharmProjects\Alcohol Detection\dataset\Grupo_1\E_1_2\Iritech\E_1_2_2\E_1_2_2_L_5\via_region_data.json
E_1_2_2_L_F_Y_N_1992_72_2017.bmp308278,Alcohol,C:\PycharmProjects\Alcohol Detection\dataset\Grupo_1\E_1_2\Iritech\E_1_2_2\E_1_2_2_L_5\via_region_data.json
E_1_2_2_L_F_Y_N_1992_73_2017.bmp308278,Alcohol,C:\PycharmProjects\Alcohol Detection\dataset\Grupo_1\E_1_2\Iritech\E_1_2_2\E_1_2_2_L_5\via_region_data.json
E_1_2_2_L_F_Y_N_1992_74_2017.bmp308278,Alcohol,C:\PycharmProjects\Alcohol Detection\dataset\Grupo_1\E_1_2\Iritech\E_1_2_2\E_1_2_2_L_5\via_region_data.json
E_1_2_2_L_F_Y_N_1992_75_2017.bmp308278,Alcohol,C:\PycharmProjects\Alcohol Detection\dataset\Grupo_1\E_1_2\Iritech\E_1_2_2\E_1_2_2_L_5\via_region_data.json
E_1_2_2_L_F_Y_N_1992_76_2017.bmp308278,Alcohol,C:\PycharmProjects\Alcohol Detection\dataset\Grupo_1\E_1_2\Iritech\E_1_2_2\E_1_2_2_L_5\via_region_data.json
E_1_2_2_L_F_Y_N_1992_77_2017.bmp308278,Alcohol,C:\PycharmProjects\Alcohol Detection\dataset\Grupo_1\E_1_2\Iritech\E_1_2_2\E_1_2_2_L_5\via_region_data.json
E_1_2_2_L_F_Y_N_1992_78_2017.bmp308278,Alcohol,C:\PycharmProjects\Alcohol Detection\dataset\Grupo_1\E_1_2\Iritech\E_1_2_2\E_1_2_2_L_5\via_region_data.json
E_1_2_2_R_F_Y_N_1992_0_2017.bmp308278,Non-Alcohol,C:\PycharmProjects\Alcohol Detection\dataset\Grupo_1\E_1_2\Iritech\E_1_2_2\E_1_2_2_R_5\via_region_data.json
E_1_2_2_R_F_Y_N_1992_1_2017.bmp308278,Alcohol,C:\PycharmProjects\Alcohol Detection\dataset\Grupo_1\E_1_2\Iritech\E_1_2_2\E_1_2_2_R_5\via_region_data.json
E_1_2_2_R_F_Y_N_1992_2_2017.bmp308278,Alcohol,C:\PycharmProjects\Alcohol Detection\dataset\Grupo_1\E_1_2\Iritech\E_1_2_2\E_1_2_2_R_5\via_region_data.json
E_1_2_2_R_F_Y_N_1992_3_2017.bmp308278,Alcohol,C:\PycharmProjects\Alcohol Detection\dataset\Grupo_1\E_1_2\Iritech\E_1_2_2\E_1_2_2_R_5\via_region_data.json
E_1_2_2_R_F_Y_N_1992_4_2017.bmp308278,Alcohol,C:\PycharmProjects\Alcohol Detection\dataset\Grupo_1\E_1_2\Iritech\E_1_2_2\E_1_2_2_R_5\via_region_data.json
E_1_2_2_R_F_Y_N_1992_5_2017.bmp308278,Alcohol,C:\PycharmProjects\Alcohol Detection\dataset\Grupo_1\E_1_2\Iritech\E_1_2_2\E_1_2_2_R_5\via_region_data.json
E_1_2_2_R_F_Y_N_1992_6_2017.bmp308278,Alcohol,C:\PycharmProjects\Alcohol Detection\dataset\Grupo_1\E_1_2\Iritech\E_1_2_2\E_1_2_2_R_5\via_region_data.json
E_1_2_2_R_F_Y_N_1992_7_2017.bmp308278,Alcohol,C:\PycharmProjects\Alcohol Detection\dataset\Grupo_1\E_1_2\Iritech\E_1_2_2\E_1_2_2_R_5\via_region_data.json
E_1_2_2_R_F_Y_N_1992_8_2017.bmp308278,Alcohol,C:\PycharmProjects\Alcohol Detection\dataset\Grupo_1\E_1_2\Iritech\E_1_2_2\E_1_2_2_R_5\via_region_data.json
E_1_2_2_R_F_Y_N_1992_9_2017.bmp308278,Alcohol,C:\PycharmProjects\Alcohol Detection\dataset\Grupo_1\E_1_2\Iritech\E_1_2_2\E_1_2_2_R_5\via_region_data.json
E_1_2_2_R_F_Y_N_1992_10_2017.bmp308278,Alcohol,C:\PycharmProjects\Alcohol Detection\dataset\Grupo_1\E_1_2\Iritech\E_1_2_2\E_1_2_2_R_5\via_region_data.json
E_1_2_2_R_F_Y_N_1992_11_2017.bmp308278,Alcohol,C:\PycharmProjects\Alcohol Detection\dataset\Grupo_1\E_1_2\Iritech\E_1_2_2\E_1_2_2_R_5\via_region_data.json
E_1_2_2_R_F_Y_N_1992_12_2017.bmp308278,Alcohol,C:\PycharmProjects\Alcohol Detection\dataset\Grupo_1\E_1_2\Iritech\E_1_2_2\E_1_2_2_R_5\via_region_data.json
E_1_2_2_R_F_Y_N_1992_13_2017.bmp308278,Alcohol,C:\PycharmProjects\Alcohol Detection\dataset\Grupo_1\E_1_2\Iritech\E_1_2_2\E_1_2_2_R_5\via_region_data.json
E_1_2_2_R_F_Y_N_1992_14_2017.bmp308278,Alcohol,C:\PycharmProjects\Alcohol Detection\dataset\Grupo_1\E_1_2\Iritech\E_1_2_2\E_1_2_2_R_5\via_region_data.json
E_1_2_2_R_F_Y_N_1992_15_2017.bmp308278,Alcohol,C:\PycharmProjects\Alcohol Detection\dataset\Grupo_1\E_1_2\Iritech\E_1_2_2\E_1_2_2_R_5\via_region_data.json
E_1_2_2_R_F_Y_N_1992_16_2017.bmp308278,Alcohol,C:\PycharmProjects\Alcohol Detection\dataset\Grupo_1\E_1_2\Iritech\E_1_2_2\E_1_2_2_R_5\via_region_data.json
E_1_2_2_R_F_Y_N_1992_17_2017.bmp308278,Alcohol,C:\PycharmProjects\Alcohol Detection\dataset\Grupo_1\E_1_2\Iritech\E_1_2_2\E_1_2_2_R_5\via_region_data.json
E_1_2_2_R_F_Y_N_1992_18_2017.bmp308278,Alcohol,C:\PycharmProjects\Alcohol Detection\dataset\Grupo_1\E_1_2\Iritech\E_1_2_2\E_1_2_2_R_5\via_region_data.json
E_1_2_2_R_F_Y_N_1992_19_2017.bmp308278,Alcohol,C:\PycharmProjects\Alcohol Detection\dataset\Grupo_1\E_1_2\Iritech\E_1_2_2\E_1_2_2_R_5\via_region_data.json
E_1_2_2_R_F_Y_N_1992_20_2017.bmp308278,Alcohol,C:\PycharmProjects\Alcohol Detection\dataset\Grupo_1\E_1_2\Iritech\E_1_2_2\E_1_2_2_R_5\via_region_data.json
E_1_2_2_R_F_Y_N_1992_21_2017.bmp308278,Alcohol,C:\PycharmProjects\Alcohol Detection\dataset\Grupo_1\E_1_2\Iritech\E_1_2_2\E_1_2_2_R_5\via_region_data.json
E_1_2_2_R_F_Y_N_1992_22_2017.bmp308278,Alcohol,C:\PycharmProjects\Alcohol Detection\dataset\Grupo_1\E_1_2\Iritech\E_1_2_2\E_1_2_2_R_5\via_region_data.json
E_1_2_2_R_F_Y_N_1992_23_2017.bmp308278,Alcohol,C:\PycharmProjects\Alcohol Detection\dataset\Grupo_1\E_1_2\Iritech\E_1_2_2\E_1_2_2_R_5\via_region_data.json
E_1_2_2_R_F_Y_N_1992_24_2017.bmp308278,Alcohol,C:\PycharmProjects\Alcohol Detection\dataset\Grupo_1\E_1_2\Iritech\E_1_2_2\E_1_2_2_R_5\via_region_data.json
E_1_2_2_R_F_Y_N_1992_25_2017.bmp308278,Alcohol,C:\PycharmProjects\Alcohol Detection\dataset\Grupo_1\E_1_2\Iritech\E_1_2_2\E_1_2_2_R_5\via_region_data.json
E_1_2_2_R_F_Y_N_1992_26_2017.bmp308278,Alcohol,C:\PycharmProjects\Alcohol Detection\dataset\Grupo_1\E_1_2\Iritech\E_1_2_2\E_1_2_2_R_5\via_region_data.json
E_1_2_2_R_F_Y_N_1992_27_2017.bmp308278,Alcohol,C:\PycharmProjects\Alcohol Detection\dataset\Grupo_1\E_1_2\Iritech\E_1_2_2\E_1_2_2_R_5\via_region_data.json
E_1_2_2_R_F_Y_N_1992_28_2017.bmp308278,Alcohol,C:\PycharmProjects\Alcohol Detection\dataset\Grupo_1\E_1_2\Iritech\E_1_2_2\E_1_2_2_R_5\via_region_data.json
E_1_2_2_R_F_Y_N_1992_29_2017.bmp308278,Alcohol,C:\PycharmProjects\Alcohol Detection\dataset\Grupo_1\E_1_2\Iritech\E_1_2_2\E_1_2_2_R_5\via_region_data.json
E_1_2_2_R_F_Y_N_1992_30_2017.bmp308278,Alcohol,C:\PycharmProjects\Alcohol Detection\dataset\Grupo_1\E_1_2\Iritech\E_1_2_2\E_1_2_2_R_5\via_region_data.json
E_1_2_2_R_F_Y_N_1992_31_2017.bmp308278,Alcohol,C:\PycharmProjects\Alcohol Detection\dataset\Grupo_1\E_1_2\Iritech\E_1_2_2\E_1_2_2_R_5\via_region_data.json
E_1_2_2_R_F_Y_N_1992_32_2017.bmp308278,Alcohol,C:\PycharmProjects\Alcohol Detection\dataset\Grupo_1\E_1_2\Iritech\E_1_2_2\E_1_2_2_R_5\via_region_data.json
E_1_2_2_R_F_Y_N_1992_33_2017.bmp308278,Alcohol,C:\PycharmProjects\Alcohol Detection\dataset\Grupo_1\E_1_2\Iritech\E_1_2_2\E_1_2_2_R_5\via_region_data.json
E_1_2_2_R_F_Y_N_1992_34_2017.bmp308278,Alcohol,C:\PycharmProjects\Alcohol Detection\dataset\Grupo_1\E_1_2\Iritech\E_1_2_2\E_1_2_2_R_5\via_region_data.json
E_1_2_2_R_F_Y_N_1992_35_2017.bmp308278,Alcohol,C:\PycharmProjects\Alcohol Detection\dataset\Grupo_1\E_1_2\Iritech\E_1_2_2\E_1_2_2_R_5\via_region_data.json
E_1_2_2_R_F_Y_N_1992_36_2017.bmp308278,Alcohol,C:\PycharmProjects\Alcohol Detection\dataset\Grupo_1\E_1_2\Iritech\E_1_2_2\E_1_2_2_R_5\via_region_data.json
E_1_2_2_R_F_Y_N_1992_37_2017.bmp308278,Alcohol,C:\PycharmProjects\Alcohol Detection\dataset\Grupo_1\E_1_2\Iritech\E_1_2_2\E_1_2_2_R_5\via_region_data.json
E_1_2_2_R_F_Y_N_1992_38_2017.bmp308278,Alcohol,C:\PycharmProjects\Alcohol Detection\dataset\Grupo_1\E_1_2\Iritech\E_1_2_2\E_1_2_2_R_5\via_region_data.json
E_1_2_2_R_F_Y_N_1992_39_2017.bmp308278,Alcohol,C:\PycharmProjects\Alcohol Detection\dataset\Grupo_1\E_1_2\Iritech\E_1_2_2\E_1_2_2_R_5\via_region_data.json
E_1_2_2_R_F_Y_N_1992_40_2017.bmp308278,Alcohol,C:\PycharmProjects\Alcohol Detection\dataset\Grupo_1\E_1_2\Iritech\E_1_2_2\E_1_2_2_R_5\via_region_data.json
E_1_2_2_R_F_Y_N_1992_41_2017.bmp308278,Alcohol,C:\PycharmProjects\Alcohol Detection\dataset\Grupo_1\E_1_2\Iritech\E_1_2_2\E_1_2_2_R_5\via_region_data.json
E_1_2_2_R_F_Y_N_1992_42_2017.bmp308278,Alcohol,C:\PycharmProjects\Alcohol Detection\dataset\Grupo_1\E_1_2\Iritech\E_1_2_2\E_1_2_2_R_5\via_region_data.json
E_1_2_2_R_F_Y_N_1992_43_2017.bmp308278,Alcohol,C:\PycharmProjects\Alcohol Detection\dataset\Grupo_1\E_1_2\Iritech\E_1_2_2\E_1_2_2_R_5\via_region_data.json
E_1_2_2_R_F_Y_N_1992_44_2017.bmp308278,Alcohol,C:\PycharmProjects\Alcohol Detection\dataset\Grupo_1\E_1_2\Iritech\E_1_2_2\E_1_2_2_R_5\via_region_data.json
E_1_2_2_R_F_Y_N_1992_45_2017.bmp308278,Alcohol,C:\PycharmProjects\Alcohol Detection\dataset\Grupo_1\E_1_2\Iritech\E_1_2_2\E_1_2_2_R_5\via_region_data.json
E_1_2_2_R_F_Y_N_1992_46_2017.bmp308278,Alcohol,C:\PycharmProjects\Alcohol Detection\dataset\Grupo_1\E_1_2\Iritech\E_1_2_2\E_1_2_2_R_5\via_region_data.json
E_1_2_2_R_F_Y_N_1992_47_2017.bmp308278,Alcohol,C:\PycharmProjects\Alcohol Detection\dataset\Grupo_1\E_1_2\Iritech\E_1_2_2\E_1_2_2_R_5\via_region_data.json
E_1_2_2_R_F_Y_N_1992_48_2017.bmp308278,Alcohol,C:\PycharmProjects\Alcohol Detection\dataset\Grupo_1\E_1_2\Iritech\E_1_2_2\E_1_2_2_R_5\via_region_data.json
E_1_2_2_R_F_Y_N_1992_49_2017.bmp308278,Alcohol,C:\PycharmProjects\Alcohol Detection\dataset\Grupo_1\E_1_2\Iritech\E_1_2_2\E_1_2_2_R_5\via_region_data.json
E_1_2_2_R_F_Y_N_1992_50_2017.bmp308278,Alcohol,C:\PycharmProjects\Alcohol Detection\dataset\Grupo_1\E_1_2\Iritech\E_1_2_2\E_1_2_2_R_5\via_region_data.json
E_1_2_2_R_F_Y_N_1992_51_2017.bmp308278,Alcohol,C:\PycharmProjects\Alcohol Detection\dataset\Grupo_1\E_1_2\Iritech\E_1_2_2\E_1_2_2_R_5\via_region_data.json
E_1_2_2_R_F_Y_N_1992_52_2017.bmp308278,Alcohol,C:\PycharmProjects\Alcohol Detection\dataset\Grupo_1\E_1_2\Iritech\E_1_2_2\E_1_2_2_R_5\via_region_data.json
E_1_2_2_R_F_Y_N_1992_53_2017.bmp308278,Alcohol,C:\PycharmProjects\Alcohol Detection\dataset\Grupo_1\E_1_2\Iritech\E_1_2_2\E_1_2_2_R_5\via_region_data.json
E_1_2_2_R_F_Y_N_1992_54_2017.bmp308278,Alcohol,C:\PycharmProjects\Alcohol Detection\dataset\Grupo_1\E_1_2\Iritech\E_1_2_2\E_1_2_2_R_5\via_region_data.json
E_1_2_2_R_F_Y_N_1992_55_2017.bmp308278,Alcohol,C:\PycharmProjects\Alcohol Detection\dataset\Grupo_1\E_1_2\Iritech\E_1_2_2\E_1_2_2_R_5\via_region_data.json
E_1_2_2_R_F_Y_N_1992_56_2017.bmp308278,Alcohol,C:\PycharmProjects\Alcohol Detection\dataset\Grupo_1\E_1_2\Iritech\E_1_2_2\E_1_2_2_R_5\via_region_data.json
E_1_2_2_R_F_Y_N_1992_57_2017.bmp308278,Alcohol,C:\PycharmProjects\Alcohol Detection\dataset\Grupo_1\E_1_2\Iritech\E_1_2_2\E_1_2_2_R_5\via_region_data.json
E_1_2_2_R_F_Y_N_1992_58_2017.bmp308278,Alcohol,C:\PycharmProjects\Alcohol Detection\dataset\Grupo_1\E_1_2\Iritech\E_1_2_2\E_1_2_2_R_5\via_region_data.json
E_1_2_2_R_F_Y_N_1992_59_2017.bmp308278,Alcohol,C:\PycharmProjects\Alcohol Detection\dataset\Grupo_1\E_1_2\Iritech\E_1_2_2\E_1_2_2_R_5\via_region_data.json
E_1_2_2_R_F_Y_N_1992_60_2017.bmp308278,Alcohol,C:\PycharmProjects\Alcohol Detection\dataset\Grupo_1\E_1_2\Iritech\E_1_2_2\E_1_2_2_R_5\via_region_data.json
E_1_2_2_R_F_Y_N_1992_61_2017.bmp308278,Alcohol,C:\PycharmProjects\Alcohol Detection\dataset\Grupo_1\E_1_2\Iritech\E_1_2_2\E_1_2_2_R_5\via_region_data.json
E_1_2_2_R_F_Y_N_1992_62_2017.bmp308278,Alcohol,C:\PycharmProjects\Alcohol Detection\dataset\Grupo_1\E_1_2\Iritech\E_1_2_2\E_1_2_2_R_5\via_region_data.json
E_1_2_2_R_F_Y_N_1992_63_2017.bmp308278,Alcohol,C:\PycharmProjects\Alcohol Detection\dataset\Grupo_1\E_1_2\Iritech\E_1_2_2\E_1_2_2_R_5\via_region_data.json
E_1_2_2_R_F_Y_N_1992_64_2017.bmp308278,Alcohol,C:\PycharmProjects\Alcohol Detection\dataset\Grupo_1\E_1_2\Iritech\E_1_2_2\E_1_2_2_R_5\via_region_data.json
E_1_2_2_R_F_Y_N_1992_65_2017.bmp308278,Alcohol,C:\PycharmProjects\Alcohol Detection\dataset\Grupo_1\E_1_2\Iritech\E_1_2_2\E_1_2_2_R_5\via_region_data.json
E_1_2_2_R_F_Y_N_1992_66_2017.bmp308278,Alcohol,C:\PycharmProjects\Alcohol Detection\dataset\Grupo_1\E_1_2\Iritech\E_1_2_2\E_1_2_2_R_5\via_region_data.json
E_1_2_2_R_F_Y_N_1992_67_2017.bmp308278,Alcohol,C:\PycharmProjects\Alcohol Detection\dataset\Grupo_1\E_1_2\Iritech\E_1_2_2\E_1_2_2_R_5\via_region_data.json
E_1_2_2_R_F_Y_N_1992_68_2017.bmp308278,Alcohol,C:\PycharmProjects\Alcohol Detection\dataset\Grupo_1\E_1_2\Iritech\E_1_2_2\E_1_2_2_R_5\via_region_data.json
E_1_2_2_R_F_Y_N_1992_69_2017.bmp308278,Alcohol,C:\PycharmProjects\Alcohol Detection\dataset\Grupo_1\E_1_2\Iritech\E_1_2_2\E_1_2_2_R_5\via_region_data.json
E_1_2_2_R_F_Y_N_1992_70_2017.bmp308278,Alcohol,C:\PycharmProjects\Alcohol Detection\dataset\Grupo_1\E_1_2\Iritech\E_1_2_2\E_1_2_2_R_5\via_region_data.json
E_1_2_2_R_F_Y_N_1992_71_2017.bmp308278,Alcohol,C:\PycharmProjects\Alcohol Detection\dataset\Grupo_1\E_1_2\Iritech\E_1_2_2\E_1_2_2_R_5\via_region_data.json
E_1_2_2_R_F_Y_N_1992_72_2017.bmp308278,Alcohol,C:\PycharmProjects\Alcohol Detection\dataset\Grupo_1\E_1_2\Iritech\E_1_2_2\E_1_2_2_R_5\via_region_data.json
E_1_2_2_R_F_Y_N_1992_73_2017.bmp308278,Alcohol,C:\PycharmProjects\Alcohol Detection\dataset\Grupo_1\E_1_2\Iritech\E_1_2_2\E_1_2_2_R_5\via_region_data.json
E_1_2_2_R_F_Y_N_1992_74_2017.bmp308278,Alcohol,C:\PycharmProjects\Alcohol Detection\dataset\Grupo_1\E_1_2\Iritech\E_1_2_2\E_1_2_2_R_5\via_region_data.json
E_1_2_2_R_F_Y_N_1992_75_2017.bmp308278,Alcohol,C:\PycharmProjects\Alcohol Detection\dataset\Grupo_1\E_1_2\Iritech\E_1_2_2\E_1_2_2_R_5\via_region_data.json
E_1_2_2_R_F_Y_N_1992_76_2017.bmp308278,Alcohol,C:\PycharmProjects\Alcohol Detection\dataset\Grupo_1\E_1_2\Iritech\E_1_2_2\E_1_2_2_R_5\via_region_data.json
E_1_2_2_R_F_Y_N_1992_77_2017.bmp308278,Alcohol,C:\PycharmProjects\Alcohol Detection\dataset\Grupo_1\E_1_2\Iritech\E_1_2_2\E_1_2_2_R_5\via_region_data.json
E_1_2_2_R_F_Y_N_1992_78_2017.bmp308278,Alcohol,C:\PycharmProjects\Alcohol Detection\dataset\Grupo_1\E_1_2\Iritech\E_1_2_2\E_1_2_2_R_5\via_region_data.json
E_1_2_2_R_F_Y_N_1992_79_2017.bmp308278,Alcohol,C:\PycharmProjects\Alcohol Detection\dataset\Grupo_1\E_1_2\Iritech\E_1_2_2\E_1_2_2_R_5\via_region_data.json
E_1_2_3_L_F_Y_N_1992_0_2017.bmp308278,Non-Alcohol,C:\PycharmProjects\Alcohol Detection\dataset\Grupo_1\E_1_2\Iritech\E_1_2_3\via_region_data.json
E_1_2_3_R_F_Y_N_1992_0_2017.bmp308278,Non-Alcohol,C:\PycharmProjects\Alcohol Detection\dataset\Grupo_1\E_1_2\Iritech\E_1_2_3\via_region_data.json
E_1_2_3_L_F_Y_N_1992_0_2017.bmp308278,Non-Alcohol,C:\PycharmProjects\Alcohol Detection\dataset\Grupo_1\E_1_2\Iritech\E_1_2_3\E_1_2_3_L_5\via_region_data.json
E_1_2_3_L_F_Y_N_1992_1_2017.bmp308278,Alcohol,C:\PycharmProjects\Alcohol Detection\dataset\Grupo_1\E_1_2\Iritech\E_1_2_3\E_1_2_3_L_5\via_region_data.json
E_1_2_3_L_F_Y_N_1992_2_2017.bmp308278,Alcohol,C:\PycharmProjects\Alcohol Detection\dataset\Grupo_1\E_1_2\Iritech\E_1_2_3\E_1_2_3_L_5\via_region_data.json
E_1_2_3_L_F_Y_N_1992_3_2017.bmp308278,Alcohol,C:\PycharmProjects\Alcohol Detection\dataset\Grupo_1\E_1_2\Iritech\E_1_2_3\E_1_2_3_L_5\via_region_data.json
E_1_2_3_L_F_Y_N_1992_4_2017.bmp308278,Alcohol,C:\PycharmProjects\Alcohol Detection\dataset\Grupo_1\E_1_2\Iritech\E_1_2_3\E_1_2_3_L_5\via_region_data.json
E_1_2_3_L_F_Y_N_1992_5_2017.bmp308278,Alcohol,C:\PycharmProjects\Alcohol Detection\dataset\Grupo_1\E_1_2\Iritech\E_1_2_3\E_1_2_3_L_5\via_region_data.json
E_1_2_3_L_F_Y_N_1992_6_2017.bmp308278,Alcohol,C:\PycharmProjects\Alcohol Detection\dataset\Grupo_1\E_1_2\Iritech\E_1_2_3\E_1_2_3_L_5\via_region_data.json
E_1_2_3_L_F_Y_N_1992_7_2017.bmp308278,Alcohol,C:\PycharmProjects\Alcohol Detection\dataset\Grupo_1\E_1_2\Iritech\E_1_2_3\E_1_2_3_L_5\via_region_data.json
E_1_2_3_L_F_Y_N_1992_8_2017.bmp308278,Alcohol,C:\PycharmProjects\Alcohol Detection\dataset\Grupo_1\E_1_2\Iritech\E_1_2_3\E_1_2_3_L_5\via_region_data.json
E_1_2_3_L_F_Y_N_1992_9_2017.bmp308278,Alcohol,C:\PycharmProjects\Alcohol Detection\dataset\Grupo_1\E_1_2\Iritech\E_1_2_3\E_1_2_3_L_5\via_region_data.json
E_1_2_3_L_F_Y_N_1992_10_2017.bmp308278,Alcohol,C:\PycharmProjects\Alcohol Detection\dataset\Grupo_1\E_1_2\Iritech\E_1_2_3\E_1_2_3_L_5\via_region_data.json
E_1_2_3_L_F_Y_N_1992_11_2017.bmp308278,Alcohol,C:\PycharmProjects\Alcohol Detection\dataset\Grupo_1\E_1_2\Iritech\E_1_2_3\E_1_2_3_L_5\via_region_data.json
E_1_2_3_L_F_Y_N_1992_12_2017.bmp308278,Alcohol,C:\PycharmProjects\Alcohol Detection\dataset\Grupo_1\E_1_2\Iritech\E_1_2_3\E_1_2_3_L_5\via_region_data.json
E_1_2_3_L_F_Y_N_1992_13_2017.bmp308278,Alcohol,C:\PycharmProjects\Alcohol Detection\dataset\Grupo_1\E_1_2\Iritech\E_1_2_3\E_1_2_3_L_5\via_region_data.json
E_1_2_3_L_F_Y_N_1992_14_2017.bmp308278,Alcohol,C:\PycharmProjects\Alcohol Detection\dataset\Grupo_1\E_1_2\Iritech\E_1_2_3\E_1_2_3_L_5\via_region_data.json
E_1_2_3_L_F_Y_N_1992_15_2017.bmp308278,Alcohol,C:\PycharmProjects\Alcohol Detection\dataset\Grupo_1\E_1_2\Iritech\E_1_2_3\E_1_2_3_L_5\via_region_data.json
E_1_2_3_L_F_Y_N_1992_16_2017.bmp308278,Alcohol,C:\PycharmProjects\Alcohol Detection\dataset\Grupo_1\E_1_2\Iritech\E_1_2_3\E_1_2_3_L_5\via_region_data.json
E_1_2_3_L_F_Y_N_1992_17_2017.bmp308278,Alcohol,C:\PycharmProjects\Alcohol Detection\dataset\Grupo_1\E_1_2\Iritech\E_1_2_3\E_1_2_3_L_5\via_region_data.json
E_1_2_3_L_F_Y_N_1992_18_2017.bmp308278,Alcohol,C:\PycharmProjects\Alcohol Detection\dataset\Grupo_1\E_1_2\Iritech\E_1_2_3\E_1_2_3_L_5\via_region_data.json
E_1_2_3_L_F_Y_N_1992_19_2017.bmp308278,Alcohol,C:\PycharmProjects\Alcohol Detection\dataset\Grupo_1\E_1_2\Iritech\E_1_2_3\E_1_2_3_L_5\via_region_data.json
E_1_2_3_L_F_Y_N_1992_20_2017.bmp308278,Alcohol,C:\PycharmProjects\Alcohol Detection\dataset\Grupo_1\E_1_2\Iritech\E_1_2_3\E_1_2_3_L_5\via_region_data.json
E_1_2_3_L_F_Y_N_1992_21_2017.bmp308278,Alcohol,C:\PycharmProjects\Alcohol Detection\dataset\Grupo_1\E_1_2\Iritech\E_1_2_3\E_1_2_3_L_5\via_region_data.json
E_1_2_3_L_F_Y_N_1992_22_2017.bmp308278,Alcohol,C:\PycharmProjects\Alcohol Detection\dataset\Grupo_1\E_1_2\Iritech\E_1_2_3\E_1_2_3_L_5\via_region_data.json
E_1_2_3_L_F_Y_N_1992_23_2017.bmp308278,Alcohol,C:\PycharmProjects\Alcohol Detection\dataset\Grupo_1\E_1_2\Iritech\E_1_2_3\E_1_2_3_L_5\via_region_data.json
E_1_2_3_L_F_Y_N_1992_24_2017.bmp308278,Alcohol,C:\PycharmProjects\Alcohol Detection\dataset\Grupo_1\E_1_2\Iritech\E_1_2_3\E_1_2_3_L_5\via_region_data.json
E_1_2_3_L_F_Y_N_1992_25_2017.bmp308278,Alcohol,C:\PycharmProjects\Alcohol Detection\dataset\Grupo_1\E_1_2\Iritech\E_1_2_3\E_1_2_3_L_5\via_region_data.json
E_1_2_3_L_F_Y_N_1992_26_2017.bmp308278,Alcohol,C:\PycharmProjects\Alcohol Detection\dataset\Grupo_1\E_1_2\Iritech\E_1_2_3\E_1_2_3_L_5\via_region_data.json
E_1_2_3_L_F_Y_N_1992_27_2017.bmp308278,Alcohol,C:\PycharmProjects\Alcohol Detection\dataset\Grupo_1\E_1_2\Iritech\E_1_2_3\E_1_2_3_L_5\via_region_data.json
E_1_2_3_L_F_Y_N_1992_28_2017.bmp308278,Alcohol,C:\PycharmProjects\Alcohol Detection\dataset\Grupo_1\E_1_2\Iritech\E_1_2_3\E_1_2_3_L_5\via_region_data.json
E_1_2_3_L_F_Y_N_1992_29_2017.bmp308278,Alcohol,C:\PycharmProjects\Alcohol Detection\dataset\Grupo_1\E_1_2\Iritech\E_1_2_3\E_1_2_3_L_5\via_region_data.json
E_1_2_3_L_F_Y_N_1992_30_2017.bmp308278,Alcohol,C:\PycharmProjects\Alcohol Detection\dataset\Grupo_1\E_1_2\Iritech\E_1_2_3\E_1_2_3_L_5\via_region_data.json
E_1_2_3_L_F_Y_N_1992_31_2017.bmp308278,Alcohol,C:\PycharmProjects\Alcohol Detection\dataset\Grupo_1\E_1_2\Iritech\E_1_2_3\E_1_2_3_L_5\via_region_data.json
E_1_2_3_L_F_Y_N_1992_32_2017.bmp308278,Alcohol,C:\PycharmProjects\Alcohol Detection\dataset\Grupo_1\E_1_2\Iritech\E_1_2_3\E_1_2_3_L_5\via_region_data.json
E_1_2_3_L_F_Y_N_1992_33_2017.bmp308278,Alcohol,C:\PycharmProjects\Alcohol Detection\dataset\Grupo_1\E_1_2\Iritech\E_1_2_3\E_1_2_3_L_5\via_region_data.json
E_1_2_3_L_F_Y_N_1992_34_2017.bmp308278,Alcohol,C:\PycharmProjects\Alcohol Detection\dataset\Grupo_1\E_1_2\Iritech\E_1_2_3\E_1_2_3_L_5\via_region_data.json
E_1_2_3_L_F_Y_N_1992_35_2017.bmp308278,Alcohol,C:\PycharmProjects\Alcohol Detection\dataset\Grupo_1\E_1_2\Iritech\E_1_2_3\E_1_2_3_L_5\via_region_data.json
E_1_2_3_L_F_Y_N_1992_36_2017.bmp308278,Alcohol,C:\PycharmProjects\Alcohol Detection\dataset\Grupo_1\E_1_2\Iritech\E_1_2_3\E_1_2_3_L_5\via_region_data.json
E_1_2_3_L_F_Y_N_1992_37_2017.bmp308278,Alcohol,C:\PycharmProjects\Alcohol Detection\dataset\Grupo_1\E_1_2\Iritech\E_1_2_3\E_1_2_3_L_5\via_region_data.json
E_1_2_3_L_F_Y_N_1992_38_2017.bmp308278,Alcohol,C:\PycharmProjects\Alcohol Detection\dataset\Grupo_1\E_1_2\Iritech\E_1_2_3\E_1_2_3_L_5\via_region_data.json
E_1_2_3_L_F_Y_N_1992_39_2017.bmp308278,Alcohol,C:\PycharmProjects\Alcohol Detection\dataset\Grupo_1\E_1_2\Iritech\E_1_2_3\E_1_2_3_L_5\via_region_data.json
E_1_2_3_L_F_Y_N_1992_40_2017.bmp308278,Alcohol,C:\PycharmProjects\Alcohol Detection\dataset\Grupo_1\E_1_2\Iritech\E_1_2_3\E_1_2_3_L_5\via_region_data.json
E_1_2_3_L_F_Y_N_1992_41_2017.bmp308278,Alcohol,C:\PycharmProjects\Alcohol Detection\dataset\Grupo_1\E_1_2\Iritech\E_1_2_3\E_1_2_3_L_5\via_region_data.json
E_1_2_3_L_F_Y_N_1992_42_2017.bmp308278,Alcohol,C:\PycharmProjects\Alcohol Detection\dataset\Grupo_1\E_1_2\Iritech\E_1_2_3\E_1_2_3_L_5\via_region_data.json
E_1_2_3_L_F_Y_N_1992_43_2017.bmp308278,Alcohol,C:\PycharmProjects\Alcohol Detection\dataset\Grupo_1\E_1_2\Iritech\E_1_2_3\E_1_2_3_L_5\via_region_data.json
E_1_2_3_L_F_Y_N_1992_44_2017.bmp308278,Alcohol,C:\PycharmProjects\Alcohol Detection\dataset\Grupo_1\E_1_2\Iritech\E_1_2_3\E_1_2_3_L_5\via_region_data.json
E_1_2_3_L_F_Y_N_1992_45_2017.bmp308278,Alcohol,C:\PycharmProjects\Alcohol Detection\dataset\Grupo_1\E_1_2\Iritech\E_1_2_3\E_1_2_3_L_5\via_region_data.json
E_1_2_3_L_F_Y_N_1992_46_2017.bmp308278,Alcohol,C:\PycharmProjects\Alcohol Detection\dataset\Grupo_1\E_1_2\Iritech\E_1_2_3\E_1_2_3_L_5\via_region_data.json
E_1_2_3_L_F_Y_N_1992_47_2017.bmp308278,Alcohol,C:\PycharmProjects\Alcohol Detection\dataset\Grupo_1\E_1_2\Iritech\E_1_2_3\E_1_2_3_L_5\via_region_data.json
E_1_2_3_L_F_Y_N_1992_48_2017.bmp308278,Alcohol,C:\PycharmProjects\Alcohol Detection\dataset\Grupo_1\E_1_2\Iritech\E_1_2_3\E_1_2_3_L_5\via_region_data.json
E_1_2_3_L_F_Y_N_1992_49_2017.bmp308278,Alcohol,C:\PycharmProjects\Alcohol Detection\dataset\Grupo_1\E_1_2\Iritech\E_1_2_3\E_1_2_3_L_5\via_region_data.json
E_1_2_3_L_F_Y_N_1992_50_2017.bmp308278,Alcohol,C:\PycharmProjects\Alcohol Detection\dataset\Grupo_1\E_1_2\Iritech\E_1_2_3\E_1_2_3_L_5\via_region_data.json
E_1_2_3_L_F_Y_N_1992_51_2017.bmp308278,Alcohol,C:\PycharmProjects\Alcohol Detection\dataset\Grupo_1\E_1_2\Iritech\E_1_2_3\E_1_2_3_L_5\via_region_data.json
E_1_2_3_L_F_Y_N_1992_52_2017.bmp308278,Alcohol,C:\PycharmProjects\Alcohol Detection\dataset\Grupo_1\E_1_2\Iritech\E_1_2_3\E_1_2_3_L_5\via_region_data.json
E_1_2_3_L_F_Y_N_1992_53_2017.bmp308278,Alcohol,C:\PycharmProjects\Alcohol Detection\dataset\Grupo_1\E_1_2\Iritech\E_1_2_3\E_1_2_3_L_5\via_region_data.json
E_1_2_3_L_F_Y_N_1992_54_2017.bmp308278,Alcohol,C:\PycharmProjects\Alcohol Detection\dataset\Grupo_1\E_1_2\Iritech\E_1_2_3\E_1_2_3_L_5\via_region_data.json
E_1_2_3_L_F_Y_N_1992_55_2017.bmp308278,Alcohol,C:\PycharmProjects\Alcohol Detection\dataset\Grupo_1\E_1_2\Iritech\E_1_2_3\E_1_2_3_L_5\via_region_data.json
E_1_2_3_L_F_Y_N_1992_56_2017.bmp308278,Alcohol,C:\PycharmProjects\Alcohol Detection\dataset\Grupo_1\E_1_2\Iritech\E_1_2_3\E_1_2_3_L_5\via_region_data.json
E_1_2_3_L_F_Y_N_1992_57_2017.bmp308278,Alcohol,C:\PycharmProjects\Alcohol Detection\dataset\Grupo_1\E_1_2\Iritech\E_1_2_3\E_1_2_3_L_5\via_region_data.json
E_1_2_3_L_F_Y_N_1992_58_2017.bmp308278,Alcohol,C:\PycharmProjects\Alcohol Detection\dataset\Grupo_1\E_1_2\Iritech\E_1_2_3\E_1_2_3_L_5\via_region_data.json
E_1_2_3_L_F_Y_N_1992_59_2017.bmp308278,Alcohol,C:\PycharmProjects\Alcohol Detection\dataset\Grupo_1\E_1_2\Iritech\E_1_2_3\E_1_2_3_L_5\via_region_data.json
E_1_2_3_L_F_Y_N_1992_60_2017.bmp308278,Alcohol,C:\PycharmProjects\Alcohol Detection\dataset\Grupo_1\E_1_2\Iritech\E_1_2_3\E_1_2_3_L_5\via_region_data.json
E_1_2_3_L_F_Y_N_1992_61_2017.bmp308278,Alcohol,C:\PycharmProjects\Alcohol Detection\dataset\Grupo_1\E_1_2\Iritech\E_1_2_3\E_1_2_3_L_5\via_region_data.json
E_1_2_3_L_F_Y_N_1992_62_2017.bmp308278,Alcohol,C:\PycharmProjects\Alcohol Detection\dataset\Grupo_1\E_1_2\Iritech\E_1_2_3\E_1_2_3_L_5\via_region_data.json
E_1_2_3_L_F_Y_N_1992_63_2017.bmp308278,Alcohol,C:\PycharmProjects\Alcohol Detection\dataset\Grupo_1\E_1_2\Iritech\E_1_2_3\E_1_2_3_L_5\via_region_data.json
E_1_2_3_L_F_Y_N_1992_64_2017.bmp308278,Alcohol,C:\PycharmProjects\Alcohol Detection\dataset\Grupo_1\E_1_2\Iritech\E_1_2_3\E_1_2_3_L_5\via_region_data.json
E_1_2_3_L_F_Y_N_1992_65_2017.bmp308278,Alcohol,C:\PycharmProjects\Alcohol Detection\dataset\Grupo_1\E_1_2\Iritech\E_1_2_3\E_1_2_3_L_5\via_region_data.json
E_1_2_3_L_F_Y_N_1992_66_2017.bmp308278,Alcohol,C:\PycharmProjects\Alcohol Detection\dataset\Grupo_1\E_1_2\Iritech\E_1_2_3\E_1_2_3_L_5\via_region_data.json
E_1_2_3_L_F_Y_N_1992_67_2017.bmp308278,Alcohol,C:\PycharmProjects\Alcohol Detection\dataset\Grupo_1\E_1_2\Iritech\E_1_2_3\E_1_2_3_L_5\via_region_data.json
E_1_2_3_L_F_Y_N_1992_68_2017.bmp308278,Alcohol,C:\PycharmProjects\Alcohol Detection\dataset\Grupo_1\E_1_2\Iritech\E_1_2_3\E_1_2_3_L_5\via_region_data.json
E_1_2_3_L_F_Y_N_1992_69_2017.bmp308278,Alcohol,C:\PycharmProjects\Alcohol Detection\dataset\Grupo_1\E_1_2\Iritech\E_1_2_3\E_1_2_3_L_5\via_region_data.json
E_1_2_3_L_F_Y_N_1992_70_2017.bmp308278,Alcohol,C:\PycharmProjects\Alcohol Detection\dataset\Grupo_1\E_1_2\Iritech\E_1_2_3\E_1_2_3_L_5\via_region_data.json
E_1_2_3_L_F_Y_N_1992_71_2017.bmp308278,Alcohol,C:\PycharmProjects\Alcohol Detection\dataset\Grupo_1\E_1_2\Iritech\E_1_2_3\E_1_2_3_L_5\via_region_data.json
E_1_2_3_L_F_Y_N_1992_72_2017.bmp308278,Alcohol,C:\PycharmProjects\Alcohol Detection\dataset\Grupo_1\E_1_2\Iritech\E_1_2_3\E_1_2_3_L_5\via_region_data.json
E_1_2_3_L_F_Y_N_1992_73_2017.bmp308278,Alcohol,C:\PycharmProjects\Alcohol Detection\dataset\Grupo_1\E_1_2\Iritech\E_1_2_3\E_1_2_3_L_5\via_region_data.json
E_1_2_3_L_F_Y_N_1992_74_2017.bmp308278,Alcohol,C:\PycharmProjects\Alcohol Detection\dataset\Grupo_1\E_1_2\Iritech\E_1_2_3\E_1_2_3_L_5\via_region_data.json
E_1_2_3_L_F_Y_N_1992_75_2017.bmp308278,Alcohol,C:\PycharmProjects\Alcohol Detection\dataset\Grupo_1\E_1_2\Iritech\E_1_2_3\E_1_2_3_L_5\via_region_data.json
E_1_2_3_L_F_Y_N_1992_76_2017.bmp308278,Alcohol,C:\PycharmProjects\Alcohol Detection\dataset\Grupo_1\E_1_2\Iritech\E_1_2_3\E_1_2_3_L_5\via_region_data.json
E_1_2_3_L_F_Y_N_1992_77_2017.bmp308278,Alcohol,C:\PycharmProjects\Alcohol Detection\dataset\Grupo_1\E_1_2\Iritech\E_1_2_3\E_1_2_3_L_5\via_region_data.json
E_1_2_3_R_F_Y_N_1992_0_2017.bmp308278,Non-Alcohol,C:\PycharmProjects\Alcohol Detection\dataset\Grupo_1\E_1_2\Iritech\E_1_2_3\E_1_2_3_R_5\via_region_data.json
E_1_2_3_R_F_Y_N_1992_1_2017.bmp308278,Alcohol,C:\PycharmProjects\Alcohol Detection\dataset\Grupo_1\E_1_2\Iritech\E_1_2_3\E_1_2_3_R_5\via_region_data.json
E_1_2_3_R_F_Y_N_1992_2_2017.bmp308278,Alcohol,C:\PycharmProjects\Alcohol Detection\dataset\Grupo_1\E_1_2\Iritech\E_1_2_3\E_1_2_3_R_5\via_region_data.json
E_1_2_3_R_F_Y_N_1992_3_2017.bmp308278,Alcohol,C:\PycharmProjects\Alcohol Detection\dataset\Grupo_1\E_1_2\Iritech\E_1_2_3\E_1_2_3_R_5\via_region_data.json
E_1_2_3_R_F_Y_N_1992_4_2017.bmp308278,Alcohol,C:\PycharmProjects\Alcohol Detection\dataset\Grupo_1\E_1_2\Iritech\E_1_2_3\E_1_2_3_R_5\via_region_data.json
E_1_2_3_R_F_Y_N_1992_5_2017.bmp308278,Alcohol,C:\PycharmProjects\Alcohol Detection\dataset\Grupo_1\E_1_2\Iritech\E_1_2_3\E_1_2_3_R_5\via_region_data.json
E_1_2_3_R_F_Y_N_1992_6_2017.bmp308278,Alcohol,C:\PycharmProjects\Alcohol Detection\dataset\Grupo_1\E_1_2\Iritech\E_1_2_3\E_1_2_3_R_5\via_region_data.json
E_1_2_3_R_F_Y_N_1992_7_2017.bmp308278,Alcohol,C:\PycharmProjects\Alcohol Detection\dataset\Grupo_1\E_1_2\Iritech\E_1_2_3\E_1_2_3_R_5\via_region_data.json
E_1_2_3_R_F_Y_N_1992_8_2017.bmp308278,Alcohol,C:\PycharmProjects\Alcohol Detection\dataset\Grupo_1\E_1_2\Iritech\E_1_2_3\E_1_2_3_R_5\via_region_data.json
E_1_2_3_R_F_Y_N_1992_9_2017.bmp308278,Alcohol,C:\PycharmProjects\Alcohol Detection\dataset\Grupo_1\E_1_2\Iritech\E_1_2_3\E_1_2_3_R_5\via_region_data.json
E_1_2_3_R_F_Y_N_1992_10_2017.bmp308278,Alcohol,C:\PycharmProjects\Alcohol Detection\dataset\Grupo_1\E_1_2\Iritech\E_1_2_3\E_1_2_3_R_5\via_region_data.json
E_1_2_3_R_F_Y_N_1992_11_2017.bmp308278,Alcohol,C:\PycharmProjects\Alcohol Detection\dataset\Grupo_1\E_1_2\Iritech\E_1_2_3\E_1_2_3_R_5\via_region_data.json
E_1_2_3_R_F_Y_N_1992_12_2017.bmp308278,Alcohol,C:\PycharmProjects\Alcohol Detection\dataset\Grupo_1\E_1_2\Iritech\E_1_2_3\E_1_2_3_R_5\via_region_data.json
E_1_2_3_R_F_Y_N_1992_13_2017.bmp308278,Alcohol,C:\PycharmProjects\Alcohol Detection\dataset\Grupo_1\E_1_2\Iritech\E_1_2_3\E_1_2_3_R_5\via_region_data.json
E_1_2_3_R_F_Y_N_1992_14_2017.bmp308278,Alcohol,C:\PycharmProjects\Alcohol Detection\dataset\Grupo_1\E_1_2\Iritech\E_1_2_3\E_1_2_3_R_5\via_region_data.json
E_1_2_3_R_F_Y_N_1992_15_2017.bmp308278,Alcohol,C:\PycharmProjects\Alcohol Detection\dataset\Grupo_1\E_1_2\Iritech\E_1_2_3\E_1_2_3_R_5\via_region_data.json
E_1_2_3_R_F_Y_N_1992_16_2017.bmp308278,Alcohol,C:\PycharmProjects\Alcohol Detection\dataset\Grupo_1\E_1_2\Iritech\E_1_2_3\E_1_2_3_R_5\via_region_data.json
E_1_2_3_R_F_Y_N_1992_17_2017.bmp308278,Alcohol,C:\PycharmProjects\Alcohol Detection\dataset\Grupo_1\E_1_2\Iritech\E_1_2_3\E_1_2_3_R_5\via_region_data.json
E_1_2_3_R_F_Y_N_1992_18_2017.bmp308278,Alcohol,C:\PycharmProjects\Alcohol Detection\dataset\Grupo_1\E_1_2\Iritech\E_1_2_3\E_1_2_3_R_5\via_region_data.json
E_1_2_3_R_F_Y_N_1992_19_2017.bmp308278,Alcohol,C:\PycharmProjects\Alcohol Detection\dataset\Grupo_1\E_1_2\Iritech\E_1_2_3\E_1_2_3_R_5\via_region_data.json
E_1_2_3_R_F_Y_N_1992_20_2017.bmp308278,Alcohol,C:\PycharmProjects\Alcohol Detection\dataset\Grupo_1\E_1_2\Iritech\E_1_2_3\E_1_2_3_R_5\via_region_data.json
E_1_2_3_R_F_Y_N_1992_21_2017.bmp308278,Alcohol,C:\PycharmProjects\Alcohol Detection\dataset\Grupo_1\E_1_2\Iritech\E_1_2_3\E_1_2_3_R_5\via_region_data.json
E_1_2_3_R_F_Y_N_1992_22_2017.bmp308278,Alcohol,C:\PycharmProjects\Alcohol Detection\dataset\Grupo_1\E_1_2\Iritech\E_1_2_3\E_1_2_3_R_5\via_region_data.json
E_1_2_3_R_F_Y_N_1992_23_2017.bmp308278,Alcohol,C:\PycharmProjects\Alcohol Detection\dataset\Grupo_1\E_1_2\Iritech\E_1_2_3\E_1_2_3_R_5\via_region_data.json
E_1_2_3_R_F_Y_N_1992_24_2017.bmp308278,Alcohol,C:\PycharmProjects\Alcohol Detection\dataset\Grupo_1\E_1_2\Iritech\E_1_2_3\E_1_2_3_R_5\via_region_data.json
E_1_2_3_R_F_Y_N_1992_25_2017.bmp308278,Alcohol,C:\PycharmProjects\Alcohol Detection\dataset\Grupo_1\E_1_2\Iritech\E_1_2_3\E_1_2_3_R_5\via_region_data.json
E_1_2_3_R_F_Y_N_1992_26_2017.bmp308278,Alcohol,C:\PycharmProjects\Alcohol Detection\dataset\Grupo_1\E_1_2\Iritech\E_1_2_3\E_1_2_3_R_5\via_region_data.json
E_1_2_3_R_F_Y_N_1992_27_2017.bmp308278,Alcohol,C:\PycharmProjects\Alcohol Detection\dataset\Grupo_1\E_1_2\Iritech\E_1_2_3\E_1_2_3_R_5\via_region_data.json
E_1_2_3_R_F_Y_N_1992_28_2017.bmp308278,Alcohol,C:\PycharmProjects\Alcohol Detection\dataset\Grupo_1\E_1_2\Iritech\E_1_2_3\E_1_2_3_R_5\via_region_data.json
E_1_2_3_R_F_Y_N_1992_29_2017.bmp308278,Alcohol,C:\PycharmProjects\Alcohol Detection\dataset\Grupo_1\E_1_2\Iritech\E_1_2_3\E_1_2_3_R_5\via_region_data.json
E_1_2_3_R_F_Y_N_1992_30_2017.bmp308278,Alcohol,C:\PycharmProjects\Alcohol Detection\dataset\Grupo_1\E_1_2\Iritech\E_1_2_3\E_1_2_3_R_5\via_region_data.json
E_1_2_3_R_F_Y_N_1992_31_2017.bmp308278,Alcohol,C:\PycharmProjects\Alcohol Detection\dataset\Grupo_1\E_1_2\Iritech\E_1_2_3\E_1_2_3_R_5\via_region_data.json
E_1_2_3_R_F_Y_N_1992_32_2017.bmp308278,Alcohol,C:\PycharmProjects\Alcohol Detection\dataset\Grupo_1\E_1_2\Iritech\E_1_2_3\E_1_2_3_R_5\via_region_data.json
E_1_2_3_R_F_Y_N_1992_33_2017.bmp308278,Alcohol,C:\PycharmProjects\Alcohol Detection\dataset\Grupo_1\E_1_2\Iritech\E_1_2_3\E_1_2_3_R_5\via_region_data.json
E_1_2_3_R_F_Y_N_1992_34_2017.bmp308278,Alcohol,C:\PycharmProjects\Alcohol Detection\dataset\Grupo_1\E_1_2\Iritech\E_1_2_3\E_1_2_3_R_5\via_region_data.json
E_1_2_3_R_F_Y_N_1992_35_2017.bmp308278,Alcohol,C:\PycharmProjects\Alcohol Detection\dataset\Grupo_1\E_1_2\Iritech\E_1_2_3\E_1_2_3_R_5\via_region_data.json
E_1_2_3_R_F_Y_N_1992_36_2017.bmp308278,Alcohol,C:\PycharmProjects\Alcohol Detection\dataset\Grupo_1\E_1_2\Iritech\E_1_2_3\E_1_2_3_R_5\via_region_data.json
E_1_2_3_R_F_Y_N_1992_37_2017.bmp308278,Alcohol,C:\PycharmProjects\Alcohol Detection\dataset\Grupo_1\E_1_2\Iritech\E_1_2_3\E_1_2_3_R_5\via_region_data.json
E_1_2_3_R_F_Y_N_1992_38_2017.bmp308278,Alcohol,C:\PycharmProjects\Alcohol Detection\dataset\Grupo_1\E_1_2\Iritech\E_1_2_3\E_1_2_3_R_5\via_region_data.json
E_1_2_3_R_F_Y_N_1992_39_2017.bmp308278,Alcohol,C:\PycharmProjects\Alcohol Detection\dataset\Grupo_1\E_1_2\Iritech\E_1_2_3\E_1_2_3_R_5\via_region_data.json
E_1_2_3_R_F_Y_N_1992_40_2017.bmp308278,Alcohol,C:\PycharmProjects\Alcohol Detection\dataset\Grupo_1\E_1_2\Iritech\E_1_2_3\E_1_2_3_R_5\via_region_data.json
E_1_2_3_R_F_Y_N_1992_41_2017.bmp308278,Alcohol,C:\PycharmProjects\Alcohol Detection\dataset\Grupo_1\E_1_2\Iritech\E_1_2_3\E_1_2_3_R_5\via_region_data.json
E_1_2_3_R_F_Y_N_1992_42_2017.bmp308278,Alcohol,C:\PycharmProjects\Alcohol Detection\dataset\Grupo_1\E_1_2\Iritech\E_1_2_3\E_1_2_3_R_5\via_region_data.json
E_1_2_3_R_F_Y_N_1992_43_2017.bmp308278,Alcohol,C:\PycharmProjects\Alcohol Detection\dataset\Grupo_1\E_1_2\Iritech\E_1_2_3\E_1_2_3_R_5\via_region_data.json
E_1_2_3_R_F_Y_N_1992_44_2017.bmp308278,Alcohol,C:\PycharmProjects\Alcohol Detection\dataset\Grupo_1\E_1_2\Iritech\E_1_2_3\E_1_2_3_R_5\via_region_data.json
E_1_2_3_R_F_Y_N_1992_45_2017.bmp308278,Alcohol,C:\PycharmProjects\Alcohol Detection\dataset\Grupo_1\E_1_2\Iritech\E_1_2_3\E_1_2_3_R_5\via_region_data.json
E_1_2_3_R_F_Y_N_1992_46_2017.bmp308278,Alcohol,C:\PycharmProjects\Alcohol Detection\dataset\Grupo_1\E_1_2\Iritech\E_1_2_3\E_1_2_3_R_5\via_region_data.json
E_1_2_3_R_F_Y_N_1992_47_2017.bmp308278,Alcohol,C:\PycharmProjects\Alcohol Detection\dataset\Grupo_1\E_1_2\Iritech\E_1_2_3\E_1_2_3_R_5\via_region_data.json
E_1_2_3_R_F_Y_N_1992_48_2017.bmp308278,Alcohol,C:\PycharmProjects\Alcohol Detection\dataset\Grupo_1\E_1_2\Iritech\E_1_2_3\E_1_2_3_R_5\via_region_data.json
E_1_2_3_R_F_Y_N_1992_49_2017.bmp308278,Alcohol,C:\PycharmProjects\Alcohol Detection\dataset\Grupo_1\E_1_2\Iritech\E_1_2_3\E_1_2_3_R_5\via_region_data.json
E_1_2_3_R_F_Y_N_1992_50_2017.bmp308278,Alcohol,C:\PycharmProjects\Alcohol Detection\dataset\Grupo_1\E_1_2\Iritech\E_1_2_3\E_1_2_3_R_5\via_region_data.json
E_1_2_3_R_F_Y_N_1992_51_2017.bmp308278,Alcohol,C:\PycharmProjects\Alcohol Detection\dataset\Grupo_1\E_1_2\Iritech\E_1_2_3\E_1_2_3_R_5\via_region_data.json
E_1_2_3_R_F_Y_N_1992_52_2017.bmp308278,Alcohol,C:\PycharmProjects\Alcohol Detection\dataset\Grupo_1\E_1_2\Iritech\E_1_2_3\E_1_2_3_R_5\via_region_data.json
E_1_2_3_R_F_Y_N_1992_53_2017.bmp308278,Alcohol,C:\PycharmProjects\Alcohol Detection\dataset\Grupo_1\E_1_2\Iritech\E_1_2_3\E_1_2_3_R_5\via_region_data.json
E_1_2_3_R_F_Y_N_1992_54_2017.bmp308278,Alcohol,C:\PycharmProjects\Alcohol Detection\dataset\Grupo_1\E_1_2\Iritech\E_1_2_3\E_1_2_3_R_5\via_region_data.json
E_1_2_3_R_F_Y_N_1992_55_2017.bmp308278,Alcohol,C:\PycharmProjects\Alcohol Detection\dataset\Grupo_1\E_1_2\Iritech\E_1_2_3\E_1_2_3_R_5\via_region_data.json
E_1_2_3_R_F_Y_N_1992_56_2017.bmp308278,Alcohol,C:\PycharmProjects\Alcohol Detection\dataset\Grupo_1\E_1_2\Iritech\E_1_2_3\E_1_2_3_R_5\via_region_data.json
E_1_2_3_R_F_Y_N_1992_57_2017.bmp308278,Alcohol,C:\PycharmProjects\Alcohol Detection\dataset\Grupo_1\E_1_2\Iritech\E_1_2_3\E_1_2_3_R_5\via_region_data.json
E_1_2_3_R_F_Y_N_1992_58_2017.bmp308278,Alcohol,C:\PycharmProjects\Alcohol Detection\dataset\Grupo_1\E_1_2\Iritech\E_1_2_3\E_1_2_3_R_5\via_region_data.json
E_1_2_3_R_F_Y_N_1992_59_2017.bmp308278,Alcohol,C:\PycharmProjects\Alcohol Detection\dataset\Grupo_1\E_1_2\Iritech\E_1_2_3\E_1_2_3_R_5\via_region_data.json
E_1_2_3_R_F_Y_N_1992_60_2017.bmp308278,Alcohol,C:\PycharmProjects\Alcohol Detection\dataset\Grupo_1\E_1_2\Iritech\E_1_2_3\E_1_2_3_R_5\via_region_data.json
E_1_2_3_R_F_Y_N_1992_61_2017.bmp308278,Alcohol,C:\PycharmProjects\Alcohol Detection\dataset\Grupo_1\E_1_2\Iritech\E_1_2_3\E_1_2_3_R_5\via_region_data.json
E_1_2_3_R_F_Y_N_1992_62_2017.bmp308278,Alcohol,C:\PycharmProjects\Alcohol Detection\dataset\Grupo_1\E_1_2\Iritech\E_1_2_3\E_1_2_3_R_5\via_region_data.json
E_1_2_3_R_F_Y_N_1992_63_2017.bmp308278,Alcohol,C:\PycharmProjects\Alcohol Detection\dataset\Grupo_1\E_1_2\Iritech\E_1_2_3\E_1_2_3_R_5\via_region_data.json
E_1_2_3_R_F_Y_N_1992_64_2017.bmp308278,Alcohol,C:\PycharmProjects\Alcohol Detection\dataset\Grupo_1\E_1_2\Iritech\E_1_2_3\E_1_2_3_R_5\via_region_data.json
E_1_2_3_R_F_Y_N_1992_65_2017.bmp308278,Alcohol,C:\PycharmProjects\Alcohol Detection\dataset\Grupo_1\E_1_2\Iritech\E_1_2_3\E_1_2_3_R_5\via_region_data.json
E_1_2_3_R_F_Y_N_1992_66_2017.bmp308278,Alcohol,C:\PycharmProjects\Alcohol Detection\dataset\Grupo_1\E_1_2\Iritech\E_1_2_3\E_1_2_3_R_5\via_region_data.json
E_1_2_3_R_F_Y_N_1992_67_2017.bmp308278,Alcohol,C:\PycharmProjects\Alcohol Detection\dataset\Grupo_1\E_1_2\Iritech\E_1_2_3\E_1_2_3_R_5\via_region_data.json
E_1_2_3_R_F_Y_N_1992_68_2017.bmp308278,Alcohol,C:\PycharmProjects\Alcohol Detection\dataset\Grupo_1\E_1_2\Iritech\E_1_2_3\E_1_2_3_R_5\via_region_data.json
E_1_2_3_R_F_Y_N_1992_69_2017.bmp308278,Alcohol,C:\PycharmProjects\Alcohol Detection\dataset\Grupo_1\E_1_2\Iritech\E_1_2_3\E_1_2_3_R_5\via_region_data.json
E_1_2_3_R_F_Y_N_1992_70_2017.bmp308278,Alcohol,C:\PycharmProjects\Alcohol Detection\dataset\Grupo_1\E_1_2\Iritech\E_1_2_3\E_1_2_3_R_5\via_region_data.json
E_1_2_3_R_F_Y_N_1992_71_2017.bmp308278,Alcohol,C:\PycharmProjects\Alcohol Detection\dataset\Grupo_1\E_1_2\Iritech\E_1_2_3\E_1_2_3_R_5\via_region_data.json
E_1_2_3_R_F_Y_N_1992_72_2017.bmp308278,Alcohol,C:\PycharmProjects\Alcohol Detection\dataset\Grupo_1\E_1_2\Iritech\E_1_2_3\E_1_2_3_R_5\via_region_data.json
E_1_2_3_R_F_Y_N_1992_73_2017.bmp308278,Alcohol,C:\PycharmProjects\Alcohol Detection\dataset\Grupo_1\E_1_2\Iritech\E_1_2_3\E_1_2_3_R_5\via_region_data.json
E_1_2_3_R_F_Y_N_1992_74_2017.bmp308278,Alcohol,C:\PycharmProjects\Alcohol Detection\dataset\Grupo_1\E_1_2\Iritech\E_1_2_3\E_1_2_3_R_5\via_region_data.json
E_1_2_3_R_F_Y_N_1992_75_2017.bmp308278,Alcohol,C:\PycharmProjects\Alcohol Detection\dataset\Grupo_1\E_1_2\Iritech\E_1_2_3\E_1_2_3_R_5\via_region_data.json
E_1_2_3_R_F_Y_N_1992_76_2017.bmp308278,Alcohol,C:\PycharmProjects\Alcohol Detection\dataset\Grupo_1\E_1_2\Iritech\E_1_2_3\E_1_2_3_R_5\via_region_data.json
E_1_2_3_R_F_Y_N_1992_77_2017.bmp308278,Alcohol,C:\PycharmProjects\Alcohol Detection\dataset\Grupo_1\E_1_2\Iritech\E_1_2_3\E_1_2_3_R_5\via_region_data.json
E_1_2_3_R_F_Y_N_1992_78_2017.bmp308278,Alcohol,C:\PycharmProjects\Alcohol Detection\dataset\Grupo_1\E_1_2\Iritech\E_1_2_3\E_1_2_3_R_5\via_region_data.json
E_1_2_3_R_F_Y_N_1992_79_2017.bmp308278,Alcohol,C:\PycharmProjects\Alcohol Detection\dataset\Grupo_1\E_1_2\Iritech\E_1_2_3\E_1_2_3_R_5\via_region_data.json
E_1_2_4_L_F_Y_N_1992_0_2017.bmp308278,Non-Alcohol,C:\PycharmProjects\Alcohol Detection\dataset\Grupo_1\E_1_2\Iritech\E_1_2_4\via_region_data.json
E_1_2_4_R_F_Y_N_1992_0_2017.bmp308278,Non-Alcohol,C:\PycharmProjects\Alcohol Detection\dataset\Grupo_1\E_1_2\Iritech\E_1_2_4\via_region_data.json
E_1_2_4_L_F_Y_N_1992_0_2017.bmp308278,Non-Alcohol,C:\PycharmProjects\Alcohol Detection\dataset\Grupo_1\E_1_2\Iritech\E_1_2_4\E_1_2_4_L_5\via_region_data.json
E_1_2_4_L_F_Y_N_1992_1_2017.bmp308278,Alcohol,C:\PycharmProjects\Alcohol Detection\dataset\Grupo_1\E_1_2\Iritech\E_1_2_4\E_1_2_4_L_5\via_region_data.json
E_1_2_4_L_F_Y_N_1992_2_2017.bmp308278,Alcohol,C:\PycharmProjects\Alcohol Detection\dataset\Grupo_1\E_1_2\Iritech\E_1_2_4\E_1_2_4_L_5\via_region_data.json
E_1_2_4_L_F_Y_N_1992_3_2017.bmp308278,Alcohol,C:\PycharmProjects\Alcohol Detection\dataset\Grupo_1\E_1_2\Iritech\E_1_2_4\E_1_2_4_L_5\via_region_data.json
E_1_2_4_L_F_Y_N_1992_4_2017.bmp308278,Alcohol,C:\PycharmProjects\Alcohol Detection\dataset\Grupo_1\E_1_2\Iritech\E_1_2_4\E_1_2_4_L_5\via_region_data.json
E_1_2_4_L_F_Y_N_1992_5_2017.bmp308278,Alcohol,C:\PycharmProjects\Alcohol Detection\dataset\Grupo_1\E_1_2\Iritech\E_1_2_4\E_1_2_4_L_5\via_region_data.json
E_1_2_4_L_F_Y_N_1992_6_2017.bmp308278,Alcohol,C:\PycharmProjects\Alcohol Detection\dataset\Grupo_1\E_1_2\Iritech\E_1_2_4\E_1_2_4_L_5\via_region_data.json
E_1_2_4_L_F_Y_N_1992_7_2017.bmp308278,Alcohol,C:\PycharmProjects\Alcohol Detection\dataset\Grupo_1\E_1_2\Iritech\E_1_2_4\E_1_2_4_L_5\via_region_data.json
E_1_2_4_L_F_Y_N_1992_8_2017.bmp308278,Alcohol,C:\PycharmProjects\Alcohol Detection\dataset\Grupo_1\E_1_2\Iritech\E_1_2_4\E_1_2_4_L_5\via_region_data.json
E_1_2_4_L_F_Y_N_1992_9_2017.bmp308278,Alcohol,C:\PycharmProjects\Alcohol Detection\dataset\Grupo_1\E_1_2\Iritech\E_1_2_4\E_1_2_4_L_5\via_region_data.json
E_1_2_4_L_F_Y_N_1992_10_2017.bmp308278,Alcohol,C:\PycharmProjects\Alcohol Detection\dataset\Grupo_1\E_1_2\Iritech\E_1_2_4\E_1_2_4_L_5\via_region_data.json
E_1_2_4_L_F_Y_N_1992_11_2017.bmp308278,Alcohol,C:\PycharmProjects\Alcohol Detection\dataset\Grupo_1\E_1_2\Iritech\E_1_2_4\E_1_2_4_L_5\via_region_data.json
E_1_2_4_L_F_Y_N_1992_12_2017.bmp308278,Alcohol,C:\PycharmProjects\Alcohol Detection\dataset\Grupo_1\E_1_2\Iritech\E_1_2_4\E_1_2_4_L_5\via_region_data.json
E_1_2_4_L_F_Y_N_1992_13_2017.bmp308278,Alcohol,C:\PycharmProjects\Alcohol Detection\dataset\Grupo_1\E_1_2\Iritech\E_1_2_4\E_1_2_4_L_5\via_region_data.json
E_1_2_4_L_F_Y_N_1992_14_2017.bmp308278,Alcohol,C:\PycharmProjects\Alcohol Detection\dataset\Grupo_1\E_1_2\Iritech\E_1_2_4\E_1_2_4_L_5\via_region_data.json
E_1_2_4_L_F_Y_N_1992_15_2017.bmp308278,Alcohol,C:\PycharmProjects\Alcohol Detection\dataset\Grupo_1\E_1_2\Iritech\E_1_2_4\E_1_2_4_L_5\via_region_data.json
E_1_2_4_L_F_Y_N_1992_16_2017.bmp308278,Alcohol,C:\PycharmProjects\Alcohol Detection\dataset\Grupo_1\E_1_2\Iritech\E_1_2_4\E_1_2_4_L_5\via_region_data.json
E_1_2_4_L_F_Y_N_1992_17_2017.bmp308278,Alcohol,C:\PycharmProjects\Alcohol Detection\dataset\Grupo_1\E_1_2\Iritech\E_1_2_4\E_1_2_4_L_5\via_region_data.json
E_1_2_4_L_F_Y_N_1992_18_2017.bmp308278,Alcohol,C:\PycharmProjects\Alcohol Detection\dataset\Grupo_1\E_1_2\Iritech\E_1_2_4\E_1_2_4_L_5\via_region_data.json
E_1_2_4_L_F_Y_N_1992_19_2017.bmp308278,Alcohol,C:\PycharmProjects\Alcohol Detection\dataset\Grupo_1\E_1_2\Iritech\E_1_2_4\E_1_2_4_L_5\via_region_data.json
E_1_2_4_L_F_Y_N_1992_20_2017.bmp308278,Alcohol,C:\PycharmProjects\Alcohol Detection\dataset\Grupo_1\E_1_2\Iritech\E_1_2_4\E_1_2_4_L_5\via_region_data.json
E_1_2_4_L_F_Y_N_1992_21_2017.bmp308278,Alcohol,C:\PycharmProjects\Alcohol Detection\dataset\Grupo_1\E_1_2\Iritech\E_1_2_4\E_1_2_4_L_5\via_region_data.json
E_1_2_4_L_F_Y_N_1992_22_2017.bmp308278,Alcohol,C:\PycharmProjects\Alcohol Detection\dataset\Grupo_1\E_1_2\Iritech\E_1_2_4\E_1_2_4_L_5\via_region_data.json
E_1_2_4_L_F_Y_N_1992_23_2017.bmp308278,Alcohol,C:\PycharmProjects\Alcohol Detection\dataset\Grupo_1\E_1_2\Iritech\E_1_2_4\E_1_2_4_L_5\via_region_data.json
E_1_2_4_L_F_Y_N_1992_24_2017.bmp308278,Alcohol,C:\PycharmProjects\Alcohol Detection\dataset\Grupo_1\E_1_2\Iritech\E_1_2_4\E_1_2_4_L_5\via_region_data.json
E_1_2_4_L_F_Y_N_1992_25_2017.bmp308278,Alcohol,C:\PycharmProjects\Alcohol Detection\dataset\Grupo_1\E_1_2\Iritech\E_1_2_4\E_1_2_4_L_5\via_region_data.json
E_1_2_4_L_F_Y_N_1992_26_2017.bmp308278,Alcohol,C:\PycharmProjects\Alcohol Detection\dataset\Grupo_1\E_1_2\Iritech\E_1_2_4\E_1_2_4_L_5\via_region_data.json
E_1_2_4_L_F_Y_N_1992_27_2017.bmp308278,Alcohol,C:\PycharmProjects\Alcohol Detection\dataset\Grupo_1\E_1_2\Iritech\E_1_2_4\E_1_2_4_L_5\via_region_data.json
E_1_2_4_L_F_Y_N_1992_28_2017.bmp308278,Alcohol,C:\PycharmProjects\Alcohol Detection\dataset\Grupo_1\E_1_2\Iritech\E_1_2_4\E_1_2_4_L_5\via_region_data.json
E_1_2_4_L_F_Y_N_1992_29_2017.bmp308278,Alcohol,C:\PycharmProjects\Alcohol Detection\dataset\Grupo_1\E_1_2\Iritech\E_1_2_4\E_1_2_4_L_5\via_region_data.json
E_1_2_4_L_F_Y_N_1992_30_2017.bmp308278,Alcohol,C:\PycharmProjects\Alcohol Detection\dataset\Grupo_1\E_1_2\Iritech\E_1_2_4\E_1_2_4_L_5\via_region_data.json
E_1_2_4_L_F_Y_N_1992_31_2017.bmp308278,Alcohol,C:\PycharmProjects\Alcohol Detection\dataset\Grupo_1\E_1_2\Iritech\E_1_2_4\E_1_2_4_L_5\via_region_data.json
E_1_2_4_L_F_Y_N_1992_32_2017.bmp308278,Alcohol,C:\PycharmProjects\Alcohol Detection\dataset\Grupo_1\E_1_2\Iritech\E_1_2_4\E_1_2_4_L_5\via_region_data.json
E_1_2_4_L_F_Y_N_1992_33_2017.bmp308278,Alcohol,C:\PycharmProjects\Alcohol Detection\dataset\Grupo_1\E_1_2\Iritech\E_1_2_4\E_1_2_4_L_5\via_region_data.json
E_1_2_4_L_F_Y_N_1992_34_2017.bmp308278,Alcohol,C:\PycharmProjects\Alcohol Detection\dataset\Grupo_1\E_1_2\Iritech\E_1_2_4\E_1_2_4_L_5\via_region_data.json
E_1_2_4_L_F_Y_N_1992_35_2017.bmp308278,Alcohol,C:\PycharmProjects\Alcohol Detection\dataset\Grupo_1\E_1_2\Iritech\E_1_2_4\E_1_2_4_L_5\via_region_data.json
E_1_2_4_L_F_Y_N_1992_36_2017.bmp308278,Alcohol,C:\PycharmProjects\Alcohol Detection\dataset\Grupo_1\E_1_2\Iritech\E_1_2_4\E_1_2_4_L_5\via_region_data.json
E_1_2_4_L_F_Y_N_1992_37_2017.bmp308278,Alcohol,C:\PycharmProjects\Alcohol Detection\dataset\Grupo_1\E_1_2\Iritech\E_1_2_4\E_1_2_4_L_5\via_region_data.json
E_1_2_4_L_F_Y_N_1992_38_2017.bmp308278,Alcohol,C:\PycharmProjects\Alcohol Detection\dataset\Grupo_1\E_1_2\Iritech\E_1_2_4\E_1_2_4_L_5\via_region_data.json
E_1_2_4_L_F_Y_N_1992_39_2017.bmp308278,Alcohol,C:\PycharmProjects\Alcohol Detection\dataset\Grupo_1\E_1_2\Iritech\E_1_2_4\E_1_2_4_L_5\via_region_data.json
E_1_2_4_L_F_Y_N_1992_40_2017.bmp308278,Alcohol,C:\PycharmProjects\Alcohol Detection\dataset\Grupo_1\E_1_2\Iritech\E_1_2_4\E_1_2_4_L_5\via_region_data.json
E_1_2_4_L_F_Y_N_1992_41_2017.bmp308278,Alcohol,C:\PycharmProjects\Alcohol Detection\dataset\Grupo_1\E_1_2\Iritech\E_1_2_4\E_1_2_4_L_5\via_region_data.json
E_1_2_4_L_F_Y_N_1992_42_2017.bmp308278,Alcohol,C:\PycharmProjects\Alcohol Detection\dataset\Grupo_1\E_1_2\Iritech\E_1_2_4\E_1_2_4_L_5\via_region_data.json
E_1_2_4_L_F_Y_N_1992_43_2017.bmp308278,Alcohol,C:\PycharmProjects\Alcohol Detection\dataset\Grupo_1\E_1_2\Iritech\E_1_2_4\E_1_2_4_L_5\via_region_data.json
E_1_2_4_L_F_Y_N_1992_44_2017.bmp308278,Alcohol,C:\PycharmProjects\Alcohol Detection\dataset\Grupo_1\E_1_2\Iritech\E_1_2_4\E_1_2_4_L_5\via_region_data.json
E_1_2_4_L_F_Y_N_1992_45_2017.bmp308278,Alcohol,C:\PycharmProjects\Alcohol Detection\dataset\Grupo_1\E_1_2\Iritech\E_1_2_4\E_1_2_4_L_5\via_region_data.json
E_1_2_4_L_F_Y_N_1992_46_2017.bmp308278,Alcohol,C:\PycharmProjects\Alcohol Detection\dataset\Grupo_1\E_1_2\Iritech\E_1_2_4\E_1_2_4_L_5\via_region_data.json
E_1_2_4_L_F_Y_N_1992_47_2017.bmp308278,Alcohol,C:\PycharmProjects\Alcohol Detection\dataset\Grupo_1\E_1_2\Iritech\E_1_2_4\E_1_2_4_L_5\via_region_data.json
E_1_2_4_L_F_Y_N_1992_48_2017.bmp308278,Alcohol,C:\PycharmProjects\Alcohol Detection\dataset\Grupo_1\E_1_2\Iritech\E_1_2_4\E_1_2_4_L_5\via_region_data.json
E_1_2_4_L_F_Y_N_1992_49_2017.bmp308278,Alcohol,C:\PycharmProjects\Alcohol Detection\dataset\Grupo_1\E_1_2\Iritech\E_1_2_4\E_1_2_4_L_5\via_region_data.json
E_1_2_4_L_F_Y_N_1992_50_2017.bmp308278,Alcohol,C:\PycharmProjects\Alcohol Detection\dataset\Grupo_1\E_1_2\Iritech\E_1_2_4\E_1_2_4_L_5\via_region_data.json
E_1_2_4_L_F_Y_N_1992_51_2017.bmp308278,Alcohol,C:\PycharmProjects\Alcohol Detection\dataset\Grupo_1\E_1_2\Iritech\E_1_2_4\E_1_2_4_L_5\via_region_data.json
E_1_2_4_L_F_Y_N_1992_52_2017.bmp308278,Alcohol,C:\PycharmProjects\Alcohol Detection\dataset\Grupo_1\E_1_2\Iritech\E_1_2_4\E_1_2_4_L_5\via_region_data.json
E_1_2_4_L_F_Y_N_1992_53_2017.bmp308278,Alcohol,C:\PycharmProjects\Alcohol Detection\dataset\Grupo_1\E_1_2\Iritech\E_1_2_4\E_1_2_4_L_5\via_region_data.json
E_1_2_4_L_F_Y_N_1992_54_2017.bmp308278,Alcohol,C:\PycharmProjects\Alcohol Detection\dataset\Grupo_1\E_1_2\Iritech\E_1_2_4\E_1_2_4_L_5\via_region_data.json
E_1_2_4_L_F_Y_N_1992_55_2017.bmp308278,Alcohol,C:\PycharmProjects\Alcohol Detection\dataset\Grupo_1\E_1_2\Iritech\E_1_2_4\E_1_2_4_L_5\via_region_data.json
E_1_2_4_L_F_Y_N_1992_56_2017.bmp308278,Alcohol,C:\PycharmProjects\Alcohol Detection\dataset\Grupo_1\E_1_2\Iritech\E_1_2_4\E_1_2_4_L_5\via_region_data.json
E_1_2_4_L_F_Y_N_1992_57_2017.bmp308278,Alcohol,C:\PycharmProjects\Alcohol Detection\dataset\Grupo_1\E_1_2\Iritech\E_1_2_4\E_1_2_4_L_5\via_region_data.json
E_1_2_4_L_F_Y_N_1992_58_2017.bmp308278,Alcohol,C:\PycharmProjects\Alcohol Detection\dataset\Grupo_1\E_1_2\Iritech\E_1_2_4\E_1_2_4_L_5\via_region_data.json
E_1_2_4_L_F_Y_N_1992_59_2017.bmp308278,Alcohol,C:\PycharmProjects\Alcohol Detection\dataset\Grupo_1\E_1_2\Iritech\E_1_2_4\E_1_2_4_L_5\via_region_data.json
E_1_2_4_L_F_Y_N_1992_60_2017.bmp308278,Alcohol,C:\PycharmProjects\Alcohol Detection\dataset\Grupo_1\E_1_2\Iritech\E_1_2_4\E_1_2_4_L_5\via_region_data.json
E_1_2_4_L_F_Y_N_1992_61_2017.bmp308278,Alcohol,C:\PycharmProjects\Alcohol Detection\dataset\Grupo_1\E_1_2\Iritech\E_1_2_4\E_1_2_4_L_5\via_region_data.json
E_1_2_4_L_F_Y_N_1992_62_2017.bmp308278,Alcohol,C:\PycharmProjects\Alcohol Detection\dataset\Grupo_1\E_1_2\Iritech\E_1_2_4\E_1_2_4_L_5\via_region_data.json
E_1_2_4_L_F_Y_N_1992_63_2017.bmp308278,Alcohol,C:\PycharmProjects\Alcohol Detection\dataset\Grupo_1\E_1_2\Iritech\E_1_2_4\E_1_2_4_L_5\via_region_data.json
E_1_2_4_L_F_Y_N_1992_64_2017.bmp308278,Alcohol,C:\PycharmProjects\Alcohol Detection\dataset\Grupo_1\E_1_2\Iritech\E_1_2_4\E_1_2_4_L_5\via_region_data.json
E_1_2_4_L_F_Y_N_1992_65_2017.bmp308278,Alcohol,C:\PycharmProjects\Alcohol Detection\dataset\Grupo_1\E_1_2\Iritech\E_1_2_4\E_1_2_4_L_5\via_region_data.json
E_1_2_4_L_F_Y_N_1992_66_2017.bmp308278,Alcohol,C:\PycharmProjects\Alcohol Detection\dataset\Grupo_1\E_1_2\Iritech\E_1_2_4\E_1_2_4_L_5\via_region_data.json
E_1_2_4_L_F_Y_N_1992_67_2017.bmp308278,Alcohol,C:\PycharmProjects\Alcohol Detection\dataset\Grupo_1\E_1_2\Iritech\E_1_2_4\E_1_2_4_L_5\via_region_data.json
E_1_2_4_L_F_Y_N_1992_68_2017.bmp308278,Alcohol,C:\PycharmProjects\Alcohol Detection\dataset\Grupo_1\E_1_2\Iritech\E_1_2_4\E_1_2_4_L_5\via_region_data.json
E_1_2_4_L_F_Y_N_1992_69_2017.bmp308278,Alcohol,C:\PycharmProjects\Alcohol Detection\dataset\Grupo_1\E_1_2\Iritech\E_1_2_4\E_1_2_4_L_5\via_region_data.json
E_1_2_4_L_F_Y_N_1992_70_2017.bmp308278,Alcohol,C:\PycharmProjects\Alcohol Detection\dataset\Grupo_1\E_1_2\Iritech\E_1_2_4\E_1_2_4_L_5\via_region_data.json
E_1_2_4_L_F_Y_N_1992_71_2017.bmp308278,Alcohol,C:\PycharmProjects\Alcohol Detection\dataset\Grupo_1\E_1_2\Iritech\E_1_2_4\E_1_2_4_L_5\via_region_data.json
E_1_2_4_L_F_Y_N_1992_72_2017.bmp308278,Alcohol,C:\PycharmProjects\Alcohol Detection\dataset\Grupo_1\E_1_2\Iritech\E_1_2_4\E_1_2_4_L_5\via_region_data.json
E_1_2_4_L_F_Y_N_1992_73_2017.bmp308278,Alcohol,C:\PycharmProjects\Alcohol Detection\dataset\Grupo_1\E_1_2\Iritech\E_1_2_4\E_1_2_4_L_5\via_region_data.json
E_1_2_4_R_F_Y_N_1992_0_2017.bmp308278,Non-Alcohol,C:\PycharmProjects\Alcohol Detection\dataset\Grupo_1\E_1_2\Iritech\E_1_2_4\E_1_2_4_R_5\via_region_data.json
E_1_2_4_R_F_Y_N_1992_1_2017.bmp308278,Alcohol,C:\PycharmProjects\Alcohol Detection\dataset\Grupo_1\E_1_2\Iritech\E_1_2_4\E_1_2_4_R_5\via_region_data.json
E_1_2_4_R_F_Y_N_1992_2_2017.bmp308278,Alcohol,C:\PycharmProjects\Alcohol Detection\dataset\Grupo_1\E_1_2\Iritech\E_1_2_4\E_1_2_4_R_5\via_region_data.json
E_1_2_4_R_F_Y_N_1992_3_2017.bmp308278,Alcohol,C:\PycharmProjects\Alcohol Detection\dataset\Grupo_1\E_1_2\Iritech\E_1_2_4\E_1_2_4_R_5\via_region_data.json
E_1_2_4_R_F_Y_N_1992_4_2017.bmp308278,Alcohol,C:\PycharmProjects\Alcohol Detection\dataset\Grupo_1\E_1_2\Iritech\E_1_2_4\E_1_2_4_R_5\via_region_data.json
E_1_2_4_R_F_Y_N_1992_5_2017.bmp308278,Alcohol,C:\PycharmProjects\Alcohol Detection\dataset\Grupo_1\E_1_2\Iritech\E_1_2_4\E_1_2_4_R_5\via_region_data.json
E_1_2_4_R_F_Y_N_1992_6_2017.bmp308278,Alcohol,C:\PycharmProjects\Alcohol Detection\dataset\Grupo_1\E_1_2\Iritech\E_1_2_4\E_1_2_4_R_5\via_region_data.json
E_1_2_4_R_F_Y_N_1992_7_2017.bmp308278,Alcohol,C:\PycharmProjects\Alcohol Detection\dataset\Grupo_1\E_1_2\Iritech\E_1_2_4\E_1_2_4_R_5\via_region_data.json
E_1_2_4_R_F_Y_N_1992_8_2017.bmp308278,Alcohol,C:\PycharmProjects\Alcohol Detection\dataset\Grupo_1\E_1_2\Iritech\E_1_2_4\E_1_2_4_R_5\via_region_data.json
E_1_2_4_R_F_Y_N_1992_9_2017.bmp308278,Alcohol,C:\PycharmProjects\Alcohol Detection\dataset\Grupo_1\E_1_2\Iritech\E_1_2_4\E_1_2_4_R_5\via_region_data.json
E_1_2_4_R_F_Y_N_1992_10_2017.bmp308278,Alcohol,C:\PycharmProjects\Alcohol Detection\dataset\Grupo_1\E_1_2\Iritech\E_1_2_4\E_1_2_4_R_5\via_region_data.json
E_1_2_4_R_F_Y_N_1992_11_2017.bmp308278,Alcohol,C:\PycharmProjects\Alcohol Detection\dataset\Grupo_1\E_1_2\Iritech\E_1_2_4\E_1_2_4_R_5\via_region_data.json
E_1_2_4_R_F_Y_N_1992_12_2017.bmp308278,Alcohol,C:\PycharmProjects\Alcohol Detection\dataset\Grupo_1\E_1_2\Iritech\E_1_2_4\E_1_2_4_R_5\via_region_data.json
E_1_2_4_R_F_Y_N_1992_13_2017.bmp308278,Alcohol,C:\PycharmProjects\Alcohol Detection\dataset\Grupo_1\E_1_2\Iritech\E_1_2_4\E_1_2_4_R_5\via_region_data.json
E_1_2_4_R_F_Y_N_1992_14_2017.bmp308278,Alcohol,C:\PycharmProjects\Alcohol Detection\dataset\Grupo_1\E_1_2\Iritech\E_1_2_4\E_1_2_4_R_5\via_region_data.json
E_1_2_4_R_F_Y_N_1992_15_2017.bmp308278,Alcohol,C:\PycharmProjects\Alcohol Detection\dataset\Grupo_1\E_1_2\Iritech\E_1_2_4\E_1_2_4_R_5\via_region_data.json
E_1_2_4_R_F_Y_N_1992_16_2017.bmp308278,Alcohol,C:\PycharmProjects\Alcohol Detection\dataset\Grupo_1\E_1_2\Iritech\E_1_2_4\E_1_2_4_R_5\via_region_data.json
E_1_2_4_R_F_Y_N_1992_17_2017.bmp308278,Alcohol,C:\PycharmProjects\Alcohol Detection\dataset\Grupo_1\E_1_2\Iritech\E_1_2_4\E_1_2_4_R_5\via_region_data.json
E_1_2_4_R_F_Y_N_1992_18_2017.bmp308278,Alcohol,C:\PycharmProjects\Alcohol Detection\dataset\Grupo_1\E_1_2\Iritech\E_1_2_4\E_1_2_4_R_5\via_region_data.json
E_1_2_4_R_F_Y_N_1992_19_2017.bmp308278,Alcohol,C:\PycharmProjects\Alcohol Detection\dataset\Grupo_1\E_1_2\Iritech\E_1_2_4\E_1_2_4_R_5\via_region_data.json
E_1_2_4_R_F_Y_N_1992_20_2017.bmp308278,Alcohol,C:\PycharmProjects\Alcohol Detection\dataset\Grupo_1\E_1_2\Iritech\E_1_2_4\E_1_2_4_R_5\via_region_data.json
E_1_2_4_R_F_Y_N_1992_21_2017.bmp308278,Alcohol,C:\PycharmProjects\Alcohol Detection\dataset\Grupo_1\E_1_2\Iritech\E_1_2_4\E_1_2_4_R_5\via_region_data.json
E_1_2_4_R_F_Y_N_1992_22_2017.bmp308278,Alcohol,C:\PycharmProjects\Alcohol Detection\dataset\Grupo_1\E_1_2\Iritech\E_1_2_4\E_1_2_4_R_5\via_region_data.json
E_1_2_4_R_F_Y_N_1992_23_2017.bmp308278,Alcohol,C:\PycharmProjects\Alcohol Detection\dataset\Grupo_1\E_1_2\Iritech\E_1_2_4\E_1_2_4_R_5\via_region_data.json
E_1_2_4_R_F_Y_N_1992_24_2017.bmp308278,Alcohol,C:\PycharmProjects\Alcohol Detection\dataset\Grupo_1\E_1_2\Iritech\E_1_2_4\E_1_2_4_R_5\via_region_data.json
E_1_2_4_R_F_Y_N_1992_25_2017.bmp308278,Alcohol,C:\PycharmProjects\Alcohol Detection\dataset\Grupo_1\E_1_2\Iritech\E_1_2_4\E_1_2_4_R_5\via_region_data.json
E_1_2_4_R_F_Y_N_1992_26_2017.bmp308278,Alcohol,C:\PycharmProjects\Alcohol Detection\dataset\Grupo_1\E_1_2\Iritech\E_1_2_4\E_1_2_4_R_5\via_region_data.json
E_1_2_4_R_F_Y_N_1992_27_2017.bmp308278,Alcohol,C:\PycharmProjects\Alcohol Detection\dataset\Grupo_1\E_1_2\Iritech\E_1_2_4\E_1_2_4_R_5\via_region_data.json
E_1_2_4_R_F_Y_N_1992_28_2017.bmp308278,Alcohol,C:\PycharmProjects\Alcohol Detection\dataset\Grupo_1\E_1_2\Iritech\E_1_2_4\E_1_2_4_R_5\via_region_data.json
E_1_2_4_R_F_Y_N_1992_29_2017.bmp308278,Alcohol,C:\PycharmProjects\Alcohol Detection\dataset\Grupo_1\E_1_2\Iritech\E_1_2_4\E_1_2_4_R_5\via_region_data.json
E_1_2_4_R_F_Y_N_1992_30_2017.bmp308278,Alcohol,C:\PycharmProjects\Alcohol Detection\dataset\Grupo_1\E_1_2\Iritech\E_1_2_4\E_1_2_4_R_5\via_region_data.json
E_1_2_4_R_F_Y_N_1992_31_2017.bmp308278,Alcohol,C:\PycharmProjects\Alcohol Detection\dataset\Grupo_1\E_1_2\Iritech\E_1_2_4\E_1_2_4_R_5\via_region_data.json
E_1_2_4_R_F_Y_N_1992_32_2017.bmp308278,Alcohol,C:\PycharmProjects\Alcohol Detection\dataset\Grupo_1\E_1_2\Iritech\E_1_2_4\E_1_2_4_R_5\via_region_data.json
E_1_2_4_R_F_Y_N_1992_33_2017.bmp308278,Alcohol,C:\PycharmProjects\Alcohol Detection\dataset\Grupo_1\E_1_2\Iritech\E_1_2_4\E_1_2_4_R_5\via_region_data.json
E_1_2_4_R_F_Y_N_1992_34_2017.bmp308278,Alcohol,C:\PycharmProjects\Alcohol Detection\dataset\Grupo_1\E_1_2\Iritech\E_1_2_4\E_1_2_4_R_5\via_region_data.json
E_1_2_4_R_F_Y_N_1992_35_2017.bmp308278,Alcohol,C:\PycharmProjects\Alcohol Detection\dataset\Grupo_1\E_1_2\Iritech\E_1_2_4\E_1_2_4_R_5\via_region_data.json
E_1_2_4_R_F_Y_N_1992_36_2017.bmp308278,Alcohol,C:\PycharmProjects\Alcohol Detection\dataset\Grupo_1\E_1_2\Iritech\E_1_2_4\E_1_2_4_R_5\via_region_data.json
E_1_2_4_R_F_Y_N_1992_37_2017.bmp308278,Alcohol,C:\PycharmProjects\Alcohol Detection\dataset\Grupo_1\E_1_2\Iritech\E_1_2_4\E_1_2_4_R_5\via_region_data.json
E_1_2_4_R_F_Y_N_1992_38_2017.bmp308278,Alcohol,C:\PycharmProjects\Alcohol Detection\dataset\Grupo_1\E_1_2\Iritech\E_1_2_4\E_1_2_4_R_5\via_region_data.json
E_1_2_4_R_F_Y_N_1992_39_2017.bmp308278,Alcohol,C:\PycharmProjects\Alcohol Detection\dataset\Grupo_1\E_1_2\Iritech\E_1_2_4\E_1_2_4_R_5\via_region_data.json
E_1_2_4_R_F_Y_N_1992_40_2017.bmp308278,Alcohol,C:\PycharmProjects\Alcohol Detection\dataset\Grupo_1\E_1_2\Iritech\E_1_2_4\E_1_2_4_R_5\via_region_data.json
E_1_2_4_R_F_Y_N_1992_41_2017.bmp308278,Alcohol,C:\PycharmProjects\Alcohol Detection\dataset\Grupo_1\E_1_2\Iritech\E_1_2_4\E_1_2_4_R_5\via_region_data.json
E_1_2_4_R_F_Y_N_1992_42_2017.bmp308278,Alcohol,C:\PycharmProjects\Alcohol Detection\dataset\Grupo_1\E_1_2\Iritech\E_1_2_4\E_1_2_4_R_5\via_region_data.json
E_1_2_4_R_F_Y_N_1992_43_2017.bmp308278,Alcohol,C:\PycharmProjects\Alcohol Detection\dataset\Grupo_1\E_1_2\Iritech\E_1_2_4\E_1_2_4_R_5\via_region_data.json
E_1_2_4_R_F_Y_N_1992_44_2017.bmp308278,Alcohol,C:\PycharmProjects\Alcohol Detection\dataset\Grupo_1\E_1_2\Iritech\E_1_2_4\E_1_2_4_R_5\via_region_data.json
E_1_2_4_R_F_Y_N_1992_45_2017.bmp308278,Alcohol,C:\PycharmProjects\Alcohol Detection\dataset\Grupo_1\E_1_2\Iritech\E_1_2_4\E_1_2_4_R_5\via_region_data.json
E_1_2_4_R_F_Y_N_1992_46_2017.bmp308278,Alcohol,C:\PycharmProjects\Alcohol Detection\dataset\Grupo_1\E_1_2\Iritech\E_1_2_4\E_1_2_4_R_5\via_region_data.json
E_1_2_4_R_F_Y_N_1992_47_2017.bmp308278,Alcohol,C:\PycharmProjects\Alcohol Detection\dataset\Grupo_1\E_1_2\Iritech\E_1_2_4\E_1_2_4_R_5\via_region_data.json
E_1_2_4_R_F_Y_N_1992_48_2017.bmp308278,Alcohol,C:\PycharmProjects\Alcohol Detection\dataset\Grupo_1\E_1_2\Iritech\E_1_2_4\E_1_2_4_R_5\via_region_data.json
E_1_2_4_R_F_Y_N_1992_49_2017.bmp308278,Alcohol,C:\PycharmProjects\Alcohol Detection\dataset\Grupo_1\E_1_2\Iritech\E_1_2_4\E_1_2_4_R_5\via_region_data.json
E_1_2_4_R_F_Y_N_1992_50_2017.bmp308278,Alcohol,C:\PycharmProjects\Alcohol Detection\dataset\Grupo_1\E_1_2\Iritech\E_1_2_4\E_1_2_4_R_5\via_region_data.json
E_1_2_4_R_F_Y_N_1992_51_2017.bmp308278,Alcohol,C:\PycharmProjects\Alcohol Detection\dataset\Grupo_1\E_1_2\Iritech\E_1_2_4\E_1_2_4_R_5\via_region_data.json
E_1_2_4_R_F_Y_N_1992_52_2017.bmp308278,Alcohol,C:\PycharmProjects\Alcohol Detection\dataset\Grupo_1\E_1_2\Iritech\E_1_2_4\E_1_2_4_R_5\via_region_data.json
E_1_2_4_R_F_Y_N_1992_53_2017.bmp308278,Alcohol,C:\PycharmProjects\Alcohol Detection\dataset\Grupo_1\E_1_2\Iritech\E_1_2_4\E_1_2_4_R_5\via_region_data.json
E_1_2_4_R_F_Y_N_1992_54_2017.bmp308278,Alcohol,C:\PycharmProjects\Alcohol Detection\dataset\Grupo_1\E_1_2\Iritech\E_1_2_4\E_1_2_4_R_5\via_region_data.json
E_1_2_4_R_F_Y_N_1992_55_2017.bmp308278,Alcohol,C:\PycharmProjects\Alcohol Detection\dataset\Grupo_1\E_1_2\Iritech\E_1_2_4\E_1_2_4_R_5\via_region_data.json
E_1_2_4_R_F_Y_N_1992_56_2017.bmp308278,Alcohol,C:\PycharmProjects\Alcohol Detection\dataset\Grupo_1\E_1_2\Iritech\E_1_2_4\E_1_2_4_R_5\via_region_data.json
E_1_2_4_R_F_Y_N_1992_57_2017.bmp308278,Alcohol,C:\PycharmProjects\Alcohol Detection\dataset\Grupo_1\E_1_2\Iritech\E_1_2_4\E_1_2_4_R_5\via_region_data.json
E_1_2_4_R_F_Y_N_1992_58_2017.bmp308278,Alcohol,C:\PycharmProjects\Alcohol Detection\dataset\Grupo_1\E_1_2\Iritech\E_1_2_4\E_1_2_4_R_5\via_region_data.json
E_1_2_4_R_F_Y_N_1992_59_2017.bmp308278,Alcohol,C:\PycharmProjects\Alcohol Detection\dataset\Grupo_1\E_1_2\Iritech\E_1_2_4\E_1_2_4_R_5\via_region_data.json
E_1_2_4_R_F_Y_N_1992_60_2017.bmp308278,Alcohol,C:\PycharmProjects\Alcohol Detection\dataset\Grupo_1\E_1_2\Iritech\E_1_2_4\E_1_2_4_R_5\via_region_data.json
E_1_2_4_R_F_Y_N_1992_61_2017.bmp308278,Alcohol,C:\PycharmProjects\Alcohol Detection\dataset\Grupo_1\E_1_2\Iritech\E_1_2_4\E_1_2_4_R_5\via_region_data.json
E_1_2_4_R_F_Y_N_1992_62_2017.bmp308278,Alcohol,C:\PycharmProjects\Alcohol Detection\dataset\Grupo_1\E_1_2\Iritech\E_1_2_4\E_1_2_4_R_5\via_region_data.json
E_1_2_4_R_F_Y_N_1992_63_2017.bmp308278,Alcohol,C:\PycharmProjects\Alcohol Detection\dataset\Grupo_1\E_1_2\Iritech\E_1_2_4\E_1_2_4_R_5\via_region_data.json
E_1_2_4_R_F_Y_N_1992_64_2017.bmp308278,Alcohol,C:\PycharmProjects\Alcohol Detection\dataset\Grupo_1\E_1_2\Iritech\E_1_2_4\E_1_2_4_R_5\via_region_data.json
E_1_2_4_R_F_Y_N_1992_65_2017.bmp308278,Alcohol,C:\PycharmProjects\Alcohol Detection\dataset\Grupo_1\E_1_2\Iritech\E_1_2_4\E_1_2_4_R_5\via_region_data.json
E_1_2_4_R_F_Y_N_1992_66_2017.bmp308278,Alcohol,C:\PycharmProjects\Alcohol Detection\dataset\Grupo_1\E_1_2\Iritech\E_1_2_4\E_1_2_4_R_5\via_region_data.json
E_1_2_4_R_F_Y_N_1992_67_2017.bmp308278,Alcohol,C:\PycharmProjects\Alcohol Detection\dataset\Grupo_1\E_1_2\Iritech\E_1_2_4\E_1_2_4_R_5\via_region_data.json
E_1_2_4_R_F_Y_N_1992_68_2017.bmp308278,Alcohol,C:\PycharmProjects\Alcohol Detection\dataset\Grupo_1\E_1_2\Iritech\E_1_2_4\E_1_2_4_R_5\via_region_data.json
E_1_2_4_R_F_Y_N_1992_69_2017.bmp308278,Alcohol,C:\PycharmProjects\Alcohol Detection\dataset\Grupo_1\E_1_2\Iritech\E_1_2_4\E_1_2_4_R_5\via_region_data.json
E_1_2_4_R_F_Y_N_1992_70_2017.bmp308278,Alcohol,C:\PycharmProjects\Alcohol Detection\dataset\Grupo_1\E_1_2\Iritech\E_1_2_4\E_1_2_4_R_5\via_region_data.json
E_1_2_4_R_F_Y_N_1992_71_2017.bmp308278,Alcohol,C:\PycharmProjects\Alcohol Detection\dataset\Grupo_1\E_1_2\Iritech\E_1_2_4\E_1_2_4_R_5\via_region_data.json
E_1_2_4_R_F_Y_N_1992_72_2017.bmp308278,Alcohol,C:\PycharmProjects\Alcohol Detection\dataset\Grupo_1\E_1_2\Iritech\E_1_2_4\E_1_2_4_R_5\via_region_data.json
E_1_2_4_R_F_Y_N_1992_73_2017.bmp308278,Alcohol,C:\PycharmProjects\Alcohol Detection\dataset\Grupo_1\E_1_2\Iritech\E_1_2_4\E_1_2_4_R_5\via_region_data.json
E_1_2_4_R_F_Y_N_1992_74_2017.bmp308278,Alcohol,C:\PycharmProjects\Alcohol Detection\dataset\Grupo_1\E_1_2\Iritech\E_1_2_4\E_1_2_4_R_5\via_region_data.json
E_1_2_4_R_F_Y_N_1992_75_2017.bmp308278,Alcohol,C:\PycharmProjects\Alcohol Detection\dataset\Grupo_1\E_1_2\Iritech\E_1_2_4\E_1_2_4_R_5\via_region_data.json
E_1_2_4_R_F_Y_N_1992_76_2017.bmp308278,Alcohol,C:\PycharmProjects\Alcohol Detection\dataset\Grupo_1\E_1_2\Iritech\E_1_2_4\E_1_2_4_R_5\via_region_data.json
E_1_2_4_R_F_Y_N_1992_77_2017.bmp308278,Alcohol,C:\PycharmProjects\Alcohol Detection\dataset\Grupo_1\E_1_2\Iritech\E_1_2_4\E_1_2_4_R_5\via_region_data.json
E_1_2_0_L_F_Y_N_1992_0_2017.bmp308278,Non-Alcohol,C:\PycharmProjects\Alcohol Detection\dataset\Grupo_1\E_1_2\LG\E_1_2_0\E_1_2_0_R_10\via_region_data.json
E_1_2_0_L_F_Y_N_1992_1_2017.bmp308278,Non-Alcohol,C:\PycharmProjects\Alcohol Detection\dataset\Grupo_1\E_1_2\LG\E_1_2_0\E_1_2_0_R_10\via_region_data.json
E_1_2_0_L_F_Y_N_1992_2_2017.bmp308278,Non-Alcohol,C:\PycharmProjects\Alcohol Detection\dataset\Grupo_1\E_1_2\LG\E_1_2_0\E_1_2_0_R_10\via_region_data.json
E_1_2_0_L_F_Y_N_1992_3_2017.bmp308278,Non-Alcohol,C:\PycharmProjects\Alcohol Detection\dataset\Grupo_1\E_1_2\LG\E_1_2_0\E_1_2_0_R_10\via_region_data.json
E_1_2_0_L_F_Y_N_1992_4_2017.bmp308278,Non-Alcohol,C:\PycharmProjects\Alcohol Detection\dataset\Grupo_1\E_1_2\LG\E_1_2_0\E_1_2_0_R_10\via_region_data.json
E_1_2_0_L_F_Y_N_1992_5_2017.bmp308278,Non-Alcohol,C:\PycharmProjects\Alcohol Detection\dataset\Grupo_1\E_1_2\LG\E_1_2_0\E_1_2_0_R_10\via_region_data.json
E_1_2_0_L_F_Y_N_1992_6_2017.bmp308278,Non-Alcohol,C:\PycharmProjects\Alcohol Detection\dataset\Grupo_1\E_1_2\LG\E_1_2_0\E_1_2_0_R_10\via_region_data.json
E_1_2_0_L_F_Y_N_1992_7_2017.bmp308278,Non-Alcohol,C:\PycharmProjects\Alcohol Detection\dataset\Grupo_1\E_1_2\LG\E_1_2_0\E_1_2_0_R_10\via_region_data.json
E_1_2_0_L_F_Y_N_1992_8_2017.bmp308278,Non-Alcohol,C:\PycharmProjects\Alcohol Detection\dataset\Grupo_1\E_1_2\LG\E_1_2_0\E_1_2_0_R_10\via_region_data.json
E_1_2_0_L_F_Y_N_1992_9_2017.bmp308278,Non-Alcohol,C:\PycharmProjects\Alcohol Detection\dataset\Grupo_1\E_1_2\LG\E_1_2_0\E_1_2_0_R_10\via_region_data.json
E_1_2_0_R_F_Y_N_1992_0_2017.bmp308278,Non-Alcohol,C:\PycharmProjects\Alcohol Detection\dataset\Grupo_1\E_1_2\LG\E_1_2_0\E_1_2_0_R_10\via_region_data.json
E_1_2_0_R_F_Y_N_1992_1_2017.bmp308278,Non-Alcohol,C:\PycharmProjects\Alcohol Detection\dataset\Grupo_1\E_1_2\LG\E_1_2_0\E_1_2_0_R_10\via_region_data.json
E_1_2_0_R_F_Y_N_1992_2_2017.bmp308278,Non-Alcohol,C:\PycharmProjects\Alcohol Detection\dataset\Grupo_1\E_1_2\LG\E_1_2_0\E_1_2_0_R_10\via_region_data.json
E_1_2_0_R_F_Y_N_1992_3_2017.bmp308278,Non-Alcohol,C:\PycharmProjects\Alcohol Detection\dataset\Grupo_1\E_1_2\LG\E_1_2_0\E_1_2_0_R_10\via_region_data.json
E_1_2_0_R_F_Y_N_1992_4_2017.bmp308278,Non-Alcohol,C:\PycharmProjects\Alcohol Detection\dataset\Grupo_1\E_1_2\LG\E_1_2_0\E_1_2_0_R_10\via_region_data.json
E_1_2_0_R_F_Y_N_1992_5_2017.bmp308278,Non-Alcohol,C:\PycharmProjects\Alcohol Detection\dataset\Grupo_1\E_1_2\LG\E_1_2_0\E_1_2_0_R_10\via_region_data.json
E_1_2_0_R_F_Y_N_1992_6_2017.bmp308278,Non-Alcohol,C:\PycharmProjects\Alcohol Detection\dataset\Grupo_1\E_1_2\LG\E_1_2_0\E_1_2_0_R_10\via_region_data.json
E_1_2_0_R_F_Y_N_1992_7_2017.bmp308278,Non-Alcohol,C:\PycharmProjects\Alcohol Detection\dataset\Grupo_1\E_1_2\LG\E_1_2_0\E_1_2_0_R_10\via_region_data.json
E_1_2_0_R_F_Y_N_1992_8_2017.bmp308278,Non-Alcohol,C:\PycharmProjects\Alcohol Detection\dataset\Grupo_1\E_1_2\LG\E_1_2_0\E_1_2_0_R_10\via_region_data.json
E_1_2_0_R_F_Y_N_1992_9_2017.bmp308278,Non-Alcohol,C:\PycharmProjects\Alcohol Detection\dataset\Grupo_1\E_1_2\LG\E_1_2_0\E_1_2_0_R_10\via_region_data.json
E_1_2_1_L_F_Y_N_1992_0_2017.bmp308278,Non-Alcohol,C:\PycharmProjects\Alcohol Detection\dataset\Grupo_1\E_1_2\LG\E_1_2_1\E_1_2_1_R_10\via_region_data.json
E_1_2_1_L_F_Y_N_1992_1_2017.bmp308278,Alcohol,C:\PycharmProjects\Alcohol Detection\dataset\Grupo_1\E_1_2\LG\E_1_2_1\E_1_2_1_R_10\via_region_data.json
E_1_2_1_L_F_Y_N_1992_2_2017.bmp308278,Alcohol,C:\PycharmProjects\Alcohol Detection\dataset\Grupo_1\E_1_2\LG\E_1_2_1\E_1_2_1_R_10\via_region_data.json
E_1_2_1_L_F_Y_N_1992_3_2017.bmp308278,Alcohol,C:\PycharmProjects\Alcohol Detection\dataset\Grupo_1\E_1_2\LG\E_1_2_1\E_1_2_1_R_10\via_region_data.json
E_1_2_1_L_F_Y_N_1992_4_2017.bmp308278,Alcohol,C:\PycharmProjects\Alcohol Detection\dataset\Grupo_1\E_1_2\LG\E_1_2_1\E_1_2_1_R_10\via_region_data.json
E_1_2_1_L_F_Y_N_1992_5_2017.bmp308278,Alcohol,C:\PycharmProjects\Alcohol Detection\dataset\Grupo_1\E_1_2\LG\E_1_2_1\E_1_2_1_R_10\via_region_data.json
E_1_2_1_L_F_Y_N_1992_6_2017.bmp308278,Alcohol,C:\PycharmProjects\Alcohol Detection\dataset\Grupo_1\E_1_2\LG\E_1_2_1\E_1_2_1_R_10\via_region_data.json
E_1_2_1_L_F_Y_N_1992_7_2017.bmp308278,Alcohol,C:\PycharmProjects\Alcohol Detection\dataset\Grupo_1\E_1_2\LG\E_1_2_1\E_1_2_1_R_10\via_region_data.json
E_1_2_1_L_F_Y_N_1992_8_2017.bmp308278,Alcohol,C:\PycharmProjects\Alcohol Detection\dataset\Grupo_1\E_1_2\LG\E_1_2_1\E_1_2_1_R_10\via_region_data.json
E_1_2_1_L_F_Y_N_1992_9_2017.bmp308278,Alcohol,C:\PycharmProjects\Alcohol Detection\dataset\Grupo_1\E_1_2\LG\E_1_2_1\E_1_2_1_R_10\via_region_data.json
E_1_2_1_R_F_Y_N_1992_0_2017.bmp308278,Non-Alcohol,C:\PycharmProjects\Alcohol Detection\dataset\Grupo_1\E_1_2\LG\E_1_2_1\E_1_2_1_R_10\via_region_data.json
E_1_2_1_R_F_Y_N_1992_1_2017.bmp308278,Alcohol,C:\PycharmProjects\Alcohol Detection\dataset\Grupo_1\E_1_2\LG\E_1_2_1\E_1_2_1_R_10\via_region_data.json
E_1_2_1_R_F_Y_N_1992_2_2017.bmp308278,Alcohol,C:\PycharmProjects\Alcohol Detection\dataset\Grupo_1\E_1_2\LG\E_1_2_1\E_1_2_1_R_10\via_region_data.json
E_1_2_1_R_F_Y_N_1992_3_2017.bmp308278,Alcohol,C:\PycharmProjects\Alcohol Detection\dataset\Grupo_1\E_1_2\LG\E_1_2_1\E_1_2_1_R_10\via_region_data.json
E_1_2_1_R_F_Y_N_1992_4_2017.bmp308278,Alcohol,C:\PycharmProjects\Alcohol Detection\dataset\Grupo_1\E_1_2\LG\E_1_2_1\E_1_2_1_R_10\via_region_data.json
E_1_2_1_R_F_Y_N_1992_5_2017.bmp308278,Alcohol,C:\PycharmProjects\Alcohol Detection\dataset\Grupo_1\E_1_2\LG\E_1_2_1\E_1_2_1_R_10\via_region_data.json
E_1_2_1_R_F_Y_N_1992_6_2017.bmp308278,Alcohol,C:\PycharmProjects\Alcohol Detection\dataset\Grupo_1\E_1_2\LG\E_1_2_1\E_1_2_1_R_10\via_region_data.json
E_1_2_1_R_F_Y_N_1992_7_2017.bmp308278,Alcohol,C:\PycharmProjects\Alcohol Detection\dataset\Grupo_1\E_1_2\LG\E_1_2_1\E_1_2_1_R_10\via_region_data.json
E_1_2_1_R_F_Y_N_1992_8_2017.bmp308278,Alcohol,C:\PycharmProjects\Alcohol Detection\dataset\Grupo_1\E_1_2\LG\E_1_2_1\E_1_2_1_R_10\via_region_data.json
E_1_2_1_R_F_Y_N_1992_9_2017.bmp308278,Alcohol,C:\PycharmProjects\Alcohol Detection\dataset\Grupo_1\E_1_2\LG\E_1_2_1\E_1_2_1_R_10\via_region_data.json
E_1_2_2_L_F_Y_N_1992_0_2017.bmp308278,Non-Alcohol,C:\PycharmProjects\Alcohol Detection\dataset\Grupo_1\E_1_2\LG\E_1_2_2\E_1_2_2_R_10\via_region_data.json
E_1_2_2_L_F_Y_N_1992_1_2017.bmp308278,Alcohol,C:\PycharmProjects\Alcohol Detection\dataset\Grupo_1\E_1_2\LG\E_1_2_2\E_1_2_2_R_10\via_region_data.json
E_1_2_2_L_F_Y_N_1992_2_2017.bmp308278,Alcohol,C:\PycharmProjects\Alcohol Detection\dataset\Grupo_1\E_1_2\LG\E_1_2_2\E_1_2_2_R_10\via_region_data.json
E_1_2_2_L_F_Y_N_1992_3_2017.bmp308278,Alcohol,C:\PycharmProjects\Alcohol Detection\dataset\Grupo_1\E_1_2\LG\E_1_2_2\E_1_2_2_R_10\via_region_data.json
E_1_2_2_L_F_Y_N_1992_4_2017.bmp308278,Alcohol,C:\PycharmProjects\Alcohol Detection\dataset\Grupo_1\E_1_2\LG\E_1_2_2\E_1_2_2_R_10\via_region_data.json
E_1_2_2_L_F_Y_N_1992_5_2017.bmp308278,Alcohol,C:\PycharmProjects\Alcohol Detection\dataset\Grupo_1\E_1_2\LG\E_1_2_2\E_1_2_2_R_10\via_region_data.json
E_1_2_2_L_F_Y_N_1992_6_2017.bmp308278,Alcohol,C:\PycharmProjects\Alcohol Detection\dataset\Grupo_1\E_1_2\LG\E_1_2_2\E_1_2_2_R_10\via_region_data.json
E_1_2_2_L_F_Y_N_1992_7_2017.bmp308278,Alcohol,C:\PycharmProjects\Alcohol Detection\dataset\Grupo_1\E_1_2\LG\E_1_2_2\E_1_2_2_R_10\via_region_data.json
E_1_2_2_L_F_Y_N_1992_8_2017.bmp308278,Alcohol,C:\PycharmProjects\Alcohol Detection\dataset\Grupo_1\E_1_2\LG\E_1_2_2\E_1_2_2_R_10\via_region_data.json
E_1_2_2_L_F_Y_N_1992_9_2017.bmp308278,Alcohol,C:\PycharmProjects\Alcohol Detection\dataset\Grupo_1\E_1_2\LG\E_1_2_2\E_1_2_2_R_10\via_region_data.json
E_1_2_2_R_F_Y_N_1992_0_2017.bmp308278,Non-Alcohol,C:\PycharmProjects\Alcohol Detection\dataset\Grupo_1\E_1_2\LG\E_1_2_2\E_1_2_2_R_10\via_region_data.json
E_1_2_2_R_F_Y_N_1992_1_2017.bmp308278,Alcohol,C:\PycharmProjects\Alcohol Detection\dataset\Grupo_1\E_1_2\LG\E_1_2_2\E_1_2_2_R_10\via_region_data.json
E_1_2_2_R_F_Y_N_1992_2_2017.bmp308278,Alcohol,C:\PycharmProjects\Alcohol Detection\dataset\Grupo_1\E_1_2\LG\E_1_2_2\E_1_2_2_R_10\via_region_data.json
E_1_2_2_R_F_Y_N_1992_3_2017.bmp308278,Alcohol,C:\PycharmProjects\Alcohol Detection\dataset\Grupo_1\E_1_2\LG\E_1_2_2\E_1_2_2_R_10\via_region_data.json
E_1_2_2_R_F_Y_N_1992_4_2017.bmp308278,Alcohol,C:\PycharmProjects\Alcohol Detection\dataset\Grupo_1\E_1_2\LG\E_1_2_2\E_1_2_2_R_10\via_region_data.json
E_1_2_2_R_F_Y_N_1992_5_2017.bmp308278,Alcohol,C:\PycharmProjects\Alcohol Detection\dataset\Grupo_1\E_1_2\LG\E_1_2_2\E_1_2_2_R_10\via_region_data.json
E_1_2_2_R_F_Y_N_1992_6_2017.bmp308278,Alcohol,C:\PycharmProjects\Alcohol Detection\dataset\Grupo_1\E_1_2\LG\E_1_2_2\E_1_2_2_R_10\via_region_data.json
E_1_2_2_R_F_Y_N_1992_7_2017.bmp308278,Alcohol,C:\PycharmProjects\Alcohol Detection\dataset\Grupo_1\E_1_2\LG\E_1_2_2\E_1_2_2_R_10\via_region_data.json
E_1_2_2_R_F_Y_N_1992_8_2017.bmp308278,Alcohol,C:\PycharmProjects\Alcohol Detection\dataset\Grupo_1\E_1_2\LG\E_1_2_2\E_1_2_2_R_10\via_region_data.json
E_1_2_2_R_F_Y_N_1992_9_2017.bmp308278,Alcohol,C:\PycharmProjects\Alcohol Detection\dataset\Grupo_1\E_1_2\LG\E_1_2_2\E_1_2_2_R_10\via_region_data.json
E_1_2_3_L_F_Y_N_1992_0_2017.bmp308278,Non-Alcohol,C:\PycharmProjects\Alcohol Detection\dataset\Grupo_1\E_1_2\LG\E_1_2_3\E_1_2_3_R_10\via_region_data.json
E_1_2_3_L_F_Y_N_1992_1_2017.bmp308278,Alcohol,C:\PycharmProjects\Alcohol Detection\dataset\Grupo_1\E_1_2\LG\E_1_2_3\E_1_2_3_R_10\via_region_data.json
E_1_2_3_L_F_Y_N_1992_2_2017.bmp308278,Alcohol,C:\PycharmProjects\Alcohol Detection\dataset\Grupo_1\E_1_2\LG\E_1_2_3\E_1_2_3_R_10\via_region_data.json
E_1_2_3_L_F_Y_N_1992_3_2017.bmp308278,Alcohol,C:\PycharmProjects\Alcohol Detection\dataset\Grupo_1\E_1_2\LG\E_1_2_3\E_1_2_3_R_10\via_region_data.json
E_1_2_3_L_F_Y_N_1992_4_2017.bmp308278,Alcohol,C:\PycharmProjects\Alcohol Detection\dataset\Grupo_1\E_1_2\LG\E_1_2_3\E_1_2_3_R_10\via_region_data.json
E_1_2_3_L_F_Y_N_1992_5_2017.bmp308278,Alcohol,C:\PycharmProjects\Alcohol Detection\dataset\Grupo_1\E_1_2\LG\E_1_2_3\E_1_2_3_R_10\via_region_data.json
E_1_2_3_L_F_Y_N_1992_6_2017.bmp308278,Alcohol,C:\PycharmProjects\Alcohol Detection\dataset\Grupo_1\E_1_2\LG\E_1_2_3\E_1_2_3_R_10\via_region_data.json
E_1_2_3_L_F_Y_N_1992_7_2017.bmp308278,Alcohol,C:\PycharmProjects\Alcohol Detection\dataset\Grupo_1\E_1_2\LG\E_1_2_3\E_1_2_3_R_10\via_region_data.json
E_1_2_3_L_F_Y_N_1992_8_2017.bmp308278,Alcohol,C:\PycharmProjects\Alcohol Detection\dataset\Grupo_1\E_1_2\LG\E_1_2_3\E_1_2_3_R_10\via_region_data.json
E_1_2_3_L_F_Y_N_1992_9_2017.bmp308278,Alcohol,C:\PycharmProjects\Alcohol Detection\dataset\Grupo_1\E_1_2\LG\E_1_2_3\E_1_2_3_R_10\via_region_data.json
E_1_2_3_R_F_Y_N_1992_0_2017.bmp308278,Non-Alcohol,C:\PycharmProjects\Alcohol Detection\dataset\Grupo_1\E_1_2\LG\E_1_2_3\E_1_2_3_R_10\via_region_data.json
E_1_2_3_R_F_Y_N_1992_1_2017.bmp308278,Alcohol,C:\PycharmProjects\Alcohol Detection\dataset\Grupo_1\E_1_2\LG\E_1_2_3\E_1_2_3_R_10\via_region_data.json
E_1_2_3_R_F_Y_N_1992_2_2017.bmp308278,Alcohol,C:\PycharmProjects\Alcohol Detection\dataset\Grupo_1\E_1_2\LG\E_1_2_3\E_1_2_3_R_10\via_region_data.json
E_1_2_3_R_F_Y_N_1992_3_2017.bmp308278,Alcohol,C:\PycharmProjects\Alcohol Detection\dataset\Grupo_1\E_1_2\LG\E_1_2_3\E_1_2_3_R_10\via_region_data.json
E_1_2_3_R_F_Y_N_1992_4_2017.bmp308278,Alcohol,C:\PycharmProjects\Alcohol Detection\dataset\Grupo_1\E_1_2\LG\E_1_2_3\E_1_2_3_R_10\via_region_data.json
E_1_2_3_R_F_Y_N_1992_5_2017.bmp308278,Alcohol,C:\PycharmProjects\Alcohol Detection\dataset\Grupo_1\E_1_2\LG\E_1_2_3\E_1_2_3_R_10\via_region_data.json
E_1_2_3_R_F_Y_N_1992_6_2017.bmp308278,Alcohol,C:\PycharmProjects\Alcohol Detection\dataset\Grupo_1\E_1_2\LG\E_1_2_3\E_1_2_3_R_10\via_region_data.json
E_1_2_3_R_F_Y_N_1992_7_2017.bmp308278,Alcohol,C:\PycharmProjects\Alcohol Detection\dataset\Grupo_1\E_1_2\LG\E_1_2_3\E_1_2_3_R_10\via_region_data.json
E_1_2_3_R_F_Y_N_1992_8_2017.bmp308278,Alcohol,C:\PycharmProjects\Alcohol Detection\dataset\Grupo_1\E_1_2\LG\E_1_2_3\E_1_2_3_R_10\via_region_data.json
E_1_2_3_R_F_Y_N_1992_9_2017.bmp308278,Alcohol,C:\PycharmProjects\Alcohol Detection\dataset\Grupo_1\E_1_2\LG\E_1_2_3\E_1_2_3_R_10\via_region_data.json
E_1_2_4_L_F_Y_N_1992_0_2017.bmp308278,Non-Alcohol,C:\PycharmProjects\Alcohol Detection\dataset\Grupo_1\E_1_2\LG\E_1_2_4\E_1_2_4_R_10\via_region_data.json
E_1_2_4_L_F_Y_N_1992_1_2017.bmp308278,Alcohol,C:\PycharmProjects\Alcohol Detection\dataset\Grupo_1\E_1_2\LG\E_1_2_4\E_1_2_4_R_10\via_region_data.json
E_1_2_4_L_F_Y_N_1992_2_2017.bmp308278,Alcohol,C:\PycharmProjects\Alcohol Detection\dataset\Grupo_1\E_1_2\LG\E_1_2_4\E_1_2_4_R_10\via_region_data.json
E_1_2_4_L_F_Y_N_1992_3_2017.bmp308278,Alcohol,C:\PycharmProjects\Alcohol Detection\dataset\Grupo_1\E_1_2\LG\E_1_2_4\E_1_2_4_R_10\via_region_data.json
E_1_2_4_L_F_Y_N_1992_4_2017.bmp308278,Alcohol,C:\PycharmProjects\Alcohol Detection\dataset\Grupo_1\E_1_2\LG\E_1_2_4\E_1_2_4_R_10\via_region_data.json
E_1_2_4_L_F_Y_N_1992_5_2017.bmp308278,Alcohol,C:\PycharmProjects\Alcohol Detection\dataset\Grupo_1\E_1_2\LG\E_1_2_4\E_1_2_4_R_10\via_region_data.json
E_1_2_4_L_F_Y_N_1992_6_2017.bmp308278,Alcohol,C:\PycharmProjects\Alcohol Detection\dataset\Grupo_1\E_1_2\LG\E_1_2_4\E_1_2_4_R_10\via_region_data.json
E_1_2_4_L_F_Y_N_1992_7_2017.bmp308278,Alcohol,C:\PycharmProjects\Alcohol Detection\dataset\Grupo_1\E_1_2\LG\E_1_2_4\E_1_2_4_R_10\via_region_data.json
E_1_2_4_L_F_Y_N_1992_8_2017.bmp308278,Alcohol,C:\PycharmProjects\Alcohol Detection\dataset\Grupo_1\E_1_2\LG\E_1_2_4\E_1_2_4_R_10\via_region_data.json
E_1_2_4_L_F_Y_N_1992_9_2017.bmp308278,Alcohol,C:\PycharmProjects\Alcohol Detection\dataset\Grupo_1\E_1_2\LG\E_1_2_4\E_1_2_4_R_10\via_region_data.json
E_1_2_4_R_F_Y_N_1992_0_2017.bmp308278,Non-Alcohol,C:\PycharmProjects\Alcohol Detection\dataset\Grupo_1\E_1_2\LG\E_1_2_4\E_1_2_4_R_10\via_region_data.json
E_1_2_4_R_F_Y_N_1992_1_2017.bmp308278,Alcohol,C:\PycharmProjects\Alcohol Detection\dataset\Grupo_1\E_1_2\LG\E_1_2_4\E_1_2_4_R_10\via_region_data.json
E_1_2_4_R_F_Y_N_1992_2_2017.bmp308278,Alcohol,C:\PycharmProjects\Alcohol Detection\dataset\Grupo_1\E_1_2\LG\E_1_2_4\E_1_2_4_R_10\via_region_data.json
E_1_2_4_R_F_Y_N_1992_3_2017.bmp308278,Alcohol,C:\PycharmProjects\Alcohol Detection\dataset\Grupo_1\E_1_2\LG\E_1_2_4\E_1_2_4_R_10\via_region_data.json
E_1_2_4_R_F_Y_N_1992_4_2017.bmp308278,Alcohol,C:\PycharmProjects\Alcohol Detection\dataset\Grupo_1\E_1_2\LG\E_1_2_4\E_1_2_4_R_10\via_region_data.json
E_1_2_4_R_F_Y_N_1992_5_2017.bmp308278,Alcohol,C:\PycharmProjects\Alcohol Detection\dataset\Grupo_1\E_1_2\LG\E_1_2_4\E_1_2_4_R_10\via_region_data.json
E_1_2_4_R_F_Y_N_1992_6_2017.bmp308278,Alcohol,C:\PycharmProjects\Alcohol Detection\dataset\Grupo_1\E_1_2\LG\E_1_2_4\E_1_2_4_R_10\via_region_data.json
E_1_2_4_R_F_Y_N_1992_7_2017.bmp308278,Alcohol,C:\PycharmProjects\Alcohol Detection\dataset\Grupo_1\E_1_2\LG\E_1_2_4\E_1_2_4_R_10\via_region_data.json
E_1_2_4_R_F_Y_N_1992_8_2017.bmp308278,Alcohol,C:\PycharmProjects\Alcohol Detection\dataset\Grupo_1\E_1_2\LG\E_1_2_4\E_1_2_4_R_10\via_region_data.json
E_1_2_4_R_F_Y_N_1992_9_2017.bmp308278,Alcohol,C:\PycharmProjects\Alcohol Detection\dataset\Grupo_1\E_1_2\LG\E_1_2_4\E_1_2_4_R_10\via_region_data.json
E_1_3_0_L_M_N_N_1990_0_2017.bmp308278,Non-Alcohol,C:\PycharmProjects\Alcohol Detection\dataset\Grupo_1\E_1_3\IriTech\E_1_3_0\via_region_data.json
E_1_3_0_R_M_N_N_1990_0_2017.bmp308278,Non-Alcohol,C:\PycharmProjects\Alcohol Detection\dataset\Grupo_1\E_1_3\IriTech\E_1_3_0\via_region_data.json
E_1_3_0_L_M_N_N_1990_0_2017.bmp308278,Non-Alcohol,C:\PycharmProjects\Alcohol Detection\dataset\Grupo_1\E_1_3\IriTech\E_1_3_0\E_1_3_0_L_5\via_region_data.json
E_1_3_0_L_M_N_N_1990_1_2017.bmp308278,Non-Alcohol,C:\PycharmProjects\Alcohol Detection\dataset\Grupo_1\E_1_3\IriTech\E_1_3_0\E_1_3_0_L_5\via_region_data.json
E_1_3_0_L_M_N_N_1990_2_2017.bmp308278,Non-Alcohol,C:\PycharmProjects\Alcohol Detection\dataset\Grupo_1\E_1_3\IriTech\E_1_3_0\E_1_3_0_L_5\via_region_data.json
E_1_3_0_L_M_N_N_1990_3_2017.bmp308278,Non-Alcohol,C:\PycharmProjects\Alcohol Detection\dataset\Grupo_1\E_1_3\IriTech\E_1_3_0\E_1_3_0_L_5\via_region_data.json
E_1_3_0_L_M_N_N_1990_4_2017.bmp308278,Non-Alcohol,C:\PycharmProjects\Alcohol Detection\dataset\Grupo_1\E_1_3\IriTech\E_1_3_0\E_1_3_0_L_5\via_region_data.json
E_1_3_0_L_M_N_N_1990_5_2017.bmp308278,Non-Alcohol,C:\PycharmProjects\Alcohol Detection\dataset\Grupo_1\E_1_3\IriTech\E_1_3_0\E_1_3_0_L_5\via_region_data.json
E_1_3_0_L_M_N_N_1990_6_2017.bmp308278,Non-Alcohol,C:\PycharmProjects\Alcohol Detection\dataset\Grupo_1\E_1_3\IriTech\E_1_3_0\E_1_3_0_L_5\via_region_data.json
E_1_3_0_L_M_N_N_1990_7_2017.bmp308278,Non-Alcohol,C:\PycharmProjects\Alcohol Detection\dataset\Grupo_1\E_1_3\IriTech\E_1_3_0\E_1_3_0_L_5\via_region_data.json
E_1_3_0_L_M_N_N_1990_8_2017.bmp308278,Non-Alcohol,C:\PycharmProjects\Alcohol Detection\dataset\Grupo_1\E_1_3\IriTech\E_1_3_0\E_1_3_0_L_5\via_region_data.json
E_1_3_0_L_M_N_N_1990_9_2017.bmp308278,Non-Alcohol,C:\PycharmProjects\Alcohol Detection\dataset\Grupo_1\E_1_3\IriTech\E_1_3_0\E_1_3_0_L_5\via_region_data.json
E_1_3_0_L_M_N_N_1990_10_2017.bmp308278,Non-Alcohol,C:\PycharmProjects\Alcohol Detection\dataset\Grupo_1\E_1_3\IriTech\E_1_3_0\E_1_3_0_L_5\via_region_data.json
E_1_3_0_L_M_N_N_1990_11_2017.bmp308278,Non-Alcohol,C:\PycharmProjects\Alcohol Detection\dataset\Grupo_1\E_1_3\IriTech\E_1_3_0\E_1_3_0_L_5\via_region_data.json
E_1_3_0_L_M_N_N_1990_12_2017.bmp308278,Non-Alcohol,C:\PycharmProjects\Alcohol Detection\dataset\Grupo_1\E_1_3\IriTech\E_1_3_0\E_1_3_0_L_5\via_region_data.json
E_1_3_0_L_M_N_N_1990_13_2017.bmp308278,Non-Alcohol,C:\PycharmProjects\Alcohol Detection\dataset\Grupo_1\E_1_3\IriTech\E_1_3_0\E_1_3_0_L_5\via_region_data.json
E_1_3_0_L_M_N_N_1990_14_2017.bmp308278,Non-Alcohol,C:\PycharmProjects\Alcohol Detection\dataset\Grupo_1\E_1_3\IriTech\E_1_3_0\E_1_3_0_L_5\via_region_data.json
E_1_3_0_L_M_N_N_1990_15_2017.bmp308278,Non-Alcohol,C:\PycharmProjects\Alcohol Detection\dataset\Grupo_1\E_1_3\IriTech\E_1_3_0\E_1_3_0_L_5\via_region_data.json
E_1_3_0_L_M_N_N_1990_16_2017.bmp308278,Non-Alcohol,C:\PycharmProjects\Alcohol Detection\dataset\Grupo_1\E_1_3\IriTech\E_1_3_0\E_1_3_0_L_5\via_region_data.json
E_1_3_0_L_M_N_N_1990_17_2017.bmp308278,Non-Alcohol,C:\PycharmProjects\Alcohol Detection\dataset\Grupo_1\E_1_3\IriTech\E_1_3_0\E_1_3_0_L_5\via_region_data.json
E_1_3_0_L_M_N_N_1990_18_2017.bmp308278,Non-Alcohol,C:\PycharmProjects\Alcohol Detection\dataset\Grupo_1\E_1_3\IriTech\E_1_3_0\E_1_3_0_L_5\via_region_data.json
E_1_3_0_L_M_N_N_1990_19_2017.bmp308278,Non-Alcohol,C:\PycharmProjects\Alcohol Detection\dataset\Grupo_1\E_1_3\IriTech\E_1_3_0\E_1_3_0_L_5\via_region_data.json
E_1_3_0_L_M_N_N_1990_20_2017.bmp308278,Non-Alcohol,C:\PycharmProjects\Alcohol Detection\dataset\Grupo_1\E_1_3\IriTech\E_1_3_0\E_1_3_0_L_5\via_region_data.json
E_1_3_0_L_M_N_N_1990_21_2017.bmp308278,Non-Alcohol,C:\PycharmProjects\Alcohol Detection\dataset\Grupo_1\E_1_3\IriTech\E_1_3_0\E_1_3_0_L_5\via_region_data.json
E_1_3_0_L_M_N_N_1990_22_2017.bmp308278,Non-Alcohol,C:\PycharmProjects\Alcohol Detection\dataset\Grupo_1\E_1_3\IriTech\E_1_3_0\E_1_3_0_L_5\via_region_data.json
E_1_3_0_L_M_N_N_1990_23_2017.bmp308278,Non-Alcohol,C:\PycharmProjects\Alcohol Detection\dataset\Grupo_1\E_1_3\IriTech\E_1_3_0\E_1_3_0_L_5\via_region_data.json
E_1_3_0_L_M_N_N_1990_24_2017.bmp308278,Non-Alcohol,C:\PycharmProjects\Alcohol Detection\dataset\Grupo_1\E_1_3\IriTech\E_1_3_0\E_1_3_0_L_5\via_region_data.json
E_1_3_0_L_M_N_N_1990_25_2017.bmp308278,Non-Alcohol,C:\PycharmProjects\Alcohol Detection\dataset\Grupo_1\E_1_3\IriTech\E_1_3_0\E_1_3_0_L_5\via_region_data.json
E_1_3_0_L_M_N_N_1990_26_2017.bmp308278,Non-Alcohol,C:\PycharmProjects\Alcohol Detection\dataset\Grupo_1\E_1_3\IriTech\E_1_3_0\E_1_3_0_L_5\via_region_data.json
E_1_3_0_L_M_N_N_1990_27_2017.bmp308278,Non-Alcohol,C:\PycharmProjects\Alcohol Detection\dataset\Grupo_1\E_1_3\IriTech\E_1_3_0\E_1_3_0_L_5\via_region_data.json
E_1_3_0_L_M_N_N_1990_28_2017.bmp308278,Non-Alcohol,C:\PycharmProjects\Alcohol Detection\dataset\Grupo_1\E_1_3\IriTech\E_1_3_0\E_1_3_0_L_5\via_region_data.json
E_1_3_0_L_M_N_N_1990_29_2017.bmp308278,Non-Alcohol,C:\PycharmProjects\Alcohol Detection\dataset\Grupo_1\E_1_3\IriTech\E_1_3_0\E_1_3_0_L_5\via_region_data.json
E_1_3_0_L_M_N_N_1990_30_2017.bmp308278,Non-Alcohol,C:\PycharmProjects\Alcohol Detection\dataset\Grupo_1\E_1_3\IriTech\E_1_3_0\E_1_3_0_L_5\via_region_data.json
E_1_3_0_L_M_N_N_1990_31_2017.bmp308278,Non-Alcohol,C:\PycharmProjects\Alcohol Detection\dataset\Grupo_1\E_1_3\IriTech\E_1_3_0\E_1_3_0_L_5\via_region_data.json
E_1_3_0_L_M_N_N_1990_32_2017.bmp308278,Non-Alcohol,C:\PycharmProjects\Alcohol Detection\dataset\Grupo_1\E_1_3\IriTech\E_1_3_0\E_1_3_0_L_5\via_region_data.json
E_1_3_0_L_M_N_N_1990_33_2017.bmp308278,Non-Alcohol,C:\PycharmProjects\Alcohol Detection\dataset\Grupo_1\E_1_3\IriTech\E_1_3_0\E_1_3_0_L_5\via_region_data.json
E_1_3_0_L_M_N_N_1990_34_2017.bmp308278,Non-Alcohol,C:\PycharmProjects\Alcohol Detection\dataset\Grupo_1\E_1_3\IriTech\E_1_3_0\E_1_3_0_L_5\via_region_data.json
E_1_3_0_L_M_N_N_1990_35_2017.bmp308278,Non-Alcohol,C:\PycharmProjects\Alcohol Detection\dataset\Grupo_1\E_1_3\IriTech\E_1_3_0\E_1_3_0_L_5\via_region_data.json
E_1_3_0_L_M_N_N_1990_36_2017.bmp308278,Non-Alcohol,C:\PycharmProjects\Alcohol Detection\dataset\Grupo_1\E_1_3\IriTech\E_1_3_0\E_1_3_0_L_5\via_region_data.json
E_1_3_0_L_M_N_N_1990_37_2017.bmp308278,Non-Alcohol,C:\PycharmProjects\Alcohol Detection\dataset\Grupo_1\E_1_3\IriTech\E_1_3_0\E_1_3_0_L_5\via_region_data.json
E_1_3_0_L_M_N_N_1990_38_2017.bmp308278,Non-Alcohol,C:\PycharmProjects\Alcohol Detection\dataset\Grupo_1\E_1_3\IriTech\E_1_3_0\E_1_3_0_L_5\via_region_data.json
E_1_3_0_L_M_N_N_1990_39_2017.bmp308278,Non-Alcohol,C:\PycharmProjects\Alcohol Detection\dataset\Grupo_1\E_1_3\IriTech\E_1_3_0\E_1_3_0_L_5\via_region_data.json
E_1_3_0_L_M_N_N_1990_40_2017.bmp308278,Non-Alcohol,C:\PycharmProjects\Alcohol Detection\dataset\Grupo_1\E_1_3\IriTech\E_1_3_0\E_1_3_0_L_5\via_region_data.json
E_1_3_0_L_M_N_N_1990_41_2017.bmp308278,Non-Alcohol,C:\PycharmProjects\Alcohol Detection\dataset\Grupo_1\E_1_3\IriTech\E_1_3_0\E_1_3_0_L_5\via_region_data.json
E_1_3_0_L_M_N_N_1990_42_2017.bmp308278,Non-Alcohol,C:\PycharmProjects\Alcohol Detection\dataset\Grupo_1\E_1_3\IriTech\E_1_3_0\E_1_3_0_L_5\via_region_data.json
E_1_3_0_L_M_N_N_1990_43_2017.bmp308278,Non-Alcohol,C:\PycharmProjects\Alcohol Detection\dataset\Grupo_1\E_1_3\IriTech\E_1_3_0\E_1_3_0_L_5\via_region_data.json
E_1_3_0_L_M_N_N_1990_44_2017.bmp308278,Non-Alcohol,C:\PycharmProjects\Alcohol Detection\dataset\Grupo_1\E_1_3\IriTech\E_1_3_0\E_1_3_0_L_5\via_region_data.json
E_1_3_0_L_M_N_N_1990_45_2017.bmp308278,Non-Alcohol,C:\PycharmProjects\Alcohol Detection\dataset\Grupo_1\E_1_3\IriTech\E_1_3_0\E_1_3_0_L_5\via_region_data.json
E_1_3_0_L_M_N_N_1990_46_2017.bmp308278,Non-Alcohol,C:\PycharmProjects\Alcohol Detection\dataset\Grupo_1\E_1_3\IriTech\E_1_3_0\E_1_3_0_L_5\via_region_data.json
E_1_3_0_L_M_N_N_1990_47_2017.bmp308278,Non-Alcohol,C:\PycharmProjects\Alcohol Detection\dataset\Grupo_1\E_1_3\IriTech\E_1_3_0\E_1_3_0_L_5\via_region_data.json
E_1_3_0_L_M_N_N_1990_48_2017.bmp308278,Non-Alcohol,C:\PycharmProjects\Alcohol Detection\dataset\Grupo_1\E_1_3\IriTech\E_1_3_0\E_1_3_0_L_5\via_region_data.json
E_1_3_0_L_M_N_N_1990_49_2017.bmp308278,Non-Alcohol,C:\PycharmProjects\Alcohol Detection\dataset\Grupo_1\E_1_3\IriTech\E_1_3_0\E_1_3_0_L_5\via_region_data.json
E_1_3_0_L_M_N_N_1990_50_2017.bmp308278,Non-Alcohol,C:\PycharmProjects\Alcohol Detection\dataset\Grupo_1\E_1_3\IriTech\E_1_3_0\E_1_3_0_L_5\via_region_data.json
E_1_3_0_L_M_N_N_1990_51_2017.bmp308278,Non-Alcohol,C:\PycharmProjects\Alcohol Detection\dataset\Grupo_1\E_1_3\IriTech\E_1_3_0\E_1_3_0_L_5\via_region_data.json
E_1_3_0_L_M_N_N_1990_52_2017.bmp308278,Non-Alcohol,C:\PycharmProjects\Alcohol Detection\dataset\Grupo_1\E_1_3\IriTech\E_1_3_0\E_1_3_0_L_5\via_region_data.json
E_1_3_0_L_M_N_N_1990_53_2017.bmp308278,Non-Alcohol,C:\PycharmProjects\Alcohol Detection\dataset\Grupo_1\E_1_3\IriTech\E_1_3_0\E_1_3_0_L_5\via_region_data.json
E_1_3_0_L_M_N_N_1990_54_2017.bmp308278,Non-Alcohol,C:\PycharmProjects\Alcohol Detection\dataset\Grupo_1\E_1_3\IriTech\E_1_3_0\E_1_3_0_L_5\via_region_data.json
E_1_3_0_L_M_N_N_1990_55_2017.bmp308278,Non-Alcohol,C:\PycharmProjects\Alcohol Detection\dataset\Grupo_1\E_1_3\IriTech\E_1_3_0\E_1_3_0_L_5\via_region_data.json
E_1_3_0_L_M_N_N_1990_56_2017.bmp308278,Non-Alcohol,C:\PycharmProjects\Alcohol Detection\dataset\Grupo_1\E_1_3\IriTech\E_1_3_0\E_1_3_0_L_5\via_region_data.json
E_1_3_0_L_M_N_N_1990_57_2017.bmp308278,Non-Alcohol,C:\PycharmProjects\Alcohol Detection\dataset\Grupo_1\E_1_3\IriTech\E_1_3_0\E_1_3_0_L_5\via_region_data.json
E_1_3_0_L_M_N_N_1990_58_2017.bmp308278,Non-Alcohol,C:\PycharmProjects\Alcohol Detection\dataset\Grupo_1\E_1_3\IriTech\E_1_3_0\E_1_3_0_L_5\via_region_data.json
E_1_3_0_L_M_N_N_1990_59_2017.bmp308278,Non-Alcohol,C:\PycharmProjects\Alcohol Detection\dataset\Grupo_1\E_1_3\IriTech\E_1_3_0\E_1_3_0_L_5\via_region_data.json
E_1_3_0_L_M_N_N_1990_60_2017.bmp308278,Non-Alcohol,C:\PycharmProjects\Alcohol Detection\dataset\Grupo_1\E_1_3\IriTech\E_1_3_0\E_1_3_0_L_5\via_region_data.json
E_1_3_0_L_M_N_N_1990_61_2017.bmp308278,Non-Alcohol,C:\PycharmProjects\Alcohol Detection\dataset\Grupo_1\E_1_3\IriTech\E_1_3_0\E_1_3_0_L_5\via_region_data.json
E_1_3_0_L_M_N_N_1990_62_2017.bmp308278,Non-Alcohol,C:\PycharmProjects\Alcohol Detection\dataset\Grupo_1\E_1_3\IriTech\E_1_3_0\E_1_3_0_L_5\via_region_data.json
E_1_3_0_L_M_N_N_1990_63_2017.bmp308278,Non-Alcohol,C:\PycharmProjects\Alcohol Detection\dataset\Grupo_1\E_1_3\IriTech\E_1_3_0\E_1_3_0_L_5\via_region_data.json
E_1_3_0_L_M_N_N_1990_64_2017.bmp308278,Non-Alcohol,C:\PycharmProjects\Alcohol Detection\dataset\Grupo_1\E_1_3\IriTech\E_1_3_0\E_1_3_0_L_5\via_region_data.json
E_1_3_0_L_M_N_N_1990_65_2017.bmp308278,Non-Alcohol,C:\PycharmProjects\Alcohol Detection\dataset\Grupo_1\E_1_3\IriTech\E_1_3_0\E_1_3_0_L_5\via_region_data.json
E_1_3_0_L_M_N_N_1990_66_2017.bmp308278,Non-Alcohol,C:\PycharmProjects\Alcohol Detection\dataset\Grupo_1\E_1_3\IriTech\E_1_3_0\E_1_3_0_L_5\via_region_data.json
E_1_3_0_L_M_N_N_1990_67_2017.bmp308278,Non-Alcohol,C:\PycharmProjects\Alcohol Detection\dataset\Grupo_1\E_1_3\IriTech\E_1_3_0\E_1_3_0_L_5\via_region_data.json
E_1_3_0_L_M_N_N_1990_68_2017.bmp308278,Non-Alcohol,C:\PycharmProjects\Alcohol Detection\dataset\Grupo_1\E_1_3\IriTech\E_1_3_0\E_1_3_0_L_5\via_region_data.json
E_1_3_0_L_M_N_N_1990_69_2017.bmp308278,Non-Alcohol,C:\PycharmProjects\Alcohol Detection\dataset\Grupo_1\E_1_3\IriTech\E_1_3_0\E_1_3_0_L_5\via_region_data.json
E_1_3_0_L_M_N_N_1990_70_2017.bmp308278,Non-Alcohol,C:\PycharmProjects\Alcohol Detection\dataset\Grupo_1\E_1_3\IriTech\E_1_3_0\E_1_3_0_L_5\via_region_data.json
E_1_3_0_L_M_N_N_1990_71_2017.bmp308278,Non-Alcohol,C:\PycharmProjects\Alcohol Detection\dataset\Grupo_1\E_1_3\IriTech\E_1_3_0\E_1_3_0_L_5\via_region_data.json
E_1_3_0_L_M_N_N_1990_72_2017.bmp308278,Non-Alcohol,C:\PycharmProjects\Alcohol Detection\dataset\Grupo_1\E_1_3\IriTech\E_1_3_0\E_1_3_0_L_5\via_region_data.json
E_1_3_0_L_M_N_N_1990_73_2017.bmp308278,Non-Alcohol,C:\PycharmProjects\Alcohol Detection\dataset\Grupo_1\E_1_3\IriTech\E_1_3_0\E_1_3_0_L_5\via_region_data.json
E_1_3_0_L_M_N_N_1990_74_2017.bmp308278,Non-Alcohol,C:\PycharmProjects\Alcohol Detection\dataset\Grupo_1\E_1_3\IriTech\E_1_3_0\E_1_3_0_L_5\via_region_data.json
E_1_3_0_L_M_N_N_1990_75_2017.bmp308278,Non-Alcohol,C:\PycharmProjects\Alcohol Detection\dataset\Grupo_1\E_1_3\IriTech\E_1_3_0\E_1_3_0_L_5\via_region_data.json
E_1_3_0_L_M_N_N_1990_76_2017.bmp308278,Non-Alcohol,C:\PycharmProjects\Alcohol Detection\dataset\Grupo_1\E_1_3\IriTech\E_1_3_0\E_1_3_0_L_5\via_region_data.json
E_1_3_0_L_M_N_N_1990_77_2017.bmp308278,Non-Alcohol,C:\PycharmProjects\Alcohol Detection\dataset\Grupo_1\E_1_3\IriTech\E_1_3_0\E_1_3_0_L_5\via_region_data.json
E_1_3_0_L_M_N_N_1990_78_2017.bmp308278,Non-Alcohol,C:\PycharmProjects\Alcohol Detection\dataset\Grupo_1\E_1_3\IriTech\E_1_3_0\E_1_3_0_L_5\via_region_data.json
E_1_3_0_L_M_N_N_1990_79_2017.bmp308278,Non-Alcohol,C:\PycharmProjects\Alcohol Detection\dataset\Grupo_1\E_1_3\IriTech\E_1_3_0\E_1_3_0_L_5\via_region_data.json
E_1_3_0_R_M_N_N_1990_0_2017.bmp308278,Non-Alcohol,C:\PycharmProjects\Alcohol Detection\dataset\Grupo_1\E_1_3\IriTech\E_1_3_0\E_1_3_0_R_5\via_region_data.json
E_1_3_0_R_M_N_N_1990_1_2017.bmp308278,Non-Alcohol,C:\PycharmProjects\Alcohol Detection\dataset\Grupo_1\E_1_3\IriTech\E_1_3_0\E_1_3_0_R_5\via_region_data.json
E_1_3_0_R_M_N_N_1990_2_2017.bmp308278,Non-Alcohol,C:\PycharmProjects\Alcohol Detection\dataset\Grupo_1\E_1_3\IriTech\E_1_3_0\E_1_3_0_R_5\via_region_data.json
E_1_3_0_R_M_N_N_1990_3_2017.bmp308278,Non-Alcohol,C:\PycharmProjects\Alcohol Detection\dataset\Grupo_1\E_1_3\IriTech\E_1_3_0\E_1_3_0_R_5\via_region_data.json
E_1_3_0_R_M_N_N_1990_4_2017.bmp308278,Non-Alcohol,C:\PycharmProjects\Alcohol Detection\dataset\Grupo_1\E_1_3\IriTech\E_1_3_0\E_1_3_0_R_5\via_region_data.json
E_1_3_0_R_M_N_N_1990_5_2017.bmp308278,Non-Alcohol,C:\PycharmProjects\Alcohol Detection\dataset\Grupo_1\E_1_3\IriTech\E_1_3_0\E_1_3_0_R_5\via_region_data.json
E_1_3_0_R_M_N_N_1990_6_2017.bmp308278,Non-Alcohol,C:\PycharmProjects\Alcohol Detection\dataset\Grupo_1\E_1_3\IriTech\E_1_3_0\E_1_3_0_R_5\via_region_data.json
E_1_3_0_R_M_N_N_1990_7_2017.bmp308278,Non-Alcohol,C:\PycharmProjects\Alcohol Detection\dataset\Grupo_1\E_1_3\IriTech\E_1_3_0\E_1_3_0_R_5\via_region_data.json
E_1_3_0_R_M_N_N_1990_8_2017.bmp308278,Non-Alcohol,C:\PycharmProjects\Alcohol Detection\dataset\Grupo_1\E_1_3\IriTech\E_1_3_0\E_1_3_0_R_5\via_region_data.json
E_1_3_0_R_M_N_N_1990_9_2017.bmp308278,Non-Alcohol,C:\PycharmProjects\Alcohol Detection\dataset\Grupo_1\E_1_3\IriTech\E_1_3_0\E_1_3_0_R_5\via_region_data.json
E_1_3_0_R_M_N_N_1990_10_2017.bmp308278,Non-Alcohol,C:\PycharmProjects\Alcohol Detection\dataset\Grupo_1\E_1_3\IriTech\E_1_3_0\E_1_3_0_R_5\via_region_data.json
E_1_3_0_R_M_N_N_1990_11_2017.bmp308278,Non-Alcohol,C:\PycharmProjects\Alcohol Detection\dataset\Grupo_1\E_1_3\IriTech\E_1_3_0\E_1_3_0_R_5\via_region_data.json
E_1_3_0_R_M_N_N_1990_12_2017.bmp308278,Non-Alcohol,C:\PycharmProjects\Alcohol Detection\dataset\Grupo_1\E_1_3\IriTech\E_1_3_0\E_1_3_0_R_5\via_region_data.json
E_1_3_0_R_M_N_N_1990_13_2017.bmp308278,Non-Alcohol,C:\PycharmProjects\Alcohol Detection\dataset\Grupo_1\E_1_3\IriTech\E_1_3_0\E_1_3_0_R_5\via_region_data.json
E_1_3_0_R_M_N_N_1990_14_2017.bmp308278,Non-Alcohol,C:\PycharmProjects\Alcohol Detection\dataset\Grupo_1\E_1_3\IriTech\E_1_3_0\E_1_3_0_R_5\via_region_data.json
E_1_3_0_R_M_N_N_1990_15_2017.bmp308278,Non-Alcohol,C:\PycharmProjects\Alcohol Detection\dataset\Grupo_1\E_1_3\IriTech\E_1_3_0\E_1_3_0_R_5\via_region_data.json
E_1_3_0_R_M_N_N_1990_16_2017.bmp308278,Non-Alcohol,C:\PycharmProjects\Alcohol Detection\dataset\Grupo_1\E_1_3\IriTech\E_1_3_0\E_1_3_0_R_5\via_region_data.json
E_1_3_0_R_M_N_N_1990_17_2017.bmp308278,Non-Alcohol,C:\PycharmProjects\Alcohol Detection\dataset\Grupo_1\E_1_3\IriTech\E_1_3_0\E_1_3_0_R_5\via_region_data.json
E_1_3_0_R_M_N_N_1990_18_2017.bmp308278,Non-Alcohol,C:\PycharmProjects\Alcohol Detection\dataset\Grupo_1\E_1_3\IriTech\E_1_3_0\E_1_3_0_R_5\via_region_data.json
E_1_3_0_R_M_N_N_1990_19_2017.bmp308278,Non-Alcohol,C:\PycharmProjects\Alcohol Detection\dataset\Grupo_1\E_1_3\IriTech\E_1_3_0\E_1_3_0_R_5\via_region_data.json
E_1_3_0_R_M_N_N_1990_20_2017.bmp308278,Non-Alcohol,C:\PycharmProjects\Alcohol Detection\dataset\Grupo_1\E_1_3\IriTech\E_1_3_0\E_1_3_0_R_5\via_region_data.json
E_1_3_0_R_M_N_N_1990_21_2017.bmp308278,Non-Alcohol,C:\PycharmProjects\Alcohol Detection\dataset\Grupo_1\E_1_3\IriTech\E_1_3_0\E_1_3_0_R_5\via_region_data.json
E_1_3_0_R_M_N_N_1990_22_2017.bmp308278,Non-Alcohol,C:\PycharmProjects\Alcohol Detection\dataset\Grupo_1\E_1_3\IriTech\E_1_3_0\E_1_3_0_R_5\via_region_data.json
E_1_3_0_R_M_N_N_1990_23_2017.bmp308278,Non-Alcohol,C:\PycharmProjects\Alcohol Detection\dataset\Grupo_1\E_1_3\IriTech\E_1_3_0\E_1_3_0_R_5\via_region_data.json
E_1_3_0_R_M_N_N_1990_24_2017.bmp308278,Non-Alcohol,C:\PycharmProjects\Alcohol Detection\dataset\Grupo_1\E_1_3\IriTech\E_1_3_0\E_1_3_0_R_5\via_region_data.json
E_1_3_0_R_M_N_N_1990_25_2017.bmp308278,Non-Alcohol,C:\PycharmProjects\Alcohol Detection\dataset\Grupo_1\E_1_3\IriTech\E_1_3_0\E_1_3_0_R_5\via_region_data.json
E_1_3_0_R_M_N_N_1990_26_2017.bmp308278,Non-Alcohol,C:\PycharmProjects\Alcohol Detection\dataset\Grupo_1\E_1_3\IriTech\E_1_3_0\E_1_3_0_R_5\via_region_data.json
E_1_3_0_R_M_N_N_1990_27_2017.bmp308278,Non-Alcohol,C:\PycharmProjects\Alcohol Detection\dataset\Grupo_1\E_1_3\IriTech\E_1_3_0\E_1_3_0_R_5\via_region_data.json
E_1_3_0_R_M_N_N_1990_28_2017.bmp308278,Non-Alcohol,C:\PycharmProjects\Alcohol Detection\dataset\Grupo_1\E_1_3\IriTech\E_1_3_0\E_1_3_0_R_5\via_region_data.json
E_1_3_0_R_M_N_N_1990_29_2017.bmp308278,Non-Alcohol,C:\PycharmProjects\Alcohol Detection\dataset\Grupo_1\E_1_3\IriTech\E_1_3_0\E_1_3_0_R_5\via_region_data.json
E_1_3_0_R_M_N_N_1990_30_2017.bmp308278,Non-Alcohol,C:\PycharmProjects\Alcohol Detection\dataset\Grupo_1\E_1_3\IriTech\E_1_3_0\E_1_3_0_R_5\via_region_data.json
E_1_3_0_R_M_N_N_1990_31_2017.bmp308278,Non-Alcohol,C:\PycharmProjects\Alcohol Detection\dataset\Grupo_1\E_1_3\IriTech\E_1_3_0\E_1_3_0_R_5\via_region_data.json
E_1_3_0_R_M_N_N_1990_32_2017.bmp308278,Non-Alcohol,C:\PycharmProjects\Alcohol Detection\dataset\Grupo_1\E_1_3\IriTech\E_1_3_0\E_1_3_0_R_5\via_region_data.json
E_1_3_0_R_M_N_N_1990_33_2017.bmp308278,Non-Alcohol,C:\PycharmProjects\Alcohol Detection\dataset\Grupo_1\E_1_3\IriTech\E_1_3_0\E_1_3_0_R_5\via_region_data.json
E_1_3_0_R_M_N_N_1990_34_2017.bmp308278,Non-Alcohol,C:\PycharmProjects\Alcohol Detection\dataset\Grupo_1\E_1_3\IriTech\E_1_3_0\E_1_3_0_R_5\via_region_data.json
E_1_3_0_R_M_N_N_1990_35_2017.bmp308278,Non-Alcohol,C:\PycharmProjects\Alcohol Detection\dataset\Grupo_1\E_1_3\IriTech\E_1_3_0\E_1_3_0_R_5\via_region_data.json
E_1_3_0_R_M_N_N_1990_36_2017.bmp308278,Non-Alcohol,C:\PycharmProjects\Alcohol Detection\dataset\Grupo_1\E_1_3\IriTech\E_1_3_0\E_1_3_0_R_5\via_region_data.json
E_1_3_0_R_M_N_N_1990_37_2017.bmp308278,Non-Alcohol,C:\PycharmProjects\Alcohol Detection\dataset\Grupo_1\E_1_3\IriTech\E_1_3_0\E_1_3_0_R_5\via_region_data.json
E_1_3_0_R_M_N_N_1990_38_2017.bmp308278,Non-Alcohol,C:\PycharmProjects\Alcohol Detection\dataset\Grupo_1\E_1_3\IriTech\E_1_3_0\E_1_3_0_R_5\via_region_data.json
E_1_3_0_R_M_N_N_1990_39_2017.bmp308278,Non-Alcohol,C:\PycharmProjects\Alcohol Detection\dataset\Grupo_1\E_1_3\IriTech\E_1_3_0\E_1_3_0_R_5\via_region_data.json
E_1_3_0_R_M_N_N_1990_40_2017.bmp308278,Non-Alcohol,C:\PycharmProjects\Alcohol Detection\dataset\Grupo_1\E_1_3\IriTech\E_1_3_0\E_1_3_0_R_5\via_region_data.json
E_1_3_0_R_M_N_N_1990_41_2017.bmp308278,Non-Alcohol,C:\PycharmProjects\Alcohol Detection\dataset\Grupo_1\E_1_3\IriTech\E_1_3_0\E_1_3_0_R_5\via_region_data.json
E_1_3_0_R_M_N_N_1990_42_2017.bmp308278,Non-Alcohol,C:\PycharmProjects\Alcohol Detection\dataset\Grupo_1\E_1_3\IriTech\E_1_3_0\E_1_3_0_R_5\via_region_data.json
E_1_3_0_R_M_N_N_1990_43_2017.bmp308278,Non-Alcohol,C:\PycharmProjects\Alcohol Detection\dataset\Grupo_1\E_1_3\IriTech\E_1_3_0\E_1_3_0_R_5\via_region_data.json
E_1_3_0_R_M_N_N_1990_44_2017.bmp308278,Non-Alcohol,C:\PycharmProjects\Alcohol Detection\dataset\Grupo_1\E_1_3\IriTech\E_1_3_0\E_1_3_0_R_5\via_region_data.json
E_1_3_0_R_M_N_N_1990_45_2017.bmp308278,Non-Alcohol,C:\PycharmProjects\Alcohol Detection\dataset\Grupo_1\E_1_3\IriTech\E_1_3_0\E_1_3_0_R_5\via_region_data.json
E_1_3_0_R_M_N_N_1990_46_2017.bmp308278,Non-Alcohol,C:\PycharmProjects\Alcohol Detection\dataset\Grupo_1\E_1_3\IriTech\E_1_3_0\E_1_3_0_R_5\via_region_data.json
E_1_3_0_R_M_N_N_1990_47_2017.bmp308278,Non-Alcohol,C:\PycharmProjects\Alcohol Detection\dataset\Grupo_1\E_1_3\IriTech\E_1_3_0\E_1_3_0_R_5\via_region_data.json
E_1_3_0_R_M_N_N_1990_48_2017.bmp308278,Non-Alcohol,C:\PycharmProjects\Alcohol Detection\dataset\Grupo_1\E_1_3\IriTech\E_1_3_0\E_1_3_0_R_5\via_region_data.json
E_1_3_0_R_M_N_N_1990_49_2017.bmp308278,Non-Alcohol,C:\PycharmProjects\Alcohol Detection\dataset\Grupo_1\E_1_3\IriTech\E_1_3_0\E_1_3_0_R_5\via_region_data.json
E_1_3_0_R_M_N_N_1990_50_2017.bmp308278,Non-Alcohol,C:\PycharmProjects\Alcohol Detection\dataset\Grupo_1\E_1_3\IriTech\E_1_3_0\E_1_3_0_R_5\via_region_data.json
E_1_3_0_R_M_N_N_1990_51_2017.bmp308278,Non-Alcohol,C:\PycharmProjects\Alcohol Detection\dataset\Grupo_1\E_1_3\IriTech\E_1_3_0\E_1_3_0_R_5\via_region_data.json
E_1_3_0_R_M_N_N_1990_52_2017.bmp308278,Non-Alcohol,C:\PycharmProjects\Alcohol Detection\dataset\Grupo_1\E_1_3\IriTech\E_1_3_0\E_1_3_0_R_5\via_region_data.json
E_1_3_0_R_M_N_N_1990_53_2017.bmp308278,Non-Alcohol,C:\PycharmProjects\Alcohol Detection\dataset\Grupo_1\E_1_3\IriTech\E_1_3_0\E_1_3_0_R_5\via_region_data.json
E_1_3_0_R_M_N_N_1990_54_2017.bmp308278,Non-Alcohol,C:\PycharmProjects\Alcohol Detection\dataset\Grupo_1\E_1_3\IriTech\E_1_3_0\E_1_3_0_R_5\via_region_data.json
E_1_3_0_R_M_N_N_1990_55_2017.bmp308278,Non-Alcohol,C:\PycharmProjects\Alcohol Detection\dataset\Grupo_1\E_1_3\IriTech\E_1_3_0\E_1_3_0_R_5\via_region_data.json
E_1_3_0_R_M_N_N_1990_56_2017.bmp308278,Non-Alcohol,C:\PycharmProjects\Alcohol Detection\dataset\Grupo_1\E_1_3\IriTech\E_1_3_0\E_1_3_0_R_5\via_region_data.json
E_1_3_0_R_M_N_N_1990_57_2017.bmp308278,Non-Alcohol,C:\PycharmProjects\Alcohol Detection\dataset\Grupo_1\E_1_3\IriTech\E_1_3_0\E_1_3_0_R_5\via_region_data.json
E_1_3_0_R_M_N_N_1990_58_2017.bmp308278,Non-Alcohol,C:\PycharmProjects\Alcohol Detection\dataset\Grupo_1\E_1_3\IriTech\E_1_3_0\E_1_3_0_R_5\via_region_data.json
E_1_3_0_R_M_N_N_1990_59_2017.bmp308278,Non-Alcohol,C:\PycharmProjects\Alcohol Detection\dataset\Grupo_1\E_1_3\IriTech\E_1_3_0\E_1_3_0_R_5\via_region_data.json
E_1_3_0_R_M_N_N_1990_60_2017.bmp308278,Non-Alcohol,C:\PycharmProjects\Alcohol Detection\dataset\Grupo_1\E_1_3\IriTech\E_1_3_0\E_1_3_0_R_5\via_region_data.json
E_1_3_0_R_M_N_N_1990_61_2017.bmp308278,Non-Alcohol,C:\PycharmProjects\Alcohol Detection\dataset\Grupo_1\E_1_3\IriTech\E_1_3_0\E_1_3_0_R_5\via_region_data.json
E_1_3_0_R_M_N_N_1990_62_2017.bmp308278,Non-Alcohol,C:\PycharmProjects\Alcohol Detection\dataset\Grupo_1\E_1_3\IriTech\E_1_3_0\E_1_3_0_R_5\via_region_data.json
E_1_3_0_R_M_N_N_1990_63_2017.bmp308278,Non-Alcohol,C:\PycharmProjects\Alcohol Detection\dataset\Grupo_1\E_1_3\IriTech\E_1_3_0\E_1_3_0_R_5\via_region_data.json
E_1_3_0_R_M_N_N_1990_64_2017.bmp308278,Non-Alcohol,C:\PycharmProjects\Alcohol Detection\dataset\Grupo_1\E_1_3\IriTech\E_1_3_0\E_1_3_0_R_5\via_region_data.json
E_1_3_0_R_M_N_N_1990_65_2017.bmp308278,Non-Alcohol,C:\PycharmProjects\Alcohol Detection\dataset\Grupo_1\E_1_3\IriTech\E_1_3_0\E_1_3_0_R_5\via_region_data.json
E_1_3_0_R_M_N_N_1990_66_2017.bmp308278,Non-Alcohol,C:\PycharmProjects\Alcohol Detection\dataset\Grupo_1\E_1_3\IriTech\E_1_3_0\E_1_3_0_R_5\via_region_data.json
E_1_3_0_R_M_N_N_1990_67_2017.bmp308278,Non-Alcohol,C:\PycharmProjects\Alcohol Detection\dataset\Grupo_1\E_1_3\IriTech\E_1_3_0\E_1_3_0_R_5\via_region_data.json
E_1_3_0_R_M_N_N_1990_68_2017.bmp308278,Non-Alcohol,C:\PycharmProjects\Alcohol Detection\dataset\Grupo_1\E_1_3\IriTech\E_1_3_0\E_1_3_0_R_5\via_region_data.json
E_1_3_0_R_M_N_N_1990_69_2017.bmp308278,Non-Alcohol,C:\PycharmProjects\Alcohol Detection\dataset\Grupo_1\E_1_3\IriTech\E_1_3_0\E_1_3_0_R_5\via_region_data.json
E_1_3_0_R_M_N_N_1990_70_2017.bmp308278,Non-Alcohol,C:\PycharmProjects\Alcohol Detection\dataset\Grupo_1\E_1_3\IriTech\E_1_3_0\E_1_3_0_R_5\via_region_data.json
E_1_3_0_R_M_N_N_1990_71_2017.bmp308278,Non-Alcohol,C:\PycharmProjects\Alcohol Detection\dataset\Grupo_1\E_1_3\IriTech\E_1_3_0\E_1_3_0_R_5\via_region_data.json
E_1_3_0_R_M_N_N_1990_72_2017.bmp308278,Non-Alcohol,C:\PycharmProjects\Alcohol Detection\dataset\Grupo_1\E_1_3\IriTech\E_1_3_0\E_1_3_0_R_5\via_region_data.json
E_1_3_0_R_M_N_N_1990_73_2017.bmp308278,Non-Alcohol,C:\PycharmProjects\Alcohol Detection\dataset\Grupo_1\E_1_3\IriTech\E_1_3_0\E_1_3_0_R_5\via_region_data.json
E_1_3_0_R_M_N_N_1990_74_2017.bmp308278,Non-Alcohol,C:\PycharmProjects\Alcohol Detection\dataset\Grupo_1\E_1_3\IriTech\E_1_3_0\E_1_3_0_R_5\via_region_data.json
E_1_3_0_R_M_N_N_1990_75_2017.bmp308278,Non-Alcohol,C:\PycharmProjects\Alcohol Detection\dataset\Grupo_1\E_1_3\IriTech\E_1_3_0\E_1_3_0_R_5\via_region_data.json
E_1_3_0_R_M_N_N_1990_76_2017.bmp308278,Non-Alcohol,C:\PycharmProjects\Alcohol Detection\dataset\Grupo_1\E_1_3\IriTech\E_1_3_0\E_1_3_0_R_5\via_region_data.json
E_1_3_0_R_M_N_N_1990_77_2017.bmp308278,Non-Alcohol,C:\PycharmProjects\Alcohol Detection\dataset\Grupo_1\E_1_3\IriTech\E_1_3_0\E_1_3_0_R_5\via_region_data.json
E_1_3_1_L_M_N_N_1990_0_2017.bmp308278,Non-Alcohol,C:\PycharmProjects\Alcohol Detection\dataset\Grupo_1\E_1_3\IriTech\E_1_3_1\via_region_data.json
E_1_3_1_R_M_N_N_1990_0_2017.bmp308278,Non-Alcohol,C:\PycharmProjects\Alcohol Detection\dataset\Grupo_1\E_1_3\IriTech\E_1_3_1\via_region_data.json
E_1_3_1_L_M_N_N_1990_0_2017.bmp308278,Non-Alcohol,C:\PycharmProjects\Alcohol Detection\dataset\Grupo_1\E_1_3\IriTech\E_1_3_1\E_1_3_1_L_5\via_region_data.json
E_1_3_1_L_M_N_N_1990_1_2017.bmp308278,Alcohol,C:\PycharmProjects\Alcohol Detection\dataset\Grupo_1\E_1_3\IriTech\E_1_3_1\E_1_3_1_L_5\via_region_data.json
E_1_3_1_L_M_N_N_1990_2_2017.bmp308278,Alcohol,C:\PycharmProjects\Alcohol Detection\dataset\Grupo_1\E_1_3\IriTech\E_1_3_1\E_1_3_1_L_5\via_region_data.json
E_1_3_1_L_M_N_N_1990_3_2017.bmp308278,Alcohol,C:\PycharmProjects\Alcohol Detection\dataset\Grupo_1\E_1_3\IriTech\E_1_3_1\E_1_3_1_L_5\via_region_data.json
E_1_3_1_L_M_N_N_1990_4_2017.bmp308278,Alcohol,C:\PycharmProjects\Alcohol Detection\dataset\Grupo_1\E_1_3\IriTech\E_1_3_1\E_1_3_1_L_5\via_region_data.json
E_1_3_1_L_M_N_N_1990_5_2017.bmp308278,Alcohol,C:\PycharmProjects\Alcohol Detection\dataset\Grupo_1\E_1_3\IriTech\E_1_3_1\E_1_3_1_L_5\via_region_data.json
E_1_3_1_L_M_N_N_1990_6_2017.bmp308278,Alcohol,C:\PycharmProjects\Alcohol Detection\dataset\Grupo_1\E_1_3\IriTech\E_1_3_1\E_1_3_1_L_5\via_region_data.json
E_1_3_1_L_M_N_N_1990_7_2017.bmp308278,Alcohol,C:\PycharmProjects\Alcohol Detection\dataset\Grupo_1\E_1_3\IriTech\E_1_3_1\E_1_3_1_L_5\via_region_data.json
E_1_3_1_L_M_N_N_1990_8_2017.bmp308278,Alcohol,C:\PycharmProjects\Alcohol Detection\dataset\Grupo_1\E_1_3\IriTech\E_1_3_1\E_1_3_1_L_5\via_region_data.json
E_1_3_1_L_M_N_N_1990_9_2017.bmp308278,Alcohol,C:\PycharmProjects\Alcohol Detection\dataset\Grupo_1\E_1_3\IriTech\E_1_3_1\E_1_3_1_L_5\via_region_data.json
E_1_3_1_L_M_N_N_1990_10_2017.bmp308278,Alcohol,C:\PycharmProjects\Alcohol Detection\dataset\Grupo_1\E_1_3\IriTech\E_1_3_1\E_1_3_1_L_5\via_region_data.json
E_1_3_1_L_M_N_N_1990_11_2017.bmp308278,Alcohol,C:\PycharmProjects\Alcohol Detection\dataset\Grupo_1\E_1_3\IriTech\E_1_3_1\E_1_3_1_L_5\via_region_data.json
E_1_3_1_L_M_N_N_1990_12_2017.bmp308278,Alcohol,C:\PycharmProjects\Alcohol Detection\dataset\Grupo_1\E_1_3\IriTech\E_1_3_1\E_1_3_1_L_5\via_region_data.json
E_1_3_1_L_M_N_N_1990_13_2017.bmp308278,Alcohol,C:\PycharmProjects\Alcohol Detection\dataset\Grupo_1\E_1_3\IriTech\E_1_3_1\E_1_3_1_L_5\via_region_data.json
E_1_3_1_L_M_N_N_1990_14_2017.bmp308278,Alcohol,C:\PycharmProjects\Alcohol Detection\dataset\Grupo_1\E_1_3\IriTech\E_1_3_1\E_1_3_1_L_5\via_region_data.json
E_1_3_1_L_M_N_N_1990_15_2017.bmp308278,Alcohol,C:\PycharmProjects\Alcohol Detection\dataset\Grupo_1\E_1_3\IriTech\E_1_3_1\E_1_3_1_L_5\via_region_data.json
E_1_3_1_L_M_N_N_1990_16_2017.bmp308278,Alcohol,C:\PycharmProjects\Alcohol Detection\dataset\Grupo_1\E_1_3\IriTech\E_1_3_1\E_1_3_1_L_5\via_region_data.json
E_1_3_1_L_M_N_N_1990_17_2017.bmp308278,Alcohol,C:\PycharmProjects\Alcohol Detection\dataset\Grupo_1\E_1_3\IriTech\E_1_3_1\E_1_3_1_L_5\via_region_data.json
E_1_3_1_L_M_N_N_1990_18_2017.bmp308278,Alcohol,C:\PycharmProjects\Alcohol Detection\dataset\Grupo_1\E_1_3\IriTech\E_1_3_1\E_1_3_1_L_5\via_region_data.json
E_1_3_1_L_M_N_N_1990_19_2017.bmp308278,Alcohol,C:\PycharmProjects\Alcohol Detection\dataset\Grupo_1\E_1_3\IriTech\E_1_3_1\E_1_3_1_L_5\via_region_data.json
E_1_3_1_L_M_N_N_1990_20_2017.bmp308278,Alcohol,C:\PycharmProjects\Alcohol Detection\dataset\Grupo_1\E_1_3\IriTech\E_1_3_1\E_1_3_1_L_5\via_region_data.json
E_1_3_1_L_M_N_N_1990_21_2017.bmp308278,Alcohol,C:\PycharmProjects\Alcohol Detection\dataset\Grupo_1\E_1_3\IriTech\E_1_3_1\E_1_3_1_L_5\via_region_data.json
E_1_3_1_L_M_N_N_1990_22_2017.bmp308278,Alcohol,C:\PycharmProjects\Alcohol Detection\dataset\Grupo_1\E_1_3\IriTech\E_1_3_1\E_1_3_1_L_5\via_region_data.json
E_1_3_1_L_M_N_N_1990_23_2017.bmp308278,Alcohol,C:\PycharmProjects\Alcohol Detection\dataset\Grupo_1\E_1_3\IriTech\E_1_3_1\E_1_3_1_L_5\via_region_data.json
E_1_3_1_L_M_N_N_1990_24_2017.bmp308278,Alcohol,C:\PycharmProjects\Alcohol Detection\dataset\Grupo_1\E_1_3\IriTech\E_1_3_1\E_1_3_1_L_5\via_region_data.json
E_1_3_1_L_M_N_N_1990_25_2017.bmp308278,Alcohol,C:\PycharmProjects\Alcohol Detection\dataset\Grupo_1\E_1_3\IriTech\E_1_3_1\E_1_3_1_L_5\via_region_data.json
E_1_3_1_L_M_N_N_1990_26_2017.bmp308278,Alcohol,C:\PycharmProjects\Alcohol Detection\dataset\Grupo_1\E_1_3\IriTech\E_1_3_1\E_1_3_1_L_5\via_region_data.json
E_1_3_1_L_M_N_N_1990_27_2017.bmp308278,Alcohol,C:\PycharmProjects\Alcohol Detection\dataset\Grupo_1\E_1_3\IriTech\E_1_3_1\E_1_3_1_L_5\via_region_data.json
E_1_3_1_L_M_N_N_1990_28_2017.bmp308278,Alcohol,C:\PycharmProjects\Alcohol Detection\dataset\Grupo_1\E_1_3\IriTech\E_1_3_1\E_1_3_1_L_5\via_region_data.json
E_1_3_1_L_M_N_N_1990_29_2017.bmp308278,Alcohol,C:\PycharmProjects\Alcohol Detection\dataset\Grupo_1\E_1_3\IriTech\E_1_3_1\E_1_3_1_L_5\via_region_data.json
E_1_3_1_L_M_N_N_1990_30_2017.bmp308278,Alcohol,C:\PycharmProjects\Alcohol Detection\dataset\Grupo_1\E_1_3\IriTech\E_1_3_1\E_1_3_1_L_5\via_region_data.json
E_1_3_1_L_M_N_N_1990_31_2017.bmp308278,Alcohol,C:\PycharmProjects\Alcohol Detection\dataset\Grupo_1\E_1_3\IriTech\E_1_3_1\E_1_3_1_L_5\via_region_data.json
E_1_3_1_L_M_N_N_1990_32_2017.bmp308278,Alcohol,C:\PycharmProjects\Alcohol Detection\dataset\Grupo_1\E_1_3\IriTech\E_1_3_1\E_1_3_1_L_5\via_region_data.json
E_1_3_1_L_M_N_N_1990_33_2017.bmp308278,Alcohol,C:\PycharmProjects\Alcohol Detection\dataset\Grupo_1\E_1_3\IriTech\E_1_3_1\E_1_3_1_L_5\via_region_data.json
E_1_3_1_L_M_N_N_1990_34_2017.bmp308278,Alcohol,C:\PycharmProjects\Alcohol Detection\dataset\Grupo_1\E_1_3\IriTech\E_1_3_1\E_1_3_1_L_5\via_region_data.json
E_1_3_1_L_M_N_N_1990_35_2017.bmp308278,Alcohol,C:\PycharmProjects\Alcohol Detection\dataset\Grupo_1\E_1_3\IriTech\E_1_3_1\E_1_3_1_L_5\via_region_data.json
E_1_3_1_L_M_N_N_1990_36_2017.bmp308278,Alcohol,C:\PycharmProjects\Alcohol Detection\dataset\Grupo_1\E_1_3\IriTech\E_1_3_1\E_1_3_1_L_5\via_region_data.json
E_1_3_1_L_M_N_N_1990_37_2017.bmp308278,Alcohol,C:\PycharmProjects\Alcohol Detection\dataset\Grupo_1\E_1_3\IriTech\E_1_3_1\E_1_3_1_L_5\via_region_data.json
E_1_3_1_L_M_N_N_1990_38_2017.bmp308278,Alcohol,C:\PycharmProjects\Alcohol Detection\dataset\Grupo_1\E_1_3\IriTech\E_1_3_1\E_1_3_1_L_5\via_region_data.json
E_1_3_1_L_M_N_N_1990_39_2017.bmp308278,Alcohol,C:\PycharmProjects\Alcohol Detection\dataset\Grupo_1\E_1_3\IriTech\E_1_3_1\E_1_3_1_L_5\via_region_data.json
E_1_3_1_L_M_N_N_1990_40_2017.bmp308278,Alcohol,C:\PycharmProjects\Alcohol Detection\dataset\Grupo_1\E_1_3\IriTech\E_1_3_1\E_1_3_1_L_5\via_region_data.json
E_1_3_1_L_M_N_N_1990_41_2017.bmp308278,Alcohol,C:\PycharmProjects\Alcohol Detection\dataset\Grupo_1\E_1_3\IriTech\E_1_3_1\E_1_3_1_L_5\via_region_data.json
E_1_3_1_L_M_N_N_1990_42_2017.bmp308278,Alcohol,C:\PycharmProjects\Alcohol Detection\dataset\Grupo_1\E_1_3\IriTech\E_1_3_1\E_1_3_1_L_5\via_region_data.json
E_1_3_1_L_M_N_N_1990_43_2017.bmp308278,Alcohol,C:\PycharmProjects\Alcohol Detection\dataset\Grupo_1\E_1_3\IriTech\E_1_3_1\E_1_3_1_L_5\via_region_data.json
E_1_3_1_L_M_N_N_1990_44_2017.bmp308278,Alcohol,C:\PycharmProjects\Alcohol Detection\dataset\Grupo_1\E_1_3\IriTech\E_1_3_1\E_1_3_1_L_5\via_region_data.json
E_1_3_1_L_M_N_N_1990_45_2017.bmp308278,Alcohol,C:\PycharmProjects\Alcohol Detection\dataset\Grupo_1\E_1_3\IriTech\E_1_3_1\E_1_3_1_L_5\via_region_data.json
E_1_3_1_L_M_N_N_1990_46_2017.bmp308278,Alcohol,C:\PycharmProjects\Alcohol Detection\dataset\Grupo_1\E_1_3\IriTech\E_1_3_1\E_1_3_1_L_5\via_region_data.json
E_1_3_1_L_M_N_N_1990_47_2017.bmp308278,Alcohol,C:\PycharmProjects\Alcohol Detection\dataset\Grupo_1\E_1_3\IriTech\E_1_3_1\E_1_3_1_L_5\via_region_data.json
E_1_3_1_L_M_N_N_1990_48_2017.bmp308278,Alcohol,C:\PycharmProjects\Alcohol Detection\dataset\Grupo_1\E_1_3\IriTech\E_1_3_1\E_1_3_1_L_5\via_region_data.json
E_1_3_1_L_M_N_N_1990_49_2017.bmp308278,Alcohol,C:\PycharmProjects\Alcohol Detection\dataset\Grupo_1\E_1_3\IriTech\E_1_3_1\E_1_3_1_L_5\via_region_data.json
E_1_3_1_L_M_N_N_1990_50_2017.bmp308278,Alcohol,C:\PycharmProjects\Alcohol Detection\dataset\Grupo_1\E_1_3\IriTech\E_1_3_1\E_1_3_1_L_5\via_region_data.json
E_1_3_1_L_M_N_N_1990_51_2017.bmp308278,Alcohol,C:\PycharmProjects\Alcohol Detection\dataset\Grupo_1\E_1_3\IriTech\E_1_3_1\E_1_3_1_L_5\via_region_data.json
E_1_3_1_L_M_N_N_1990_52_2017.bmp308278,Alcohol,C:\PycharmProjects\Alcohol Detection\dataset\Grupo_1\E_1_3\IriTech\E_1_3_1\E_1_3_1_L_5\via_region_data.json
E_1_3_1_L_M_N_N_1990_53_2017.bmp308278,Alcohol,C:\PycharmProjects\Alcohol Detection\dataset\Grupo_1\E_1_3\IriTech\E_1_3_1\E_1_3_1_L_5\via_region_data.json
E_1_3_1_L_M_N_N_1990_54_2017.bmp308278,Alcohol,C:\PycharmProjects\Alcohol Detection\dataset\Grupo_1\E_1_3\IriTech\E_1_3_1\E_1_3_1_L_5\via_region_data.json
E_1_3_1_L_M_N_N_1990_55_2017.bmp308278,Alcohol,C:\PycharmProjects\Alcohol Detection\dataset\Grupo_1\E_1_3\IriTech\E_1_3_1\E_1_3_1_L_5\via_region_data.json
E_1_3_1_L_M_N_N_1990_56_2017.bmp308278,Alcohol,C:\PycharmProjects\Alcohol Detection\dataset\Grupo_1\E_1_3\IriTech\E_1_3_1\E_1_3_1_L_5\via_region_data.json
E_1_3_1_L_M_N_N_1990_57_2017.bmp308278,Alcohol,C:\PycharmProjects\Alcohol Detection\dataset\Grupo_1\E_1_3\IriTech\E_1_3_1\E_1_3_1_L_5\via_region_data.json
E_1_3_1_L_M_N_N_1990_58_2017.bmp308278,Alcohol,C:\PycharmProjects\Alcohol Detection\dataset\Grupo_1\E_1_3\IriTech\E_1_3_1\E_1_3_1_L_5\via_region_data.json
E_1_3_1_L_M_N_N_1990_59_2017.bmp308278,Alcohol,C:\PycharmProjects\Alcohol Detection\dataset\Grupo_1\E_1_3\IriTech\E_1_3_1\E_1_3_1_L_5\via_region_data.json
E_1_3_1_L_M_N_N_1990_60_2017.bmp308278,Alcohol,C:\PycharmProjects\Alcohol Detection\dataset\Grupo_1\E_1_3\IriTech\E_1_3_1\E_1_3_1_L_5\via_region_data.json
E_1_3_1_L_M_N_N_1990_61_2017.bmp308278,Alcohol,C:\PycharmProjects\Alcohol Detection\dataset\Grupo_1\E_1_3\IriTech\E_1_3_1\E_1_3_1_L_5\via_region_data.json
E_1_3_1_L_M_N_N_1990_62_2017.bmp308278,Alcohol,C:\PycharmProjects\Alcohol Detection\dataset\Grupo_1\E_1_3\IriTech\E_1_3_1\E_1_3_1_L_5\via_region_data.json
E_1_3_1_L_M_N_N_1990_63_2017.bmp308278,Alcohol,C:\PycharmProjects\Alcohol Detection\dataset\Grupo_1\E_1_3\IriTech\E_1_3_1\E_1_3_1_L_5\via_region_data.json
E_1_3_1_L_M_N_N_1990_64_2017.bmp308278,Alcohol,C:\PycharmProjects\Alcohol Detection\dataset\Grupo_1\E_1_3\IriTech\E_1_3_1\E_1_3_1_L_5\via_region_data.json
E_1_3_1_L_M_N_N_1990_65_2017.bmp308278,Alcohol,C:\PycharmProjects\Alcohol Detection\dataset\Grupo_1\E_1_3\IriTech\E_1_3_1\E_1_3_1_L_5\via_region_data.json
E_1_3_1_L_M_N_N_1990_66_2017.bmp308278,Alcohol,C:\PycharmProjects\Alcohol Detection\dataset\Grupo_1\E_1_3\IriTech\E_1_3_1\E_1_3_1_L_5\via_region_data.json
E_1_3_1_L_M_N_N_1990_67_2017.bmp308278,Alcohol,C:\PycharmProjects\Alcohol Detection\dataset\Grupo_1\E_1_3\IriTech\E_1_3_1\E_1_3_1_L_5\via_region_data.json
E_1_3_1_L_M_N_N_1990_68_2017.bmp308278,Alcohol,C:\PycharmProjects\Alcohol Detection\dataset\Grupo_1\E_1_3\IriTech\E_1_3_1\E_1_3_1_L_5\via_region_data.json
E_1_3_1_L_M_N_N_1990_69_2017.bmp308278,Alcohol,C:\PycharmProjects\Alcohol Detection\dataset\Grupo_1\E_1_3\IriTech\E_1_3_1\E_1_3_1_L_5\via_region_data.json
E_1_3_1_L_M_N_N_1990_70_2017.bmp308278,Alcohol,C:\PycharmProjects\Alcohol Detection\dataset\Grupo_1\E_1_3\IriTech\E_1_3_1\E_1_3_1_L_5\via_region_data.json
E_1_3_1_L_M_N_N_1990_71_2017.bmp308278,Alcohol,C:\PycharmProjects\Alcohol Detection\dataset\Grupo_1\E_1_3\IriTech\E_1_3_1\E_1_3_1_L_5\via_region_data.json
E_1_3_1_L_M_N_N_1990_72_2017.bmp308278,Alcohol,C:\PycharmProjects\Alcohol Detection\dataset\Grupo_1\E_1_3\IriTech\E_1_3_1\E_1_3_1_L_5\via_region_data.json
E_1_3_1_L_M_N_N_1990_73_2017.bmp308278,Alcohol,C:\PycharmProjects\Alcohol Detection\dataset\Grupo_1\E_1_3\IriTech\E_1_3_1\E_1_3_1_L_5\via_region_data.json
E_1_3_1_L_M_N_N_1990_74_2017.bmp308278,Alcohol,C:\PycharmProjects\Alcohol Detection\dataset\Grupo_1\E_1_3\IriTech\E_1_3_1\E_1_3_1_L_5\via_region_data.json
E_1_3_1_L_M_N_N_1990_75_2017.bmp308278,Alcohol,C:\PycharmProjects\Alcohol Detection\dataset\Grupo_1\E_1_3\IriTech\E_1_3_1\E_1_3_1_L_5\via_region_data.json
E_1_3_1_L_M_N_N_1990_76_2017.bmp308278,Alcohol,C:\PycharmProjects\Alcohol Detection\dataset\Grupo_1\E_1_3\IriTech\E_1_3_1\E_1_3_1_L_5\via_region_data.json
E_1_3_1_L_M_N_N_1990_77_2017.bmp308278,Alcohol,C:\PycharmProjects\Alcohol Detection\dataset\Grupo_1\E_1_3\IriTech\E_1_3_1\E_1_3_1_L_5\via_region_data.json
E_1_3_1_L_M_N_N_1990_78_2017.bmp308278,Alcohol,C:\PycharmProjects\Alcohol Detection\dataset\Grupo_1\E_1_3\IriTech\E_1_3_1\E_1_3_1_L_5\via_region_data.json
E_1_3_1_R_M_N_N_1990_0_2017.bmp308278,Non-Alcohol,C:\PycharmProjects\Alcohol Detection\dataset\Grupo_1\E_1_3\IriTech\E_1_3_1\E_1_3_1_R_5\via_region_data.json
E_1_3_1_R_M_N_N_1990_1_2017.bmp308278,Alcohol,C:\PycharmProjects\Alcohol Detection\dataset\Grupo_1\E_1_3\IriTech\E_1_3_1\E_1_3_1_R_5\via_region_data.json
E_1_3_1_R_M_N_N_1990_2_2017.bmp308278,Alcohol,C:\PycharmProjects\Alcohol Detection\dataset\Grupo_1\E_1_3\IriTech\E_1_3_1\E_1_3_1_R_5\via_region_data.json
E_1_3_1_R_M_N_N_1990_3_2017.bmp308278,Alcohol,C:\PycharmProjects\Alcohol Detection\dataset\Grupo_1\E_1_3\IriTech\E_1_3_1\E_1_3_1_R_5\via_region_data.json
E_1_3_1_R_M_N_N_1990_4_2017.bmp308278,Alcohol,C:\PycharmProjects\Alcohol Detection\dataset\Grupo_1\E_1_3\IriTech\E_1_3_1\E_1_3_1_R_5\via_region_data.json
E_1_3_1_R_M_N_N_1990_5_2017.bmp308278,Alcohol,C:\PycharmProjects\Alcohol Detection\dataset\Grupo_1\E_1_3\IriTech\E_1_3_1\E_1_3_1_R_5\via_region_data.json
E_1_3_1_R_M_N_N_1990_6_2017.bmp308278,Alcohol,C:\PycharmProjects\Alcohol Detection\dataset\Grupo_1\E_1_3\IriTech\E_1_3_1\E_1_3_1_R_5\via_region_data.json
E_1_3_1_R_M_N_N_1990_7_2017.bmp308278,Alcohol,C:\PycharmProjects\Alcohol Detection\dataset\Grupo_1\E_1_3\IriTech\E_1_3_1\E_1_3_1_R_5\via_region_data.json
E_1_3_1_R_M_N_N_1990_8_2017.bmp308278,Alcohol,C:\PycharmProjects\Alcohol Detection\dataset\Grupo_1\E_1_3\IriTech\E_1_3_1\E_1_3_1_R_5\via_region_data.json
E_1_3_1_R_M_N_N_1990_9_2017.bmp308278,Alcohol,C:\PycharmProjects\Alcohol Detection\dataset\Grupo_1\E_1_3\IriTech\E_1_3_1\E_1_3_1_R_5\via_region_data.json
E_1_3_1_R_M_N_N_1990_10_2017.bmp308278,Alcohol,C:\PycharmProjects\Alcohol Detection\dataset\Grupo_1\E_1_3\IriTech\E_1_3_1\E_1_3_1_R_5\via_region_data.json
E_1_3_1_R_M_N_N_1990_11_2017.bmp308278,Alcohol,C:\PycharmProjects\Alcohol Detection\dataset\Grupo_1\E_1_3\IriTech\E_1_3_1\E_1_3_1_R_5\via_region_data.json
E_1_3_1_R_M_N_N_1990_12_2017.bmp308278,Alcohol,C:\PycharmProjects\Alcohol Detection\dataset\Grupo_1\E_1_3\IriTech\E_1_3_1\E_1_3_1_R_5\via_region_data.json
E_1_3_1_R_M_N_N_1990_13_2017.bmp308278,Alcohol,C:\PycharmProjects\Alcohol Detection\dataset\Grupo_1\E_1_3\IriTech\E_1_3_1\E_1_3_1_R_5\via_region_data.json
E_1_3_1_R_M_N_N_1990_14_2017.bmp308278,Alcohol,C:\PycharmProjects\Alcohol Detection\dataset\Grupo_1\E_1_3\IriTech\E_1_3_1\E_1_3_1_R_5\via_region_data.json
E_1_3_1_R_M_N_N_1990_15_2017.bmp308278,Alcohol,C:\PycharmProjects\Alcohol Detection\dataset\Grupo_1\E_1_3\IriTech\E_1_3_1\E_1_3_1_R_5\via_region_data.json
E_1_3_1_R_M_N_N_1990_16_2017.bmp308278,Alcohol,C:\PycharmProjects\Alcohol Detection\dataset\Grupo_1\E_1_3\IriTech\E_1_3_1\E_1_3_1_R_5\via_region_data.json
E_1_3_1_R_M_N_N_1990_17_2017.bmp308278,Alcohol,C:\PycharmProjects\Alcohol Detection\dataset\Grupo_1\E_1_3\IriTech\E_1_3_1\E_1_3_1_R_5\via_region_data.json
E_1_3_1_R_M_N_N_1990_18_2017.bmp308278,Alcohol,C:\PycharmProjects\Alcohol Detection\dataset\Grupo_1\E_1_3\IriTech\E_1_3_1\E_1_3_1_R_5\via_region_data.json
E_1_3_1_R_M_N_N_1990_19_2017.bmp308278,Alcohol,C:\PycharmProjects\Alcohol Detection\dataset\Grupo_1\E_1_3\IriTech\E_1_3_1\E_1_3_1_R_5\via_region_data.json
E_1_3_1_R_M_N_N_1990_20_2017.bmp308278,Alcohol,C:\PycharmProjects\Alcohol Detection\dataset\Grupo_1\E_1_3\IriTech\E_1_3_1\E_1_3_1_R_5\via_region_data.json
E_1_3_1_R_M_N_N_1990_21_2017.bmp308278,Alcohol,C:\PycharmProjects\Alcohol Detection\dataset\Grupo_1\E_1_3\IriTech\E_1_3_1\E_1_3_1_R_5\via_region_data.json
E_1_3_1_R_M_N_N_1990_22_2017.bmp308278,Alcohol,C:\PycharmProjects\Alcohol Detection\dataset\Grupo_1\E_1_3\IriTech\E_1_3_1\E_1_3_1_R_5\via_region_data.json
E_1_3_1_R_M_N_N_1990_23_2017.bmp308278,Alcohol,C:\PycharmProjects\Alcohol Detection\dataset\Grupo_1\E_1_3\IriTech\E_1_3_1\E_1_3_1_R_5\via_region_data.json
E_1_3_1_R_M_N_N_1990_24_2017.bmp308278,Alcohol,C:\PycharmProjects\Alcohol Detection\dataset\Grupo_1\E_1_3\IriTech\E_1_3_1\E_1_3_1_R_5\via_region_data.json
E_1_3_1_R_M_N_N_1990_25_2017.bmp308278,Alcohol,C:\PycharmProjects\Alcohol Detection\dataset\Grupo_1\E_1_3\IriTech\E_1_3_1\E_1_3_1_R_5\via_region_data.json
E_1_3_1_R_M_N_N_1990_26_2017.bmp308278,Alcohol,C:\PycharmProjects\Alcohol Detection\dataset\Grupo_1\E_1_3\IriTech\E_1_3_1\E_1_3_1_R_5\via_region_data.json
E_1_3_1_R_M_N_N_1990_27_2017.bmp308278,Alcohol,C:\PycharmProjects\Alcohol Detection\dataset\Grupo_1\E_1_3\IriTech\E_1_3_1\E_1_3_1_R_5\via_region_data.json
E_1_3_1_R_M_N_N_1990_28_2017.bmp308278,Alcohol,C:\PycharmProjects\Alcohol Detection\dataset\Grupo_1\E_1_3\IriTech\E_1_3_1\E_1_3_1_R_5\via_region_data.json
E_1_3_1_R_M_N_N_1990_29_2017.bmp308278,Alcohol,C:\PycharmProjects\Alcohol Detection\dataset\Grupo_1\E_1_3\IriTech\E_1_3_1\E_1_3_1_R_5\via_region_data.json
E_1_3_1_R_M_N_N_1990_30_2017.bmp308278,Alcohol,C:\PycharmProjects\Alcohol Detection\dataset\Grupo_1\E_1_3\IriTech\E_1_3_1\E_1_3_1_R_5\via_region_data.json
E_1_3_1_R_M_N_N_1990_31_2017.bmp308278,Alcohol,C:\PycharmProjects\Alcohol Detection\dataset\Grupo_1\E_1_3\IriTech\E_1_3_1\E_1_3_1_R_5\via_region_data.json
E_1_3_1_R_M_N_N_1990_32_2017.bmp308278,Alcohol,C:\PycharmProjects\Alcohol Detection\dataset\Grupo_1\E_1_3\IriTech\E_1_3_1\E_1_3_1_R_5\via_region_data.json
E_1_3_1_R_M_N_N_1990_33_2017.bmp308278,Alcohol,C:\PycharmProjects\Alcohol Detection\dataset\Grupo_1\E_1_3\IriTech\E_1_3_1\E_1_3_1_R_5\via_region_data.json
E_1_3_1_R_M_N_N_1990_34_2017.bmp308278,Alcohol,C:\PycharmProjects\Alcohol Detection\dataset\Grupo_1\E_1_3\IriTech\E_1_3_1\E_1_3_1_R_5\via_region_data.json
E_1_3_1_R_M_N_N_1990_35_2017.bmp308278,Alcohol,C:\PycharmProjects\Alcohol Detection\dataset\Grupo_1\E_1_3\IriTech\E_1_3_1\E_1_3_1_R_5\via_region_data.json
E_1_3_1_R_M_N_N_1990_36_2017.bmp308278,Alcohol,C:\PycharmProjects\Alcohol Detection\dataset\Grupo_1\E_1_3\IriTech\E_1_3_1\E_1_3_1_R_5\via_region_data.json
E_1_3_1_R_M_N_N_1990_37_2017.bmp308278,Alcohol,C:\PycharmProjects\Alcohol Detection\dataset\Grupo_1\E_1_3\IriTech\E_1_3_1\E_1_3_1_R_5\via_region_data.json
E_1_3_1_R_M_N_N_1990_38_2017.bmp308278,Alcohol,C:\PycharmProjects\Alcohol Detection\dataset\Grupo_1\E_1_3\IriTech\E_1_3_1\E_1_3_1_R_5\via_region_data.json
E_1_3_1_R_M_N_N_1990_39_2017.bmp308278,Alcohol,C:\PycharmProjects\Alcohol Detection\dataset\Grupo_1\E_1_3\IriTech\E_1_3_1\E_1_3_1_R_5\via_region_data.json
E_1_3_1_R_M_N_N_1990_40_2017.bmp308278,Alcohol,C:\PycharmProjects\Alcohol Detection\dataset\Grupo_1\E_1_3\IriTech\E_1_3_1\E_1_3_1_R_5\via_region_data.json
E_1_3_1_R_M_N_N_1990_41_2017.bmp308278,Alcohol,C:\PycharmProjects\Alcohol Detection\dataset\Grupo_1\E_1_3\IriTech\E_1_3_1\E_1_3_1_R_5\via_region_data.json
E_1_3_1_R_M_N_N_1990_42_2017.bmp308278,Alcohol,C:\PycharmProjects\Alcohol Detection\dataset\Grupo_1\E_1_3\IriTech\E_1_3_1\E_1_3_1_R_5\via_region_data.json
E_1_3_1_R_M_N_N_1990_43_2017.bmp308278,Alcohol,C:\PycharmProjects\Alcohol Detection\dataset\Grupo_1\E_1_3\IriTech\E_1_3_1\E_1_3_1_R_5\via_region_data.json
E_1_3_1_R_M_N_N_1990_44_2017.bmp308278,Alcohol,C:\PycharmProjects\Alcohol Detection\dataset\Grupo_1\E_1_3\IriTech\E_1_3_1\E_1_3_1_R_5\via_region_data.json
E_1_3_1_R_M_N_N_1990_45_2017.bmp308278,Alcohol,C:\PycharmProjects\Alcohol Detection\dataset\Grupo_1\E_1_3\IriTech\E_1_3_1\E_1_3_1_R_5\via_region_data.json
E_1_3_1_R_M_N_N_1990_46_2017.bmp308278,Alcohol,C:\PycharmProjects\Alcohol Detection\dataset\Grupo_1\E_1_3\IriTech\E_1_3_1\E_1_3_1_R_5\via_region_data.json
E_1_3_1_R_M_N_N_1990_47_2017.bmp308278,Alcohol,C:\PycharmProjects\Alcohol Detection\dataset\Grupo_1\E_1_3\IriTech\E_1_3_1\E_1_3_1_R_5\via_region_data.json
E_1_3_1_R_M_N_N_1990_48_2017.bmp308278,Alcohol,C:\PycharmProjects\Alcohol Detection\dataset\Grupo_1\E_1_3\IriTech\E_1_3_1\E_1_3_1_R_5\via_region_data.json
E_1_3_1_R_M_N_N_1990_49_2017.bmp308278,Alcohol,C:\PycharmProjects\Alcohol Detection\dataset\Grupo_1\E_1_3\IriTech\E_1_3_1\E_1_3_1_R_5\via_region_data.json
E_1_3_1_R_M_N_N_1990_50_2017.bmp308278,Alcohol,C:\PycharmProjects\Alcohol Detection\dataset\Grupo_1\E_1_3\IriTech\E_1_3_1\E_1_3_1_R_5\via_region_data.json
E_1_3_1_R_M_N_N_1990_51_2017.bmp308278,Alcohol,C:\PycharmProjects\Alcohol Detection\dataset\Grupo_1\E_1_3\IriTech\E_1_3_1\E_1_3_1_R_5\via_region_data.json
E_1_3_1_R_M_N_N_1990_52_2017.bmp308278,Alcohol,C:\PycharmProjects\Alcohol Detection\dataset\Grupo_1\E_1_3\IriTech\E_1_3_1\E_1_3_1_R_5\via_region_data.json
E_1_3_1_R_M_N_N_1990_53_2017.bmp308278,Alcohol,C:\PycharmProjects\Alcohol Detection\dataset\Grupo_1\E_1_3\IriTech\E_1_3_1\E_1_3_1_R_5\via_region_data.json
E_1_3_1_R_M_N_N_1990_54_2017.bmp308278,Alcohol,C:\PycharmProjects\Alcohol Detection\dataset\Grupo_1\E_1_3\IriTech\E_1_3_1\E_1_3_1_R_5\via_region_data.json
E_1_3_1_R_M_N_N_1990_55_2017.bmp308278,Alcohol,C:\PycharmProjects\Alcohol Detection\dataset\Grupo_1\E_1_3\IriTech\E_1_3_1\E_1_3_1_R_5\via_region_data.json
E_1_3_1_R_M_N_N_1990_56_2017.bmp308278,Alcohol,C:\PycharmProjects\Alcohol Detection\dataset\Grupo_1\E_1_3\IriTech\E_1_3_1\E_1_3_1_R_5\via_region_data.json
E_1_3_1_R_M_N_N_1990_57_2017.bmp308278,Alcohol,C:\PycharmProjects\Alcohol Detection\dataset\Grupo_1\E_1_3\IriTech\E_1_3_1\E_1_3_1_R_5\via_region_data.json
E_1_3_1_R_M_N_N_1990_58_2017.bmp308278,Alcohol,C:\PycharmProjects\Alcohol Detection\dataset\Grupo_1\E_1_3\IriTech\E_1_3_1\E_1_3_1_R_5\via_region_data.json
E_1_3_1_R_M_N_N_1990_59_2017.bmp308278,Alcohol,C:\PycharmProjects\Alcohol Detection\dataset\Grupo_1\E_1_3\IriTech\E_1_3_1\E_1_3_1_R_5\via_region_data.json
E_1_3_1_R_M_N_N_1990_60_2017.bmp308278,Alcohol,C:\PycharmProjects\Alcohol Detection\dataset\Grupo_1\E_1_3\IriTech\E_1_3_1\E_1_3_1_R_5\via_region_data.json
E_1_3_1_R_M_N_N_1990_61_2017.bmp308278,Alcohol,C:\PycharmProjects\Alcohol Detection\dataset\Grupo_1\E_1_3\IriTech\E_1_3_1\E_1_3_1_R_5\via_region_data.json
E_1_3_1_R_M_N_N_1990_62_2017.bmp308278,Alcohol,C:\PycharmProjects\Alcohol Detection\dataset\Grupo_1\E_1_3\IriTech\E_1_3_1\E_1_3_1_R_5\via_region_data.json
E_1_3_1_R_M_N_N_1990_63_2017.bmp308278,Alcohol,C:\PycharmProjects\Alcohol Detection\dataset\Grupo_1\E_1_3\IriTech\E_1_3_1\E_1_3_1_R_5\via_region_data.json
E_1_3_1_R_M_N_N_1990_64_2017.bmp308278,Alcohol,C:\PycharmProjects\Alcohol Detection\dataset\Grupo_1\E_1_3\IriTech\E_1_3_1\E_1_3_1_R_5\via_region_data.json
E_1_3_1_R_M_N_N_1990_65_2017.bmp308278,Alcohol,C:\PycharmProjects\Alcohol Detection\dataset\Grupo_1\E_1_3\IriTech\E_1_3_1\E_1_3_1_R_5\via_region_data.json
E_1_3_1_R_M_N_N_1990_66_2017.bmp308278,Alcohol,C:\PycharmProjects\Alcohol Detection\dataset\Grupo_1\E_1_3\IriTech\E_1_3_1\E_1_3_1_R_5\via_region_data.json
E_1_3_1_R_M_N_N_1990_67_2017.bmp308278,Alcohol,C:\PycharmProjects\Alcohol Detection\dataset\Grupo_1\E_1_3\IriTech\E_1_3_1\E_1_3_1_R_5\via_region_data.json
E_1_3_1_R_M_N_N_1990_68_2017.bmp308278,Alcohol,C:\PycharmProjects\Alcohol Detection\dataset\Grupo_1\E_1_3\IriTech\E_1_3_1\E_1_3_1_R_5\via_region_data.json
E_1_3_1_R_M_N_N_1990_69_2017.bmp308278,Alcohol,C:\PycharmProjects\Alcohol Detection\dataset\Grupo_1\E_1_3\IriTech\E_1_3_1\E_1_3_1_R_5\via_region_data.json
E_1_3_1_R_M_N_N_1990_70_2017.bmp308278,Alcohol,C:\PycharmProjects\Alcohol Detection\dataset\Grupo_1\E_1_3\IriTech\E_1_3_1\E_1_3_1_R_5\via_region_data.json
E_1_3_1_R_M_N_N_1990_71_2017.bmp308278,Alcohol,C:\PycharmProjects\Alcohol Detection\dataset\Grupo_1\E_1_3\IriTech\E_1_3_1\E_1_3_1_R_5\via_region_data.json
E_1_3_1_R_M_N_N_1990_72_2017.bmp308278,Alcohol,C:\PycharmProjects\Alcohol Detection\dataset\Grupo_1\E_1_3\IriTech\E_1_3_1\E_1_3_1_R_5\via_region_data.json
E_1_3_1_R_M_N_N_1990_73_2017.bmp308278,Alcohol,C:\PycharmProjects\Alcohol Detection\dataset\Grupo_1\E_1_3\IriTech\E_1_3_1\E_1_3_1_R_5\via_region_data.json
E_1_3_1_R_M_N_N_1990_74_2017.bmp308278,Alcohol,C:\PycharmProjects\Alcohol Detection\dataset\Grupo_1\E_1_3\IriTech\E_1_3_1\E_1_3_1_R_5\via_region_data.json
E_1_3_1_R_M_N_N_1990_75_2017.bmp308278,Alcohol,C:\PycharmProjects\Alcohol Detection\dataset\Grupo_1\E_1_3\IriTech\E_1_3_1\E_1_3_1_R_5\via_region_data.json
E_1_3_1_R_M_N_N_1990_76_2017.bmp308278,Alcohol,C:\PycharmProjects\Alcohol Detection\dataset\Grupo_1\E_1_3\IriTech\E_1_3_1\E_1_3_1_R_5\via_region_data.json
E_1_3_2_L_M_N_N_1990_0_2017.bmp308278,Non-Alcohol,C:\PycharmProjects\Alcohol Detection\dataset\Grupo_1\E_1_3\IriTech\E_1_3_2\via_region_data.json
E_1_3_2_R_M_N_N_1990_0_2017.bmp308278,Non-Alcohol,C:\PycharmProjects\Alcohol Detection\dataset\Grupo_1\E_1_3\IriTech\E_1_3_2\via_region_data.json
E_1_3_2_L_M_N_N_1990_0_2017.bmp308278,Non-Alcohol,C:\PycharmProjects\Alcohol Detection\dataset\Grupo_1\E_1_3\IriTech\E_1_3_2\E_1_3_2_L_5\via_region_data.json
E_1_3_2_L_M_N_N_1990_1_2017.bmp308278,Alcohol,C:\PycharmProjects\Alcohol Detection\dataset\Grupo_1\E_1_3\IriTech\E_1_3_2\E_1_3_2_L_5\via_region_data.json
E_1_3_2_L_M_N_N_1990_2_2017.bmp308278,Alcohol,C:\PycharmProjects\Alcohol Detection\dataset\Grupo_1\E_1_3\IriTech\E_1_3_2\E_1_3_2_L_5\via_region_data.json
E_1_3_2_L_M_N_N_1990_3_2017.bmp308278,Alcohol,C:\PycharmProjects\Alcohol Detection\dataset\Grupo_1\E_1_3\IriTech\E_1_3_2\E_1_3_2_L_5\via_region_data.json
E_1_3_2_L_M_N_N_1990_4_2017.bmp308278,Alcohol,C:\PycharmProjects\Alcohol Detection\dataset\Grupo_1\E_1_3\IriTech\E_1_3_2\E_1_3_2_L_5\via_region_data.json
E_1_3_2_L_M_N_N_1990_5_2017.bmp308278,Alcohol,C:\PycharmProjects\Alcohol Detection\dataset\Grupo_1\E_1_3\IriTech\E_1_3_2\E_1_3_2_L_5\via_region_data.json
E_1_3_2_L_M_N_N_1990_6_2017.bmp308278,Alcohol,C:\PycharmProjects\Alcohol Detection\dataset\Grupo_1\E_1_3\IriTech\E_1_3_2\E_1_3_2_L_5\via_region_data.json
E_1_3_2_L_M_N_N_1990_7_2017.bmp308278,Alcohol,C:\PycharmProjects\Alcohol Detection\dataset\Grupo_1\E_1_3\IriTech\E_1_3_2\E_1_3_2_L_5\via_region_data.json
E_1_3_2_L_M_N_N_1990_8_2017.bmp308278,Alcohol,C:\PycharmProjects\Alcohol Detection\dataset\Grupo_1\E_1_3\IriTech\E_1_3_2\E_1_3_2_L_5\via_region_data.json
E_1_3_2_L_M_N_N_1990_9_2017.bmp308278,Alcohol,C:\PycharmProjects\Alcohol Detection\dataset\Grupo_1\E_1_3\IriTech\E_1_3_2\E_1_3_2_L_5\via_region_data.json
E_1_3_2_L_M_N_N_1990_10_2017.bmp308278,Alcohol,C:\PycharmProjects\Alcohol Detection\dataset\Grupo_1\E_1_3\IriTech\E_1_3_2\E_1_3_2_L_5\via_region_data.json
E_1_3_2_L_M_N_N_1990_11_2017.bmp308278,Alcohol,C:\PycharmProjects\Alcohol Detection\dataset\Grupo_1\E_1_3\IriTech\E_1_3_2\E_1_3_2_L_5\via_region_data.json
E_1_3_2_L_M_N_N_1990_12_2017.bmp308278,Alcohol,C:\PycharmProjects\Alcohol Detection\dataset\Grupo_1\E_1_3\IriTech\E_1_3_2\E_1_3_2_L_5\via_region_data.json
E_1_3_2_L_M_N_N_1990_13_2017.bmp308278,Alcohol,C:\PycharmProjects\Alcohol Detection\dataset\Grupo_1\E_1_3\IriTech\E_1_3_2\E_1_3_2_L_5\via_region_data.json
E_1_3_2_L_M_N_N_1990_14_2017.bmp308278,Alcohol,C:\PycharmProjects\Alcohol Detection\dataset\Grupo_1\E_1_3\IriTech\E_1_3_2\E_1_3_2_L_5\via_region_data.json
E_1_3_2_L_M_N_N_1990_15_2017.bmp308278,Alcohol,C:\PycharmProjects\Alcohol Detection\dataset\Grupo_1\E_1_3\IriTech\E_1_3_2\E_1_3_2_L_5\via_region_data.json
E_1_3_2_L_M_N_N_1990_16_2017.bmp308278,Alcohol,C:\PycharmProjects\Alcohol Detection\dataset\Grupo_1\E_1_3\IriTech\E_1_3_2\E_1_3_2_L_5\via_region_data.json
E_1_3_2_L_M_N_N_1990_17_2017.bmp308278,Alcohol,C:\PycharmProjects\Alcohol Detection\dataset\Grupo_1\E_1_3\IriTech\E_1_3_2\E_1_3_2_L_5\via_region_data.json
E_1_3_2_L_M_N_N_1990_18_2017.bmp308278,Alcohol,C:\PycharmProjects\Alcohol Detection\dataset\Grupo_1\E_1_3\IriTech\E_1_3_2\E_1_3_2_L_5\via_region_data.json
E_1_3_2_L_M_N_N_1990_19_2017.bmp308278,Alcohol,C:\PycharmProjects\Alcohol Detection\dataset\Grupo_1\E_1_3\IriTech\E_1_3_2\E_1_3_2_L_5\via_region_data.json
E_1_3_2_L_M_N_N_1990_20_2017.bmp308278,Alcohol,C:\PycharmProjects\Alcohol Detection\dataset\Grupo_1\E_1_3\IriTech\E_1_3_2\E_1_3_2_L_5\via_region_data.json
E_1_3_2_L_M_N_N_1990_21_2017.bmp308278,Alcohol,C:\PycharmProjects\Alcohol Detection\dataset\Grupo_1\E_1_3\IriTech\E_1_3_2\E_1_3_2_L_5\via_region_data.json
E_1_3_2_L_M_N_N_1990_22_2017.bmp308278,Alcohol,C:\PycharmProjects\Alcohol Detection\dataset\Grupo_1\E_1_3\IriTech\E_1_3_2\E_1_3_2_L_5\via_region_data.json
E_1_3_2_L_M_N_N_1990_23_2017.bmp308278,Alcohol,C:\PycharmProjects\Alcohol Detection\dataset\Grupo_1\E_1_3\IriTech\E_1_3_2\E_1_3_2_L_5\via_region_data.json
E_1_3_2_L_M_N_N_1990_24_2017.bmp308278,Alcohol,C:\PycharmProjects\Alcohol Detection\dataset\Grupo_1\E_1_3\IriTech\E_1_3_2\E_1_3_2_L_5\via_region_data.json
E_1_3_2_L_M_N_N_1990_25_2017.bmp308278,Alcohol,C:\PycharmProjects\Alcohol Detection\dataset\Grupo_1\E_1_3\IriTech\E_1_3_2\E_1_3_2_L_5\via_region_data.json
E_1_3_2_L_M_N_N_1990_26_2017.bmp308278,Alcohol,C:\PycharmProjects\Alcohol Detection\dataset\Grupo_1\E_1_3\IriTech\E_1_3_2\E_1_3_2_L_5\via_region_data.json
E_1_3_2_L_M_N_N_1990_27_2017.bmp308278,Alcohol,C:\PycharmProjects\Alcohol Detection\dataset\Grupo_1\E_1_3\IriTech\E_1_3_2\E_1_3_2_L_5\via_region_data.json
E_1_3_2_L_M_N_N_1990_28_2017.bmp308278,Alcohol,C:\PycharmProjects\Alcohol Detection\dataset\Grupo_1\E_1_3\IriTech\E_1_3_2\E_1_3_2_L_5\via_region_data.json
E_1_3_2_L_M_N_N_1990_29_2017.bmp308278,Alcohol,C:\PycharmProjects\Alcohol Detection\dataset\Grupo_1\E_1_3\IriTech\E_1_3_2\E_1_3_2_L_5\via_region_data.json
E_1_3_2_L_M_N_N_1990_30_2017.bmp308278,Alcohol,C:\PycharmProjects\Alcohol Detection\dataset\Grupo_1\E_1_3\IriTech\E_1_3_2\E_1_3_2_L_5\via_region_data.json
E_1_3_2_L_M_N_N_1990_31_2017.bmp308278,Alcohol,C:\PycharmProjects\Alcohol Detection\dataset\Grupo_1\E_1_3\IriTech\E_1_3_2\E_1_3_2_L_5\via_region_data.json
E_1_3_2_L_M_N_N_1990_32_2017.bmp308278,Alcohol,C:\PycharmProjects\Alcohol Detection\dataset\Grupo_1\E_1_3\IriTech\E_1_3_2\E_1_3_2_L_5\via_region_data.json
E_1_3_2_L_M_N_N_1990_33_2017.bmp308278,Alcohol,C:\PycharmProjects\Alcohol Detection\dataset\Grupo_1\E_1_3\IriTech\E_1_3_2\E_1_3_2_L_5\via_region_data.json
E_1_3_2_L_M_N_N_1990_34_2017.bmp308278,Alcohol,C:\PycharmProjects\Alcohol Detection\dataset\Grupo_1\E_1_3\IriTech\E_1_3_2\E_1_3_2_L_5\via_region_data.json
E_1_3_2_L_M_N_N_1990_35_2017.bmp308278,Alcohol,C:\PycharmProjects\Alcohol Detection\dataset\Grupo_1\E_1_3\IriTech\E_1_3_2\E_1_3_2_L_5\via_region_data.json
E_1_3_2_L_M_N_N_1990_36_2017.bmp308278,Alcohol,C:\PycharmProjects\Alcohol Detection\dataset\Grupo_1\E_1_3\IriTech\E_1_3_2\E_1_3_2_L_5\via_region_data.json
E_1_3_2_L_M_N_N_1990_37_2017.bmp308278,Alcohol,C:\PycharmProjects\Alcohol Detection\dataset\Grupo_1\E_1_3\IriTech\E_1_3_2\E_1_3_2_L_5\via_region_data.json
E_1_3_2_L_M_N_N_1990_38_2017.bmp308278,Alcohol,C:\PycharmProjects\Alcohol Detection\dataset\Grupo_1\E_1_3\IriTech\E_1_3_2\E_1_3_2_L_5\via_region_data.json
E_1_3_2_L_M_N_N_1990_39_2017.bmp308278,Alcohol,C:\PycharmProjects\Alcohol Detection\dataset\Grupo_1\E_1_3\IriTech\E_1_3_2\E_1_3_2_L_5\via_region_data.json
E_1_3_2_L_M_N_N_1990_40_2017.bmp308278,Alcohol,C:\PycharmProjects\Alcohol Detection\dataset\Grupo_1\E_1_3\IriTech\E_1_3_2\E_1_3_2_L_5\via_region_data.json
E_1_3_2_L_M_N_N_1990_41_2017.bmp308278,Alcohol,C:\PycharmProjects\Alcohol Detection\dataset\Grupo_1\E_1_3\IriTech\E_1_3_2\E_1_3_2_L_5\via_region_data.json
E_1_3_2_L_M_N_N_1990_42_2017.bmp308278,Alcohol,C:\PycharmProjects\Alcohol Detection\dataset\Grupo_1\E_1_3\IriTech\E_1_3_2\E_1_3_2_L_5\via_region_data.json
E_1_3_2_L_M_N_N_1990_43_2017.bmp308278,Alcohol,C:\PycharmProjects\Alcohol Detection\dataset\Grupo_1\E_1_3\IriTech\E_1_3_2\E_1_3_2_L_5\via_region_data.json
E_1_3_2_L_M_N_N_1990_44_2017.bmp308278,Alcohol,C:\PycharmProjects\Alcohol Detection\dataset\Grupo_1\E_1_3\IriTech\E_1_3_2\E_1_3_2_L_5\via_region_data.json
E_1_3_2_L_M_N_N_1990_45_2017.bmp308278,Alcohol,C:\PycharmProjects\Alcohol Detection\dataset\Grupo_1\E_1_3\IriTech\E_1_3_2\E_1_3_2_L_5\via_region_data.json
E_1_3_2_L_M_N_N_1990_46_2017.bmp308278,Alcohol,C:\PycharmProjects\Alcohol Detection\dataset\Grupo_1\E_1_3\IriTech\E_1_3_2\E_1_3_2_L_5\via_region_data.json
E_1_3_2_L_M_N_N_1990_47_2017.bmp308278,Alcohol,C:\PycharmProjects\Alcohol Detection\dataset\Grupo_1\E_1_3\IriTech\E_1_3_2\E_1_3_2_L_5\via_region_data.json
E_1_3_2_L_M_N_N_1990_48_2017.bmp308278,Alcohol,C:\PycharmProjects\Alcohol Detection\dataset\Grupo_1\E_1_3\IriTech\E_1_3_2\E_1_3_2_L_5\via_region_data.json
E_1_3_2_L_M_N_N_1990_49_2017.bmp308278,Alcohol,C:\PycharmProjects\Alcohol Detection\dataset\Grupo_1\E_1_3\IriTech\E_1_3_2\E_1_3_2_L_5\via_region_data.json
E_1_3_2_L_M_N_N_1990_50_2017.bmp308278,Alcohol,C:\PycharmProjects\Alcohol Detection\dataset\Grupo_1\E_1_3\IriTech\E_1_3_2\E_1_3_2_L_5\via_region_data.json
E_1_3_2_L_M_N_N_1990_51_2017.bmp308278,Alcohol,C:\PycharmProjects\Alcohol Detection\dataset\Grupo_1\E_1_3\IriTech\E_1_3_2\E_1_3_2_L_5\via_region_data.json
E_1_3_2_L_M_N_N_1990_52_2017.bmp308278,Alcohol,C:\PycharmProjects\Alcohol Detection\dataset\Grupo_1\E_1_3\IriTech\E_1_3_2\E_1_3_2_L_5\via_region_data.json
E_1_3_2_L_M_N_N_1990_53_2017.bmp308278,Alcohol,C:\PycharmProjects\Alcohol Detection\dataset\Grupo_1\E_1_3\IriTech\E_1_3_2\E_1_3_2_L_5\via_region_data.json
E_1_3_2_L_M_N_N_1990_54_2017.bmp308278,Alcohol,C:\PycharmProjects\Alcohol Detection\dataset\Grupo_1\E_1_3\IriTech\E_1_3_2\E_1_3_2_L_5\via_region_data.json
E_1_3_2_L_M_N_N_1990_55_2017.bmp308278,Alcohol,C:\PycharmProjects\Alcohol Detection\dataset\Grupo_1\E_1_3\IriTech\E_1_3_2\E_1_3_2_L_5\via_region_data.json
E_1_3_2_L_M_N_N_1990_56_2017.bmp308278,Alcohol,C:\PycharmProjects\Alcohol Detection\dataset\Grupo_1\E_1_3\IriTech\E_1_3_2\E_1_3_2_L_5\via_region_data.json
E_1_3_2_L_M_N_N_1990_57_2017.bmp308278,Alcohol,C:\PycharmProjects\Alcohol Detection\dataset\Grupo_1\E_1_3\IriTech\E_1_3_2\E_1_3_2_L_5\via_region_data.json
E_1_3_2_L_M_N_N_1990_58_2017.bmp308278,Alcohol,C:\PycharmProjects\Alcohol Detection\dataset\Grupo_1\E_1_3\IriTech\E_1_3_2\E_1_3_2_L_5\via_region_data.json
E_1_3_2_L_M_N_N_1990_59_2017.bmp308278,Alcohol,C:\PycharmProjects\Alcohol Detection\dataset\Grupo_1\E_1_3\IriTech\E_1_3_2\E_1_3_2_L_5\via_region_data.json
E_1_3_2_L_M_N_N_1990_60_2017.bmp308278,Alcohol,C:\PycharmProjects\Alcohol Detection\dataset\Grupo_1\E_1_3\IriTech\E_1_3_2\E_1_3_2_L_5\via_region_data.json
E_1_3_2_L_M_N_N_1990_61_2017.bmp308278,Alcohol,C:\PycharmProjects\Alcohol Detection\dataset\Grupo_1\E_1_3\IriTech\E_1_3_2\E_1_3_2_L_5\via_region_data.json
E_1_3_2_L_M_N_N_1990_62_2017.bmp308278,Alcohol,C:\PycharmProjects\Alcohol Detection\dataset\Grupo_1\E_1_3\IriTech\E_1_3_2\E_1_3_2_L_5\via_region_data.json
E_1_3_2_L_M_N_N_1990_63_2017.bmp308278,Alcohol,C:\PycharmProjects\Alcohol Detection\dataset\Grupo_1\E_1_3\IriTech\E_1_3_2\E_1_3_2_L_5\via_region_data.json
E_1_3_2_L_M_N_N_1990_64_2017.bmp308278,Alcohol,C:\PycharmProjects\Alcohol Detection\dataset\Grupo_1\E_1_3\IriTech\E_1_3_2\E_1_3_2_L_5\via_region_data.json
E_1_3_2_L_M_N_N_1990_65_2017.bmp308278,Alcohol,C:\PycharmProjects\Alcohol Detection\dataset\Grupo_1\E_1_3\IriTech\E_1_3_2\E_1_3_2_L_5\via_region_data.json
E_1_3_2_L_M_N_N_1990_66_2017.bmp308278,Alcohol,C:\PycharmProjects\Alcohol Detection\dataset\Grupo_1\E_1_3\IriTech\E_1_3_2\E_1_3_2_L_5\via_region_data.json
E_1_3_2_L_M_N_N_1990_67_2017.bmp308278,Alcohol,C:\PycharmProjects\Alcohol Detection\dataset\Grupo_1\E_1_3\IriTech\E_1_3_2\E_1_3_2_L_5\via_region_data.json
E_1_3_2_L_M_N_N_1990_68_2017.bmp308278,Alcohol,C:\PycharmProjects\Alcohol Detection\dataset\Grupo_1\E_1_3\IriTech\E_1_3_2\E_1_3_2_L_5\via_region_data.json
E_1_3_2_L_M_N_N_1990_69_2017.bmp308278,Alcohol,C:\PycharmProjects\Alcohol Detection\dataset\Grupo_1\E_1_3\IriTech\E_1_3_2\E_1_3_2_L_5\via_region_data.json
E_1_3_2_L_M_N_N_1990_70_2017.bmp308278,Alcohol,C:\PycharmProjects\Alcohol Detection\dataset\Grupo_1\E_1_3\IriTech\E_1_3_2\E_1_3_2_L_5\via_region_data.json
E_1_3_2_L_M_N_N_1990_71_2017.bmp308278,Alcohol,C:\PycharmProjects\Alcohol Detection\dataset\Grupo_1\E_1_3\IriTech\E_1_3_2\E_1_3_2_L_5\via_region_data.json
E_1_3_2_L_M_N_N_1990_72_2017.bmp308278,Alcohol,C:\PycharmProjects\Alcohol Detection\dataset\Grupo_1\E_1_3\IriTech\E_1_3_2\E_1_3_2_L_5\via_region_data.json
E_1_3_2_L_M_N_N_1990_73_2017.bmp308278,Alcohol,C:\PycharmProjects\Alcohol Detection\dataset\Grupo_1\E_1_3\IriTech\E_1_3_2\E_1_3_2_L_5\via_region_data.json
E_1_3_2_L_M_N_N_1990_74_2017.bmp308278,Alcohol,C:\PycharmProjects\Alcohol Detection\dataset\Grupo_1\E_1_3\IriTech\E_1_3_2\E_1_3_2_L_5\via_region_data.json
E_1_3_2_L_M_N_N_1990_75_2017.bmp308278,Alcohol,C:\PycharmProjects\Alcohol Detection\dataset\Grupo_1\E_1_3\IriTech\E_1_3_2\E_1_3_2_L_5\via_region_data.json
E_1_3_2_L_M_N_N_1990_76_2017.bmp308278,Alcohol,C:\PycharmProjects\Alcohol Detection\dataset\Grupo_1\E_1_3\IriTech\E_1_3_2\E_1_3_2_L_5\via_region_data.json
E_1_3_2_L_M_N_N_1990_77_2017.bmp308278,Alcohol,C:\PycharmProjects\Alcohol Detection\dataset\Grupo_1\E_1_3\IriTech\E_1_3_2\E_1_3_2_L_5\via_region_data.json
E_1_3_2_L_M_N_N_1990_78_2017.bmp308278,Alcohol,C:\PycharmProjects\Alcohol Detection\dataset\Grupo_1\E_1_3\IriTech\E_1_3_2\E_1_3_2_L_5\via_region_data.json
E_1_3_2_L_M_N_N_1990_79_2017.bmp308278,Alcohol,C:\PycharmProjects\Alcohol Detection\dataset\Grupo_1\E_1_3\IriTech\E_1_3_2\E_1_3_2_L_5\via_region_data.json
E_1_3_2_L_M_N_N_1990_80_2017.bmp308278,Alcohol,C:\PycharmProjects\Alcohol Detection\dataset\Grupo_1\E_1_3\IriTech\E_1_3_2\E_1_3_2_L_5\via_region_data.json
E_1_3_2_L_M_N_N_1990_81_2017.bmp308278,Alcohol,C:\PycharmProjects\Alcohol Detection\dataset\Grupo_1\E_1_3\IriTech\E_1_3_2\E_1_3_2_L_5\via_region_data.json
E_1_3_2_L_M_N_N_1990_82_2017.bmp308278,Alcohol,C:\PycharmProjects\Alcohol Detection\dataset\Grupo_1\E_1_3\IriTech\E_1_3_2\E_1_3_2_L_5\via_region_data.json
E_1_3_2_L_M_N_N_1990_83_2017.bmp308278,Alcohol,C:\PycharmProjects\Alcohol Detection\dataset\Grupo_1\E_1_3\IriTech\E_1_3_2\E_1_3_2_L_5\via_region_data.json
E_1_3_2_L_M_N_N_1990_84_2017.bmp308278,Alcohol,C:\PycharmProjects\Alcohol Detection\dataset\Grupo_1\E_1_3\IriTech\E_1_3_2\E_1_3_2_L_5\via_region_data.json
E_1_3_2_R_M_N_N_1990_0_2017.bmp308278,Non-Alcohol,C:\PycharmProjects\Alcohol Detection\dataset\Grupo_1\E_1_3\IriTech\E_1_3_2\E_1_3_2_R_5\via_region_data.json
E_1_3_2_R_M_N_N_1990_1_2017.bmp308278,Alcohol,C:\PycharmProjects\Alcohol Detection\dataset\Grupo_1\E_1_3\IriTech\E_1_3_2\E_1_3_2_R_5\via_region_data.json
E_1_3_2_R_M_N_N_1990_2_2017.bmp308278,Alcohol,C:\PycharmProjects\Alcohol Detection\dataset\Grupo_1\E_1_3\IriTech\E_1_3_2\E_1_3_2_R_5\via_region_data.json
E_1_3_2_R_M_N_N_1990_3_2017.bmp308278,Alcohol,C:\PycharmProjects\Alcohol Detection\dataset\Grupo_1\E_1_3\IriTech\E_1_3_2\E_1_3_2_R_5\via_region_data.json
E_1_3_2_R_M_N_N_1990_4_2017.bmp308278,Alcohol,C:\PycharmProjects\Alcohol Detection\dataset\Grupo_1\E_1_3\IriTech\E_1_3_2\E_1_3_2_R_5\via_region_data.json
E_1_3_2_R_M_N_N_1990_5_2017.bmp308278,Alcohol,C:\PycharmProjects\Alcohol Detection\dataset\Grupo_1\E_1_3\IriTech\E_1_3_2\E_1_3_2_R_5\via_region_data.json
E_1_3_2_R_M_N_N_1990_6_2017.bmp308278,Alcohol,C:\PycharmProjects\Alcohol Detection\dataset\Grupo_1\E_1_3\IriTech\E_1_3_2\E_1_3_2_R_5\via_region_data.json
E_1_3_2_R_M_N_N_1990_7_2017.bmp308278,Alcohol,C:\PycharmProjects\Alcohol Detection\dataset\Grupo_1\E_1_3\IriTech\E_1_3_2\E_1_3_2_R_5\via_region_data.json
E_1_3_2_R_M_N_N_1990_8_2017.bmp308278,Alcohol,C:\PycharmProjects\Alcohol Detection\dataset\Grupo_1\E_1_3\IriTech\E_1_3_2\E_1_3_2_R_5\via_region_data.json
E_1_3_2_R_M_N_N_1990_9_2017.bmp308278,Alcohol,C:\PycharmProjects\Alcohol Detection\dataset\Grupo_1\E_1_3\IriTech\E_1_3_2\E_1_3_2_R_5\via_region_data.json
E_1_3_2_R_M_N_N_1990_10_2017.bmp308278,Alcohol,C:\PycharmProjects\Alcohol Detection\dataset\Grupo_1\E_1_3\IriTech\E_1_3_2\E_1_3_2_R_5\via_region_data.json
E_1_3_2_R_M_N_N_1990_11_2017.bmp308278,Alcohol,C:\PycharmProjects\Alcohol Detection\dataset\Grupo_1\E_1_3\IriTech\E_1_3_2\E_1_3_2_R_5\via_region_data.json
E_1_3_2_R_M_N_N_1990_12_2017.bmp308278,Alcohol,C:\PycharmProjects\Alcohol Detection\dataset\Grupo_1\E_1_3\IriTech\E_1_3_2\E_1_3_2_R_5\via_region_data.json
E_1_3_2_R_M_N_N_1990_13_2017.bmp308278,Alcohol,C:\PycharmProjects\Alcohol Detection\dataset\Grupo_1\E_1_3\IriTech\E_1_3_2\E_1_3_2_R_5\via_region_data.json
E_1_3_2_R_M_N_N_1990_14_2017.bmp308278,Alcohol,C:\PycharmProjects\Alcohol Detection\dataset\Grupo_1\E_1_3\IriTech\E_1_3_2\E_1_3_2_R_5\via_region_data.json
E_1_3_2_R_M_N_N_1990_15_2017.bmp308278,Alcohol,C:\PycharmProjects\Alcohol Detection\dataset\Grupo_1\E_1_3\IriTech\E_1_3_2\E_1_3_2_R_5\via_region_data.json
E_1_3_2_R_M_N_N_1990_16_2017.bmp308278,Alcohol,C:\PycharmProjects\Alcohol Detection\dataset\Grupo_1\E_1_3\IriTech\E_1_3_2\E_1_3_2_R_5\via_region_data.json
E_1_3_2_R_M_N_N_1990_17_2017.bmp308278,Alcohol,C:\PycharmProjects\Alcohol Detection\dataset\Grupo_1\E_1_3\IriTech\E_1_3_2\E_1_3_2_R_5\via_region_data.json
E_1_3_2_R_M_N_N_1990_18_2017.bmp308278,Alcohol,C:\PycharmProjects\Alcohol Detection\dataset\Grupo_1\E_1_3\IriTech\E_1_3_2\E_1_3_2_R_5\via_region_data.json
E_1_3_2_R_M_N_N_1990_19_2017.bmp308278,Alcohol,C:\PycharmProjects\Alcohol Detection\dataset\Grupo_1\E_1_3\IriTech\E_1_3_2\E_1_3_2_R_5\via_region_data.json
E_1_3_2_R_M_N_N_1990_20_2017.bmp308278,Alcohol,C:\PycharmProjects\Alcohol Detection\dataset\Grupo_1\E_1_3\IriTech\E_1_3_2\E_1_3_2_R_5\via_region_data.json
E_1_3_2_R_M_N_N_1990_21_2017.bmp308278,Alcohol,C:\PycharmProjects\Alcohol Detection\dataset\Grupo_1\E_1_3\IriTech\E_1_3_2\E_1_3_2_R_5\via_region_data.json
E_1_3_2_R_M_N_N_1990_22_2017.bmp308278,Alcohol,C:\PycharmProjects\Alcohol Detection\dataset\Grupo_1\E_1_3\IriTech\E_1_3_2\E_1_3_2_R_5\via_region_data.json
E_1_3_2_R_M_N_N_1990_23_2017.bmp308278,Alcohol,C:\PycharmProjects\Alcohol Detection\dataset\Grupo_1\E_1_3\IriTech\E_1_3_2\E_1_3_2_R_5\via_region_data.json
E_1_3_2_R_M_N_N_1990_24_2017.bmp308278,Alcohol,C:\PycharmProjects\Alcohol Detection\dataset\Grupo_1\E_1_3\IriTech\E_1_3_2\E_1_3_2_R_5\via_region_data.json
E_1_3_2_R_M_N_N_1990_25_2017.bmp308278,Alcohol,C:\PycharmProjects\Alcohol Detection\dataset\Grupo_1\E_1_3\IriTech\E_1_3_2\E_1_3_2_R_5\via_region_data.json
E_1_3_2_R_M_N_N_1990_26_2017.bmp308278,Alcohol,C:\PycharmProjects\Alcohol Detection\dataset\Grupo_1\E_1_3\IriTech\E_1_3_2\E_1_3_2_R_5\via_region_data.json
E_1_3_2_R_M_N_N_1990_27_2017.bmp308278,Alcohol,C:\PycharmProjects\Alcohol Detection\dataset\Grupo_1\E_1_3\IriTech\E_1_3_2\E_1_3_2_R_5\via_region_data.json
E_1_3_2_R_M_N_N_1990_28_2017.bmp308278,Alcohol,C:\PycharmProjects\Alcohol Detection\dataset\Grupo_1\E_1_3\IriTech\E_1_3_2\E_1_3_2_R_5\via_region_data.json
E_1_3_2_R_M_N_N_1990_29_2017.bmp308278,Alcohol,C:\PycharmProjects\Alcohol Detection\dataset\Grupo_1\E_1_3\IriTech\E_1_3_2\E_1_3_2_R_5\via_region_data.json
E_1_3_2_R_M_N_N_1990_30_2017.bmp308278,Alcohol,C:\PycharmProjects\Alcohol Detection\dataset\Grupo_1\E_1_3\IriTech\E_1_3_2\E_1_3_2_R_5\via_region_data.json
E_1_3_2_R_M_N_N_1990_31_2017.bmp308278,Alcohol,C:\PycharmProjects\Alcohol Detection\dataset\Grupo_1\E_1_3\IriTech\E_1_3_2\E_1_3_2_R_5\via_region_data.json
E_1_3_2_R_M_N_N_1990_32_2017.bmp308278,Alcohol,C:\PycharmProjects\Alcohol Detection\dataset\Grupo_1\E_1_3\IriTech\E_1_3_2\E_1_3_2_R_5\via_region_data.json
E_1_3_2_R_M_N_N_1990_33_2017.bmp308278,Alcohol,C:\PycharmProjects\Alcohol Detection\dataset\Grupo_1\E_1_3\IriTech\E_1_3_2\E_1_3_2_R_5\via_region_data.json
E_1_3_2_R_M_N_N_1990_34_2017.bmp308278,Alcohol,C:\PycharmProjects\Alcohol Detection\dataset\Grupo_1\E_1_3\IriTech\E_1_3_2\E_1_3_2_R_5\via_region_data.json
E_1_3_2_R_M_N_N_1990_35_2017.bmp308278,Alcohol,C:\PycharmProjects\Alcohol Detection\dataset\Grupo_1\E_1_3\IriTech\E_1_3_2\E_1_3_2_R_5\via_region_data.json
E_1_3_2_R_M_N_N_1990_36_2017.bmp308278,Alcohol,C:\PycharmProjects\Alcohol Detection\dataset\Grupo_1\E_1_3\IriTech\E_1_3_2\E_1_3_2_R_5\via_region_data.json
E_1_3_2_R_M_N_N_1990_37_2017.bmp308278,Alcohol,C:\PycharmProjects\Alcohol Detection\dataset\Grupo_1\E_1_3\IriTech\E_1_3_2\E_1_3_2_R_5\via_region_data.json
E_1_3_2_R_M_N_N_1990_38_2017.bmp308278,Alcohol,C:\PycharmProjects\Alcohol Detection\dataset\Grupo_1\E_1_3\IriTech\E_1_3_2\E_1_3_2_R_5\via_region_data.json
E_1_3_2_R_M_N_N_1990_39_2017.bmp308278,Alcohol,C:\PycharmProjects\Alcohol Detection\dataset\Grupo_1\E_1_3\IriTech\E_1_3_2\E_1_3_2_R_5\via_region_data.json
E_1_3_2_R_M_N_N_1990_40_2017.bmp308278,Alcohol,C:\PycharmProjects\Alcohol Detection\dataset\Grupo_1\E_1_3\IriTech\E_1_3_2\E_1_3_2_R_5\via_region_data.json
E_1_3_2_R_M_N_N_1990_41_2017.bmp308278,Alcohol,C:\PycharmProjects\Alcohol Detection\dataset\Grupo_1\E_1_3\IriTech\E_1_3_2\E_1_3_2_R_5\via_region_data.json
E_1_3_2_R_M_N_N_1990_42_2017.bmp308278,Alcohol,C:\PycharmProjects\Alcohol Detection\dataset\Grupo_1\E_1_3\IriTech\E_1_3_2\E_1_3_2_R_5\via_region_data.json
E_1_3_2_R_M_N_N_1990_43_2017.bmp308278,Alcohol,C:\PycharmProjects\Alcohol Detection\dataset\Grupo_1\E_1_3\IriTech\E_1_3_2\E_1_3_2_R_5\via_region_data.json
E_1_3_2_R_M_N_N_1990_44_2017.bmp308278,Alcohol,C:\PycharmProjects\Alcohol Detection\dataset\Grupo_1\E_1_3\IriTech\E_1_3_2\E_1_3_2_R_5\via_region_data.json
E_1_3_2_R_M_N_N_1990_45_2017.bmp308278,Alcohol,C:\PycharmProjects\Alcohol Detection\dataset\Grupo_1\E_1_3\IriTech\E_1_3_2\E_1_3_2_R_5\via_region_data.json
E_1_3_2_R_M_N_N_1990_46_2017.bmp308278,Alcohol,C:\PycharmProjects\Alcohol Detection\dataset\Grupo_1\E_1_3\IriTech\E_1_3_2\E_1_3_2_R_5\via_region_data.json
E_1_3_2_R_M_N_N_1990_47_2017.bmp308278,Alcohol,C:\PycharmProjects\Alcohol Detection\dataset\Grupo_1\E_1_3\IriTech\E_1_3_2\E_1_3_2_R_5\via_region_data.json
E_1_3_2_R_M_N_N_1990_48_2017.bmp308278,Alcohol,C:\PycharmProjects\Alcohol Detection\dataset\Grupo_1\E_1_3\IriTech\E_1_3_2\E_1_3_2_R_5\via_region_data.json
E_1_3_2_R_M_N_N_1990_49_2017.bmp308278,Alcohol,C:\PycharmProjects\Alcohol Detection\dataset\Grupo_1\E_1_3\IriTech\E_1_3_2\E_1_3_2_R_5\via_region_data.json
E_1_3_2_R_M_N_N_1990_50_2017.bmp308278,Alcohol,C:\PycharmProjects\Alcohol Detection\dataset\Grupo_1\E_1_3\IriTech\E_1_3_2\E_1_3_2_R_5\via_region_data.json
E_1_3_2_R_M_N_N_1990_51_2017.bmp308278,Alcohol,C:\PycharmProjects\Alcohol Detection\dataset\Grupo_1\E_1_3\IriTech\E_1_3_2\E_1_3_2_R_5\via_region_data.json
E_1_3_2_R_M_N_N_1990_52_2017.bmp308278,Alcohol,C:\PycharmProjects\Alcohol Detection\dataset\Grupo_1\E_1_3\IriTech\E_1_3_2\E_1_3_2_R_5\via_region_data.json
E_1_3_2_R_M_N_N_1990_53_2017.bmp308278,Alcohol,C:\PycharmProjects\Alcohol Detection\dataset\Grupo_1\E_1_3\IriTech\E_1_3_2\E_1_3_2_R_5\via_region_data.json
E_1_3_2_R_M_N_N_1990_54_2017.bmp308278,Alcohol,C:\PycharmProjects\Alcohol Detection\dataset\Grupo_1\E_1_3\IriTech\E_1_3_2\E_1_3_2_R_5\via_region_data.json
E_1_3_2_R_M_N_N_1990_55_2017.bmp308278,Alcohol,C:\PycharmProjects\Alcohol Detection\dataset\Grupo_1\E_1_3\IriTech\E_1_3_2\E_1_3_2_R_5\via_region_data.json
E_1_3_2_R_M_N_N_1990_56_2017.bmp308278,Alcohol,C:\PycharmProjects\Alcohol Detection\dataset\Grupo_1\E_1_3\IriTech\E_1_3_2\E_1_3_2_R_5\via_region_data.json
E_1_3_2_R_M_N_N_1990_57_2017.bmp308278,Alcohol,C:\PycharmProjects\Alcohol Detection\dataset\Grupo_1\E_1_3\IriTech\E_1_3_2\E_1_3_2_R_5\via_region_data.json
E_1_3_2_R_M_N_N_1990_58_2017.bmp308278,Alcohol,C:\PycharmProjects\Alcohol Detection\dataset\Grupo_1\E_1_3\IriTech\E_1_3_2\E_1_3_2_R_5\via_region_data.json
E_1_3_2_R_M_N_N_1990_59_2017.bmp308278,Alcohol,C:\PycharmProjects\Alcohol Detection\dataset\Grupo_1\E_1_3\IriTech\E_1_3_2\E_1_3_2_R_5\via_region_data.json
E_1_3_2_R_M_N_N_1990_60_2017.bmp308278,Alcohol,C:\PycharmProjects\Alcohol Detection\dataset\Grupo_1\E_1_3\IriTech\E_1_3_2\E_1_3_2_R_5\via_region_data.json
E_1_3_2_R_M_N_N_1990_61_2017.bmp308278,Alcohol,C:\PycharmProjects\Alcohol Detection\dataset\Grupo_1\E_1_3\IriTech\E_1_3_2\E_1_3_2_R_5\via_region_data.json
E_1_3_2_R_M_N_N_1990_62_2017.bmp308278,Alcohol,C:\PycharmProjects\Alcohol Detection\dataset\Grupo_1\E_1_3\IriTech\E_1_3_2\E_1_3_2_R_5\via_region_data.json
E_1_3_2_R_M_N_N_1990_63_2017.bmp308278,Alcohol,C:\PycharmProjects\Alcohol Detection\dataset\Grupo_1\E_1_3\IriTech\E_1_3_2\E_1_3_2_R_5\via_region_data.json
E_1_3_2_R_M_N_N_1990_64_2017.bmp308278,Alcohol,C:\PycharmProjects\Alcohol Detection\dataset\Grupo_1\E_1_3\IriTech\E_1_3_2\E_1_3_2_R_5\via_region_data.json
E_1_3_2_R_M_N_N_1990_65_2017.bmp308278,Alcohol,C:\PycharmProjects\Alcohol Detection\dataset\Grupo_1\E_1_3\IriTech\E_1_3_2\E_1_3_2_R_5\via_region_data.json
E_1_3_2_R_M_N_N_1990_66_2017.bmp308278,Alcohol,C:\PycharmProjects\Alcohol Detection\dataset\Grupo_1\E_1_3\IriTech\E_1_3_2\E_1_3_2_R_5\via_region_data.json
E_1_3_2_R_M_N_N_1990_67_2017.bmp308278,Alcohol,C:\PycharmProjects\Alcohol Detection\dataset\Grupo_1\E_1_3\IriTech\E_1_3_2\E_1_3_2_R_5\via_region_data.json
E_1_3_2_R_M_N_N_1990_68_2017.bmp308278,Alcohol,C:\PycharmProjects\Alcohol Detection\dataset\Grupo_1\E_1_3\IriTech\E_1_3_2\E_1_3_2_R_5\via_region_data.json
E_1_3_2_R_M_N_N_1990_69_2017.bmp308278,Alcohol,C:\PycharmProjects\Alcohol Detection\dataset\Grupo_1\E_1_3\IriTech\E_1_3_2\E_1_3_2_R_5\via_region_data.json
E_1_3_2_R_M_N_N_1990_70_2017.bmp308278,Alcohol,C:\PycharmProjects\Alcohol Detection\dataset\Grupo_1\E_1_3\IriTech\E_1_3_2\E_1_3_2_R_5\via_region_data.json
E_1_3_2_R_M_N_N_1990_71_2017.bmp308278,Alcohol,C:\PycharmProjects\Alcohol Detection\dataset\Grupo_1\E_1_3\IriTech\E_1_3_2\E_1_3_2_R_5\via_region_data.json
E_1_3_2_R_M_N_N_1990_72_2017.bmp308278,Alcohol,C:\PycharmProjects\Alcohol Detection\dataset\Grupo_1\E_1_3\IriTech\E_1_3_2\E_1_3_2_R_5\via_region_data.json
E_1_3_2_R_M_N_N_1990_73_2017.bmp308278,Alcohol,C:\PycharmProjects\Alcohol Detection\dataset\Grupo_1\E_1_3\IriTech\E_1_3_2\E_1_3_2_R_5\via_region_data.json
E_1_3_2_R_M_N_N_1990_74_2017.bmp308278,Alcohol,C:\PycharmProjects\Alcohol Detection\dataset\Grupo_1\E_1_3\IriTech\E_1_3_2\E_1_3_2_R_5\via_region_data.json
E_1_3_2_R_M_N_N_1990_75_2017.bmp308278,Alcohol,C:\PycharmProjects\Alcohol Detection\dataset\Grupo_1\E_1_3\IriTech\E_1_3_2\E_1_3_2_R_5\via_region_data.json
E_1_3_2_R_M_N_N_1990_76_2017.bmp308278,Alcohol,C:\PycharmProjects\Alcohol Detection\dataset\Grupo_1\E_1_3\IriTech\E_1_3_2\E_1_3_2_R_5\via_region_data.json
E_1_3_3_L_M_N_N_1990_0_2017.bmp308278,Non-Alcohol,C:\PycharmProjects\Alcohol Detection\dataset\Grupo_1\E_1_3\IriTech\E_1_3_3\via_region_data.json
E_1_3_3_R_M_N_N_1990_0_2017.bmp308278,Non-Alcohol,C:\PycharmProjects\Alcohol Detection\dataset\Grupo_1\E_1_3\IriTech\E_1_3_3\via_region_data.json
E_1_3_3_L_M_N_N_1990_0_2017.bmp308278,Non-Alcohol,C:\PycharmProjects\Alcohol Detection\dataset\Grupo_1\E_1_3\IriTech\E_1_3_3\E_1_3_3_L_5\via_region_data.json
E_1_3_3_L_M_N_N_1990_1_2017.bmp308278,Alcohol,C:\PycharmProjects\Alcohol Detection\dataset\Grupo_1\E_1_3\IriTech\E_1_3_3\E_1_3_3_L_5\via_region_data.json
E_1_3_3_L_M_N_N_1990_2_2017.bmp308278,Alcohol,C:\PycharmProjects\Alcohol Detection\dataset\Grupo_1\E_1_3\IriTech\E_1_3_3\E_1_3_3_L_5\via_region_data.json
E_1_3_3_L_M_N_N_1990_3_2017.bmp308278,Alcohol,C:\PycharmProjects\Alcohol Detection\dataset\Grupo_1\E_1_3\IriTech\E_1_3_3\E_1_3_3_L_5\via_region_data.json
E_1_3_3_L_M_N_N_1990_4_2017.bmp308278,Alcohol,C:\PycharmProjects\Alcohol Detection\dataset\Grupo_1\E_1_3\IriTech\E_1_3_3\E_1_3_3_L_5\via_region_data.json
E_1_3_3_L_M_N_N_1990_5_2017.bmp308278,Alcohol,C:\PycharmProjects\Alcohol Detection\dataset\Grupo_1\E_1_3\IriTech\E_1_3_3\E_1_3_3_L_5\via_region_data.json
E_1_3_3_L_M_N_N_1990_6_2017.bmp308278,Alcohol,C:\PycharmProjects\Alcohol Detection\dataset\Grupo_1\E_1_3\IriTech\E_1_3_3\E_1_3_3_L_5\via_region_data.json
E_1_3_3_L_M_N_N_1990_7_2017.bmp308278,Alcohol,C:\PycharmProjects\Alcohol Detection\dataset\Grupo_1\E_1_3\IriTech\E_1_3_3\E_1_3_3_L_5\via_region_data.json
E_1_3_3_L_M_N_N_1990_8_2017.bmp308278,Alcohol,C:\PycharmProjects\Alcohol Detection\dataset\Grupo_1\E_1_3\IriTech\E_1_3_3\E_1_3_3_L_5\via_region_data.json
E_1_3_3_L_M_N_N_1990_9_2017.bmp308278,Alcohol,C:\PycharmProjects\Alcohol Detection\dataset\Grupo_1\E_1_3\IriTech\E_1_3_3\E_1_3_3_L_5\via_region_data.json
E_1_3_3_L_M_N_N_1990_10_2017.bmp308278,Alcohol,C:\PycharmProjects\Alcohol Detection\dataset\Grupo_1\E_1_3\IriTech\E_1_3_3\E_1_3_3_L_5\via_region_data.json
E_1_3_3_L_M_N_N_1990_11_2017.bmp308278,Alcohol,C:\PycharmProjects\Alcohol Detection\dataset\Grupo_1\E_1_3\IriTech\E_1_3_3\E_1_3_3_L_5\via_region_data.json
E_1_3_3_L_M_N_N_1990_12_2017.bmp308278,Alcohol,C:\PycharmProjects\Alcohol Detection\dataset\Grupo_1\E_1_3\IriTech\E_1_3_3\E_1_3_3_L_5\via_region_data.json
E_1_3_3_L_M_N_N_1990_13_2017.bmp308278,Alcohol,C:\PycharmProjects\Alcohol Detection\dataset\Grupo_1\E_1_3\IriTech\E_1_3_3\E_1_3_3_L_5\via_region_data.json
E_1_3_3_L_M_N_N_1990_14_2017.bmp308278,Alcohol,C:\PycharmProjects\Alcohol Detection\dataset\Grupo_1\E_1_3\IriTech\E_1_3_3\E_1_3_3_L_5\via_region_data.json
E_1_3_3_L_M_N_N_1990_15_2017.bmp308278,Alcohol,C:\PycharmProjects\Alcohol Detection\dataset\Grupo_1\E_1_3\IriTech\E_1_3_3\E_1_3_3_L_5\via_region_data.json
E_1_3_3_L_M_N_N_1990_16_2017.bmp308278,Alcohol,C:\PycharmProjects\Alcohol Detection\dataset\Grupo_1\E_1_3\IriTech\E_1_3_3\E_1_3_3_L_5\via_region_data.json
E_1_3_3_L_M_N_N_1990_17_2017.bmp308278,Alcohol,C:\PycharmProjects\Alcohol Detection\dataset\Grupo_1\E_1_3\IriTech\E_1_3_3\E_1_3_3_L_5\via_region_data.json
E_1_3_3_L_M_N_N_1990_18_2017.bmp308278,Alcohol,C:\PycharmProjects\Alcohol Detection\dataset\Grupo_1\E_1_3\IriTech\E_1_3_3\E_1_3_3_L_5\via_region_data.json
E_1_3_3_L_M_N_N_1990_19_2017.bmp308278,Alcohol,C:\PycharmProjects\Alcohol Detection\dataset\Grupo_1\E_1_3\IriTech\E_1_3_3\E_1_3_3_L_5\via_region_data.json
E_1_3_3_L_M_N_N_1990_20_2017.bmp308278,Alcohol,C:\PycharmProjects\Alcohol Detection\dataset\Grupo_1\E_1_3\IriTech\E_1_3_3\E_1_3_3_L_5\via_region_data.json
E_1_3_3_L_M_N_N_1990_21_2017.bmp308278,Alcohol,C:\PycharmProjects\Alcohol Detection\dataset\Grupo_1\E_1_3\IriTech\E_1_3_3\E_1_3_3_L_5\via_region_data.json
E_1_3_3_L_M_N_N_1990_22_2017.bmp308278,Alcohol,C:\PycharmProjects\Alcohol Detection\dataset\Grupo_1\E_1_3\IriTech\E_1_3_3\E_1_3_3_L_5\via_region_data.json
E_1_3_3_L_M_N_N_1990_23_2017.bmp308278,Alcohol,C:\PycharmProjects\Alcohol Detection\dataset\Grupo_1\E_1_3\IriTech\E_1_3_3\E_1_3_3_L_5\via_region_data.json
E_1_3_3_L_M_N_N_1990_24_2017.bmp308278,Alcohol,C:\PycharmProjects\Alcohol Detection\dataset\Grupo_1\E_1_3\IriTech\E_1_3_3\E_1_3_3_L_5\via_region_data.json
E_1_3_3_L_M_N_N_1990_25_2017.bmp308278,Alcohol,C:\PycharmProjects\Alcohol Detection\dataset\Grupo_1\E_1_3\IriTech\E_1_3_3\E_1_3_3_L_5\via_region_data.json
E_1_3_3_L_M_N_N_1990_26_2017.bmp308278,Alcohol,C:\PycharmProjects\Alcohol Detection\dataset\Grupo_1\E_1_3\IriTech\E_1_3_3\E_1_3_3_L_5\via_region_data.json
E_1_3_3_L_M_N_N_1990_27_2017.bmp308278,Alcohol,C:\PycharmProjects\Alcohol Detection\dataset\Grupo_1\E_1_3\IriTech\E_1_3_3\E_1_3_3_L_5\via_region_data.json
E_1_3_3_L_M_N_N_1990_28_2017.bmp308278,Alcohol,C:\PycharmProjects\Alcohol Detection\dataset\Grupo_1\E_1_3\IriTech\E_1_3_3\E_1_3_3_L_5\via_region_data.json
E_1_3_3_L_M_N_N_1990_29_2017.bmp308278,Alcohol,C:\PycharmProjects\Alcohol Detection\dataset\Grupo_1\E_1_3\IriTech\E_1_3_3\E_1_3_3_L_5\via_region_data.json
E_1_3_3_L_M_N_N_1990_30_2017.bmp308278,Alcohol,C:\PycharmProjects\Alcohol Detection\dataset\Grupo_1\E_1_3\IriTech\E_1_3_3\E_1_3_3_L_5\via_region_data.json
E_1_3_3_L_M_N_N_1990_31_2017.bmp308278,Alcohol,C:\PycharmProjects\Alcohol Detection\dataset\Grupo_1\E_1_3\IriTech\E_1_3_3\E_1_3_3_L_5\via_region_data.json
E_1_3_3_L_M_N_N_1990_32_2017.bmp308278,Alcohol,C:\PycharmProjects\Alcohol Detection\dataset\Grupo_1\E_1_3\IriTech\E_1_3_3\E_1_3_3_L_5\via_region_data.json
E_1_3_3_L_M_N_N_1990_33_2017.bmp308278,Alcohol,C:\PycharmProjects\Alcohol Detection\dataset\Grupo_1\E_1_3\IriTech\E_1_3_3\E_1_3_3_L_5\via_region_data.json
E_1_3_3_L_M_N_N_1990_34_2017.bmp308278,Alcohol,C:\PycharmProjects\Alcohol Detection\dataset\Grupo_1\E_1_3\IriTech\E_1_3_3\E_1_3_3_L_5\via_region_data.json
E_1_3_3_L_M_N_N_1990_35_2017.bmp308278,Alcohol,C:\PycharmProjects\Alcohol Detection\dataset\Grupo_1\E_1_3\IriTech\E_1_3_3\E_1_3_3_L_5\via_region_data.json
E_1_3_3_L_M_N_N_1990_36_2017.bmp308278,Alcohol,C:\PycharmProjects\Alcohol Detection\dataset\Grupo_1\E_1_3\IriTech\E_1_3_3\E_1_3_3_L_5\via_region_data.json
E_1_3_3_L_M_N_N_1990_37_2017.bmp308278,Alcohol,C:\PycharmProjects\Alcohol Detection\dataset\Grupo_1\E_1_3\IriTech\E_1_3_3\E_1_3_3_L_5\via_region_data.json
E_1_3_3_L_M_N_N_1990_38_2017.bmp308278,Alcohol,C:\PycharmProjects\Alcohol Detection\dataset\Grupo_1\E_1_3\IriTech\E_1_3_3\E_1_3_3_L_5\via_region_data.json
E_1_3_3_L_M_N_N_1990_39_2017.bmp308278,Alcohol,C:\PycharmProjects\Alcohol Detection\dataset\Grupo_1\E_1_3\IriTech\E_1_3_3\E_1_3_3_L_5\via_region_data.json
E_1_3_3_L_M_N_N_1990_40_2017.bmp308278,Alcohol,C:\PycharmProjects\Alcohol Detection\dataset\Grupo_1\E_1_3\IriTech\E_1_3_3\E_1_3_3_L_5\via_region_data.json
E_1_3_3_L_M_N_N_1990_41_2017.bmp308278,Alcohol,C:\PycharmProjects\Alcohol Detection\dataset\Grupo_1\E_1_3\IriTech\E_1_3_3\E_1_3_3_L_5\via_region_data.json
E_1_3_3_L_M_N_N_1990_42_2017.bmp308278,Alcohol,C:\PycharmProjects\Alcohol Detection\dataset\Grupo_1\E_1_3\IriTech\E_1_3_3\E_1_3_3_L_5\via_region_data.json
E_1_3_3_L_M_N_N_1990_43_2017.bmp308278,Alcohol,C:\PycharmProjects\Alcohol Detection\dataset\Grupo_1\E_1_3\IriTech\E_1_3_3\E_1_3_3_L_5\via_region_data.json
E_1_3_3_L_M_N_N_1990_44_2017.bmp308278,Alcohol,C:\PycharmProjects\Alcohol Detection\dataset\Grupo_1\E_1_3\IriTech\E_1_3_3\E_1_3_3_L_5\via_region_data.json
E_1_3_3_L_M_N_N_1990_45_2017.bmp308278,Alcohol,C:\PycharmProjects\Alcohol Detection\dataset\Grupo_1\E_1_3\IriTech\E_1_3_3\E_1_3_3_L_5\via_region_data.json
E_1_3_3_L_M_N_N_1990_46_2017.bmp308278,Alcohol,C:\PycharmProjects\Alcohol Detection\dataset\Grupo_1\E_1_3\IriTech\E_1_3_3\E_1_3_3_L_5\via_region_data.json
E_1_3_3_L_M_N_N_1990_47_2017.bmp308278,Alcohol,C:\PycharmProjects\Alcohol Detection\dataset\Grupo_1\E_1_3\IriTech\E_1_3_3\E_1_3_3_L_5\via_region_data.json
E_1_3_3_L_M_N_N_1990_48_2017.bmp308278,Alcohol,C:\PycharmProjects\Alcohol Detection\dataset\Grupo_1\E_1_3\IriTech\E_1_3_3\E_1_3_3_L_5\via_region_data.json
E_1_3_3_L_M_N_N_1990_49_2017.bmp308278,Alcohol,C:\PycharmProjects\Alcohol Detection\dataset\Grupo_1\E_1_3\IriTech\E_1_3_3\E_1_3_3_L_5\via_region_data.json
E_1_3_3_L_M_N_N_1990_50_2017.bmp308278,Alcohol,C:\PycharmProjects\Alcohol Detection\dataset\Grupo_1\E_1_3\IriTech\E_1_3_3\E_1_3_3_L_5\via_region_data.json
E_1_3_3_L_M_N_N_1990_51_2017.bmp308278,Alcohol,C:\PycharmProjects\Alcohol Detection\dataset\Grupo_1\E_1_3\IriTech\E_1_3_3\E_1_3_3_L_5\via_region_data.json
E_1_3_3_L_M_N_N_1990_52_2017.bmp308278,Alcohol,C:\PycharmProjects\Alcohol Detection\dataset\Grupo_1\E_1_3\IriTech\E_1_3_3\E_1_3_3_L_5\via_region_data.json
E_1_3_3_L_M_N_N_1990_53_2017.bmp308278,Alcohol,C:\PycharmProjects\Alcohol Detection\dataset\Grupo_1\E_1_3\IriTech\E_1_3_3\E_1_3_3_L_5\via_region_data.json
E_1_3_3_L_M_N_N_1990_54_2017.bmp308278,Alcohol,C:\PycharmProjects\Alcohol Detection\dataset\Grupo_1\E_1_3\IriTech\E_1_3_3\E_1_3_3_L_5\via_region_data.json
E_1_3_3_L_M_N_N_1990_55_2017.bmp308278,Alcohol,C:\PycharmProjects\Alcohol Detection\dataset\Grupo_1\E_1_3\IriTech\E_1_3_3\E_1_3_3_L_5\via_region_data.json
E_1_3_3_L_M_N_N_1990_56_2017.bmp308278,Alcohol,C:\PycharmProjects\Alcohol Detection\dataset\Grupo_1\E_1_3\IriTech\E_1_3_3\E_1_3_3_L_5\via_region_data.json
E_1_3_3_L_M_N_N_1990_57_2017.bmp308278,Alcohol,C:\PycharmProjects\Alcohol Detection\dataset\Grupo_1\E_1_3\IriTech\E_1_3_3\E_1_3_3_L_5\via_region_data.json
E_1_3_3_L_M_N_N_1990_58_2017.bmp308278,Alcohol,C:\PycharmProjects\Alcohol Detection\dataset\Grupo_1\E_1_3\IriTech\E_1_3_3\E_1_3_3_L_5\via_region_data.json
E_1_3_3_L_M_N_N_1990_59_2017.bmp308278,Alcohol,C:\PycharmProjects\Alcohol Detection\dataset\Grupo_1\E_1_3\IriTech\E_1_3_3\E_1_3_3_L_5\via_region_data.json
E_1_3_3_L_M_N_N_1990_60_2017.bmp308278,Alcohol,C:\PycharmProjects\Alcohol Detection\dataset\Grupo_1\E_1_3\IriTech\E_1_3_3\E_1_3_3_L_5\via_region_data.json
E_1_3_3_L_M_N_N_1990_61_2017.bmp308278,Alcohol,C:\PycharmProjects\Alcohol Detection\dataset\Grupo_1\E_1_3\IriTech\E_1_3_3\E_1_3_3_L_5\via_region_data.json
E_1_3_3_L_M_N_N_1990_62_2017.bmp308278,Alcohol,C:\PycharmProjects\Alcohol Detection\dataset\Grupo_1\E_1_3\IriTech\E_1_3_3\E_1_3_3_L_5\via_region_data.json
E_1_3_3_L_M_N_N_1990_63_2017.bmp308278,Alcohol,C:\PycharmProjects\Alcohol Detection\dataset\Grupo_1\E_1_3\IriTech\E_1_3_3\E_1_3_3_L_5\via_region_data.json
E_1_3_3_L_M_N_N_1990_64_2017.bmp308278,Alcohol,C:\PycharmProjects\Alcohol Detection\dataset\Grupo_1\E_1_3\IriTech\E_1_3_3\E_1_3_3_L_5\via_region_data.json
E_1_3_3_L_M_N_N_1990_65_2017.bmp308278,Alcohol,C:\PycharmProjects\Alcohol Detection\dataset\Grupo_1\E_1_3\IriTech\E_1_3_3\E_1_3_3_L_5\via_region_data.json
E_1_3_3_L_M_N_N_1990_66_2017.bmp308278,Alcohol,C:\PycharmProjects\Alcohol Detection\dataset\Grupo_1\E_1_3\IriTech\E_1_3_3\E_1_3_3_L_5\via_region_data.json
E_1_3_3_L_M_N_N_1990_67_2017.bmp308278,Alcohol,C:\PycharmProjects\Alcohol Detection\dataset\Grupo_1\E_1_3\IriTech\E_1_3_3\E_1_3_3_L_5\via_region_data.json
E_1_3_3_L_M_N_N_1990_68_2017.bmp308278,Alcohol,C:\PycharmProjects\Alcohol Detection\dataset\Grupo_1\E_1_3\IriTech\E_1_3_3\E_1_3_3_L_5\via_region_data.json
E_1_3_3_L_M_N_N_1990_69_2017.bmp308278,Alcohol,C:\PycharmProjects\Alcohol Detection\dataset\Grupo_1\E_1_3\IriTech\E_1_3_3\E_1_3_3_L_5\via_region_data.json
E_1_3_3_L_M_N_N_1990_70_2017.bmp308278,Alcohol,C:\PycharmProjects\Alcohol Detection\dataset\Grupo_1\E_1_3\IriTech\E_1_3_3\E_1_3_3_L_5\via_region_data.json
E_1_3_3_L_M_N_N_1990_71_2017.bmp308278,Alcohol,C:\PycharmProjects\Alcohol Detection\dataset\Grupo_1\E_1_3\IriTech\E_1_3_3\E_1_3_3_L_5\via_region_data.json
E_1_3_3_L_M_N_N_1990_72_2017.bmp308278,Alcohol,C:\PycharmProjects\Alcohol Detection\dataset\Grupo_1\E_1_3\IriTech\E_1_3_3\E_1_3_3_L_5\via_region_data.json
E_1_3_3_L_M_N_N_1990_73_2017.bmp308278,Alcohol,C:\PycharmProjects\Alcohol Detection\dataset\Grupo_1\E_1_3\IriTech\E_1_3_3\E_1_3_3_L_5\via_region_data.json
E_1_3_3_L_M_N_N_1990_74_2017.bmp308278,Alcohol,C:\PycharmProjects\Alcohol Detection\dataset\Grupo_1\E_1_3\IriTech\E_1_3_3\E_1_3_3_L_5\via_region_data.json
E_1_3_3_L_M_N_N_1990_75_2017.bmp308278,Alcohol,C:\PycharmProjects\Alcohol Detection\dataset\Grupo_1\E_1_3\IriTech\E_1_3_3\E_1_3_3_L_5\via_region_data.json
E_1_3_3_L_M_N_N_1990_76_2017.bmp308278,Alcohol,C:\PycharmProjects\Alcohol Detection\dataset\Grupo_1\E_1_3\IriTech\E_1_3_3\E_1_3_3_L_5\via_region_data.json
E_1_3_3_L_M_N_N_1990_77_2017.bmp308278,Alcohol,C:\PycharmProjects\Alcohol Detection\dataset\Grupo_1\E_1_3\IriTech\E_1_3_3\E_1_3_3_L_5\via_region_data.json
E_1_3_3_L_M_N_N_1990_78_2017.bmp308278,Alcohol,C:\PycharmProjects\Alcohol Detection\dataset\Grupo_1\E_1_3\IriTech\E_1_3_3\E_1_3_3_L_5\via_region_data.json
E_1_3_3_R_M_N_N_1990_0_2017.bmp308278,Non-Alcohol,C:\PycharmProjects\Alcohol Detection\dataset\Grupo_1\E_1_3\IriTech\E_1_3_3\E_1_3_3_R_5\via_region_data.json
E_1_3_3_R_M_N_N_1990_1_2017.bmp308278,Alcohol,C:\PycharmProjects\Alcohol Detection\dataset\Grupo_1\E_1_3\IriTech\E_1_3_3\E_1_3_3_R_5\via_region_data.json
E_1_3_3_R_M_N_N_1990_2_2017.bmp308278,Alcohol,C:\PycharmProjects\Alcohol Detection\dataset\Grupo_1\E_1_3\IriTech\E_1_3_3\E_1_3_3_R_5\via_region_data.json
E_1_3_3_R_M_N_N_1990_3_2017.bmp308278,Alcohol,C:\PycharmProjects\Alcohol Detection\dataset\Grupo_1\E_1_3\IriTech\E_1_3_3\E_1_3_3_R_5\via_region_data.json
E_1_3_3_R_M_N_N_1990_4_2017.bmp308278,Alcohol,C:\PycharmProjects\Alcohol Detection\dataset\Grupo_1\E_1_3\IriTech\E_1_3_3\E_1_3_3_R_5\via_region_data.json
E_1_3_3_R_M_N_N_1990_5_2017.bmp308278,Alcohol,C:\PycharmProjects\Alcohol Detection\dataset\Grupo_1\E_1_3\IriTech\E_1_3_3\E_1_3_3_R_5\via_region_data.json
E_1_3_3_R_M_N_N_1990_6_2017.bmp308278,Alcohol,C:\PycharmProjects\Alcohol Detection\dataset\Grupo_1\E_1_3\IriTech\E_1_3_3\E_1_3_3_R_5\via_region_data.json
E_1_3_3_R_M_N_N_1990_7_2017.bmp308278,Alcohol,C:\PycharmProjects\Alcohol Detection\dataset\Grupo_1\E_1_3\IriTech\E_1_3_3\E_1_3_3_R_5\via_region_data.json
E_1_3_3_R_M_N_N_1990_8_2017.bmp308278,Alcohol,C:\PycharmProjects\Alcohol Detection\dataset\Grupo_1\E_1_3\IriTech\E_1_3_3\E_1_3_3_R_5\via_region_data.json
E_1_3_3_R_M_N_N_1990_9_2017.bmp308278,Alcohol,C:\PycharmProjects\Alcohol Detection\dataset\Grupo_1\E_1_3\IriTech\E_1_3_3\E_1_3_3_R_5\via_region_data.json
E_1_3_3_R_M_N_N_1990_10_2017.bmp308278,Alcohol,C:\PycharmProjects\Alcohol Detection\dataset\Grupo_1\E_1_3\IriTech\E_1_3_3\E_1_3_3_R_5\via_region_data.json
E_1_3_3_R_M_N_N_1990_11_2017.bmp308278,Alcohol,C:\PycharmProjects\Alcohol Detection\dataset\Grupo_1\E_1_3\IriTech\E_1_3_3\E_1_3_3_R_5\via_region_data.json
E_1_3_3_R_M_N_N_1990_12_2017.bmp308278,Alcohol,C:\PycharmProjects\Alcohol Detection\dataset\Grupo_1\E_1_3\IriTech\E_1_3_3\E_1_3_3_R_5\via_region_data.json
E_1_3_3_R_M_N_N_1990_13_2017.bmp308278,Alcohol,C:\PycharmProjects\Alcohol Detection\dataset\Grupo_1\E_1_3\IriTech\E_1_3_3\E_1_3_3_R_5\via_region_data.json
E_1_3_3_R_M_N_N_1990_14_2017.bmp308278,Alcohol,C:\PycharmProjects\Alcohol Detection\dataset\Grupo_1\E_1_3\IriTech\E_1_3_3\E_1_3_3_R_5\via_region_data.json
E_1_3_3_R_M_N_N_1990_15_2017.bmp308278,Alcohol,C:\PycharmProjects\Alcohol Detection\dataset\Grupo_1\E_1_3\IriTech\E_1_3_3\E_1_3_3_R_5\via_region_data.json
E_1_3_3_R_M_N_N_1990_16_2017.bmp308278,Alcohol,C:\PycharmProjects\Alcohol Detection\dataset\Grupo_1\E_1_3\IriTech\E_1_3_3\E_1_3_3_R_5\via_region_data.json
E_1_3_3_R_M_N_N_1990_17_2017.bmp308278,Alcohol,C:\PycharmProjects\Alcohol Detection\dataset\Grupo_1\E_1_3\IriTech\E_1_3_3\E_1_3_3_R_5\via_region_data.json
E_1_3_3_R_M_N_N_1990_18_2017.bmp308278,Alcohol,C:\PycharmProjects\Alcohol Detection\dataset\Grupo_1\E_1_3\IriTech\E_1_3_3\E_1_3_3_R_5\via_region_data.json
E_1_3_3_R_M_N_N_1990_19_2017.bmp308278,Alcohol,C:\PycharmProjects\Alcohol Detection\dataset\Grupo_1\E_1_3\IriTech\E_1_3_3\E_1_3_3_R_5\via_region_data.json
E_1_3_3_R_M_N_N_1990_20_2017.bmp308278,Alcohol,C:\PycharmProjects\Alcohol Detection\dataset\Grupo_1\E_1_3\IriTech\E_1_3_3\E_1_3_3_R_5\via_region_data.json
E_1_3_3_R_M_N_N_1990_21_2017.bmp308278,Alcohol,C:\PycharmProjects\Alcohol Detection\dataset\Grupo_1\E_1_3\IriTech\E_1_3_3\E_1_3_3_R_5\via_region_data.json
E_1_3_3_R_M_N_N_1990_22_2017.bmp308278,Alcohol,C:\PycharmProjects\Alcohol Detection\dataset\Grupo_1\E_1_3\IriTech\E_1_3_3\E_1_3_3_R_5\via_region_data.json
E_1_3_3_R_M_N_N_1990_23_2017.bmp308278,Alcohol,C:\PycharmProjects\Alcohol Detection\dataset\Grupo_1\E_1_3\IriTech\E_1_3_3\E_1_3_3_R_5\via_region_data.json
E_1_3_3_R_M_N_N_1990_24_2017.bmp308278,Alcohol,C:\PycharmProjects\Alcohol Detection\dataset\Grupo_1\E_1_3\IriTech\E_1_3_3\E_1_3_3_R_5\via_region_data.json
E_1_3_3_R_M_N_N_1990_25_2017.bmp308278,Alcohol,C:\PycharmProjects\Alcohol Detection\dataset\Grupo_1\E_1_3\IriTech\E_1_3_3\E_1_3_3_R_5\via_region_data.json
E_1_3_3_R_M_N_N_1990_26_2017.bmp308278,Alcohol,C:\PycharmProjects\Alcohol Detection\dataset\Grupo_1\E_1_3\IriTech\E_1_3_3\E_1_3_3_R_5\via_region_data.json
E_1_3_3_R_M_N_N_1990_27_2017.bmp308278,Alcohol,C:\PycharmProjects\Alcohol Detection\dataset\Grupo_1\E_1_3\IriTech\E_1_3_3\E_1_3_3_R_5\via_region_data.json
E_1_3_3_R_M_N_N_1990_28_2017.bmp308278,Alcohol,C:\PycharmProjects\Alcohol Detection\dataset\Grupo_1\E_1_3\IriTech\E_1_3_3\E_1_3_3_R_5\via_region_data.json
E_1_3_3_R_M_N_N_1990_29_2017.bmp308278,Alcohol,C:\PycharmProjects\Alcohol Detection\dataset\Grupo_1\E_1_3\IriTech\E_1_3_3\E_1_3_3_R_5\via_region_data.json
E_1_3_3_R_M_N_N_1990_30_2017.bmp308278,Alcohol,C:\PycharmProjects\Alcohol Detection\dataset\Grupo_1\E_1_3\IriTech\E_1_3_3\E_1_3_3_R_5\via_region_data.json
E_1_3_3_R_M_N_N_1990_31_2017.bmp308278,Alcohol,C:\PycharmProjects\Alcohol Detection\dataset\Grupo_1\E_1_3\IriTech\E_1_3_3\E_1_3_3_R_5\via_region_data.json
E_1_3_3_R_M_N_N_1990_32_2017.bmp308278,Alcohol,C:\PycharmProjects\Alcohol Detection\dataset\Grupo_1\E_1_3\IriTech\E_1_3_3\E_1_3_3_R_5\via_region_data.json
E_1_3_3_R_M_N_N_1990_33_2017.bmp308278,Alcohol,C:\PycharmProjects\Alcohol Detection\dataset\Grupo_1\E_1_3\IriTech\E_1_3_3\E_1_3_3_R_5\via_region_data.json
E_1_3_3_R_M_N_N_1990_34_2017.bmp308278,Alcohol,C:\PycharmProjects\Alcohol Detection\dataset\Grupo_1\E_1_3\IriTech\E_1_3_3\E_1_3_3_R_5\via_region_data.json
E_1_3_3_R_M_N_N_1990_35_2017.bmp308278,Alcohol,C:\PycharmProjects\Alcohol Detection\dataset\Grupo_1\E_1_3\IriTech\E_1_3_3\E_1_3_3_R_5\via_region_data.json
E_1_3_3_R_M_N_N_1990_36_2017.bmp308278,Alcohol,C:\PycharmProjects\Alcohol Detection\dataset\Grupo_1\E_1_3\IriTech\E_1_3_3\E_1_3_3_R_5\via_region_data.json
E_1_3_3_R_M_N_N_1990_37_2017.bmp308278,Alcohol,C:\PycharmProjects\Alcohol Detection\dataset\Grupo_1\E_1_3\IriTech\E_1_3_3\E_1_3_3_R_5\via_region_data.json
E_1_3_3_R_M_N_N_1990_38_2017.bmp308278,Alcohol,C:\PycharmProjects\Alcohol Detection\dataset\Grupo_1\E_1_3\IriTech\E_1_3_3\E_1_3_3_R_5\via_region_data.json
E_1_3_3_R_M_N_N_1990_39_2017.bmp308278,Alcohol,C:\PycharmProjects\Alcohol Detection\dataset\Grupo_1\E_1_3\IriTech\E_1_3_3\E_1_3_3_R_5\via_region_data.json
E_1_3_3_R_M_N_N_1990_40_2017.bmp308278,Alcohol,C:\PycharmProjects\Alcohol Detection\dataset\Grupo_1\E_1_3\IriTech\E_1_3_3\E_1_3_3_R_5\via_region_data.json
E_1_3_3_R_M_N_N_1990_41_2017.bmp308278,Alcohol,C:\PycharmProjects\Alcohol Detection\dataset\Grupo_1\E_1_3\IriTech\E_1_3_3\E_1_3_3_R_5\via_region_data.json
E_1_3_3_R_M_N_N_1990_42_2017.bmp308278,Alcohol,C:\PycharmProjects\Alcohol Detection\dataset\Grupo_1\E_1_3\IriTech\E_1_3_3\E_1_3_3_R_5\via_region_data.json
E_1_3_3_R_M_N_N_1990_43_2017.bmp308278,Alcohol,C:\PycharmProjects\Alcohol Detection\dataset\Grupo_1\E_1_3\IriTech\E_1_3_3\E_1_3_3_R_5\via_region_data.json
E_1_3_3_R_M_N_N_1990_44_2017.bmp308278,Alcohol,C:\PycharmProjects\Alcohol Detection\dataset\Grupo_1\E_1_3\IriTech\E_1_3_3\E_1_3_3_R_5\via_region_data.json
E_1_3_3_R_M_N_N_1990_45_2017.bmp308278,Alcohol,C:\PycharmProjects\Alcohol Detection\dataset\Grupo_1\E_1_3\IriTech\E_1_3_3\E_1_3_3_R_5\via_region_data.json
E_1_3_3_R_M_N_N_1990_46_2017.bmp308278,Alcohol,C:\PycharmProjects\Alcohol Detection\dataset\Grupo_1\E_1_3\IriTech\E_1_3_3\E_1_3_3_R_5\via_region_data.json
E_1_3_3_R_M_N_N_1990_47_2017.bmp308278,Alcohol,C:\PycharmProjects\Alcohol Detection\dataset\Grupo_1\E_1_3\IriTech\E_1_3_3\E_1_3_3_R_5\via_region_data.json
E_1_3_3_R_M_N_N_1990_48_2017.bmp308278,Alcohol,C:\PycharmProjects\Alcohol Detection\dataset\Grupo_1\E_1_3\IriTech\E_1_3_3\E_1_3_3_R_5\via_region_data.json
E_1_3_3_R_M_N_N_1990_49_2017.bmp308278,Alcohol,C:\PycharmProjects\Alcohol Detection\dataset\Grupo_1\E_1_3\IriTech\E_1_3_3\E_1_3_3_R_5\via_region_data.json
E_1_3_3_R_M_N_N_1990_50_2017.bmp308278,Alcohol,C:\PycharmProjects\Alcohol Detection\dataset\Grupo_1\E_1_3\IriTech\E_1_3_3\E_1_3_3_R_5\via_region_data.json
E_1_3_3_R_M_N_N_1990_51_2017.bmp308278,Alcohol,C:\PycharmProjects\Alcohol Detection\dataset\Grupo_1\E_1_3\IriTech\E_1_3_3\E_1_3_3_R_5\via_region_data.json
E_1_3_3_R_M_N_N_1990_52_2017.bmp308278,Alcohol,C:\PycharmProjects\Alcohol Detection\dataset\Grupo_1\E_1_3\IriTech\E_1_3_3\E_1_3_3_R_5\via_region_data.json
E_1_3_3_R_M_N_N_1990_53_2017.bmp308278,Alcohol,C:\PycharmProjects\Alcohol Detection\dataset\Grupo_1\E_1_3\IriTech\E_1_3_3\E_1_3_3_R_5\via_region_data.json
E_1_3_3_R_M_N_N_1990_54_2017.bmp308278,Alcohol,C:\PycharmProjects\Alcohol Detection\dataset\Grupo_1\E_1_3\IriTech\E_1_3_3\E_1_3_3_R_5\via_region_data.json
E_1_3_3_R_M_N_N_1990_55_2017.bmp308278,Alcohol,C:\PycharmProjects\Alcohol Detection\dataset\Grupo_1\E_1_3\IriTech\E_1_3_3\E_1_3_3_R_5\via_region_data.json
E_1_3_3_R_M_N_N_1990_56_2017.bmp308278,Alcohol,C:\PycharmProjects\Alcohol Detection\dataset\Grupo_1\E_1_3\IriTech\E_1_3_3\E_1_3_3_R_5\via_region_data.json
E_1_3_3_R_M_N_N_1990_57_2017.bmp308278,Alcohol,C:\PycharmProjects\Alcohol Detection\dataset\Grupo_1\E_1_3\IriTech\E_1_3_3\E_1_3_3_R_5\via_region_data.json
E_1_3_3_R_M_N_N_1990_58_2017.bmp308278,Alcohol,C:\PycharmProjects\Alcohol Detection\dataset\Grupo_1\E_1_3\IriTech\E_1_3_3\E_1_3_3_R_5\via_region_data.json
E_1_3_3_R_M_N_N_1990_59_2017.bmp308278,Alcohol,C:\PycharmProjects\Alcohol Detection\dataset\Grupo_1\E_1_3\IriTech\E_1_3_3\E_1_3_3_R_5\via_region_data.json
E_1_3_3_R_M_N_N_1990_60_2017.bmp308278,Alcohol,C:\PycharmProjects\Alcohol Detection\dataset\Grupo_1\E_1_3\IriTech\E_1_3_3\E_1_3_3_R_5\via_region_data.json
E_1_3_3_R_M_N_N_1990_61_2017.bmp308278,Alcohol,C:\PycharmProjects\Alcohol Detection\dataset\Grupo_1\E_1_3\IriTech\E_1_3_3\E_1_3_3_R_5\via_region_data.json
E_1_3_3_R_M_N_N_1990_62_2017.bmp308278,Alcohol,C:\PycharmProjects\Alcohol Detection\dataset\Grupo_1\E_1_3\IriTech\E_1_3_3\E_1_3_3_R_5\via_region_data.json
E_1_3_3_R_M_N_N_1990_63_2017.bmp308278,Alcohol,C:\PycharmProjects\Alcohol Detection\dataset\Grupo_1\E_1_3\IriTech\E_1_3_3\E_1_3_3_R_5\via_region_data.json
E_1_3_3_R_M_N_N_1990_64_2017.bmp308278,Alcohol,C:\PycharmProjects\Alcohol Detection\dataset\Grupo_1\E_1_3\IriTech\E_1_3_3\E_1_3_3_R_5\via_region_data.json
E_1_3_3_R_M_N_N_1990_65_2017.bmp308278,Alcohol,C:\PycharmProjects\Alcohol Detection\dataset\Grupo_1\E_1_3\IriTech\E_1_3_3\E_1_3_3_R_5\via_region_data.json
E_1_3_3_R_M_N_N_1990_66_2017.bmp308278,Alcohol,C:\PycharmProjects\Alcohol Detection\dataset\Grupo_1\E_1_3\IriTech\E_1_3_3\E_1_3_3_R_5\via_region_data.json
E_1_3_3_R_M_N_N_1990_67_2017.bmp308278,Alcohol,C:\PycharmProjects\Alcohol Detection\dataset\Grupo_1\E_1_3\IriTech\E_1_3_3\E_1_3_3_R_5\via_region_data.json
E_1_3_3_R_M_N_N_1990_68_2017.bmp308278,Alcohol,C:\PycharmProjects\Alcohol Detection\dataset\Grupo_1\E_1_3\IriTech\E_1_3_3\E_1_3_3_R_5\via_region_data.json
E_1_3_3_R_M_N_N_1990_69_2017.bmp308278,Alcohol,C:\PycharmProjects\Alcohol Detection\dataset\Grupo_1\E_1_3\IriTech\E_1_3_3\E_1_3_3_R_5\via_region_data.json
E_1_3_3_R_M_N_N_1990_70_2017.bmp308278,Alcohol,C:\PycharmProjects\Alcohol Detection\dataset\Grupo_1\E_1_3\IriTech\E_1_3_3\E_1_3_3_R_5\via_region_data.json
E_1_3_3_R_M_N_N_1990_71_2017.bmp308278,Alcohol,C:\PycharmProjects\Alcohol Detection\dataset\Grupo_1\E_1_3\IriTech\E_1_3_3\E_1_3_3_R_5\via_region_data.json
E_1_3_3_R_M_N_N_1990_72_2017.bmp308278,Alcohol,C:\PycharmProjects\Alcohol Detection\dataset\Grupo_1\E_1_3\IriTech\E_1_3_3\E_1_3_3_R_5\via_region_data.json
E_1_3_3_R_M_N_N_1990_73_2017.bmp308278,Alcohol,C:\PycharmProjects\Alcohol Detection\dataset\Grupo_1\E_1_3\IriTech\E_1_3_3\E_1_3_3_R_5\via_region_data.json
E_1_3_3_R_M_N_N_1990_74_2017.bmp308278,Alcohol,C:\PycharmProjects\Alcohol Detection\dataset\Grupo_1\E_1_3\IriTech\E_1_3_3\E_1_3_3_R_5\via_region_data.json
E_1_3_3_R_M_N_N_1990_75_2017.bmp308278,Alcohol,C:\PycharmProjects\Alcohol Detection\dataset\Grupo_1\E_1_3\IriTech\E_1_3_3\E_1_3_3_R_5\via_region_data.json
E_1_3_4_L_M_N_N_1990_0_2017.bmp308278,Non-Alcohol,C:\PycharmProjects\Alcohol Detection\dataset\Grupo_1\E_1_3\IriTech\E_1_3_4\via_region_data.json
E_1_3_4_R_M_N_N_1990_0_2017.bmp308278,Non-Alcohol,C:\PycharmProjects\Alcohol Detection\dataset\Grupo_1\E_1_3\IriTech\E_1_3_4\via_region_data.json
E_1_3_4_L_M_N_N_1990_0_2017.bmp308278,Non-Alcohol,C:\PycharmProjects\Alcohol Detection\dataset\Grupo_1\E_1_3\IriTech\E_1_3_4\E_1_3_4_L_5\via_region_data.json
E_1_3_4_L_M_N_N_1990_1_2017.bmp308278,Alcohol,C:\PycharmProjects\Alcohol Detection\dataset\Grupo_1\E_1_3\IriTech\E_1_3_4\E_1_3_4_L_5\via_region_data.json
E_1_3_4_L_M_N_N_1990_2_2017.bmp308278,Alcohol,C:\PycharmProjects\Alcohol Detection\dataset\Grupo_1\E_1_3\IriTech\E_1_3_4\E_1_3_4_L_5\via_region_data.json
E_1_3_4_L_M_N_N_1990_3_2017.bmp308278,Alcohol,C:\PycharmProjects\Alcohol Detection\dataset\Grupo_1\E_1_3\IriTech\E_1_3_4\E_1_3_4_L_5\via_region_data.json
E_1_3_4_L_M_N_N_1990_4_2017.bmp308278,Alcohol,C:\PycharmProjects\Alcohol Detection\dataset\Grupo_1\E_1_3\IriTech\E_1_3_4\E_1_3_4_L_5\via_region_data.json
E_1_3_4_L_M_N_N_1990_5_2017.bmp308278,Alcohol,C:\PycharmProjects\Alcohol Detection\dataset\Grupo_1\E_1_3\IriTech\E_1_3_4\E_1_3_4_L_5\via_region_data.json
E_1_3_4_L_M_N_N_1990_6_2017.bmp308278,Alcohol,C:\PycharmProjects\Alcohol Detection\dataset\Grupo_1\E_1_3\IriTech\E_1_3_4\E_1_3_4_L_5\via_region_data.json
E_1_3_4_L_M_N_N_1990_7_2017.bmp308278,Alcohol,C:\PycharmProjects\Alcohol Detection\dataset\Grupo_1\E_1_3\IriTech\E_1_3_4\E_1_3_4_L_5\via_region_data.json
E_1_3_4_L_M_N_N_1990_8_2017.bmp308278,Alcohol,C:\PycharmProjects\Alcohol Detection\dataset\Grupo_1\E_1_3\IriTech\E_1_3_4\E_1_3_4_L_5\via_region_data.json
E_1_3_4_L_M_N_N_1990_9_2017.bmp308278,Alcohol,C:\PycharmProjects\Alcohol Detection\dataset\Grupo_1\E_1_3\IriTech\E_1_3_4\E_1_3_4_L_5\via_region_data.json
E_1_3_4_L_M_N_N_1990_10_2017.bmp308278,Alcohol,C:\PycharmProjects\Alcohol Detection\dataset\Grupo_1\E_1_3\IriTech\E_1_3_4\E_1_3_4_L_5\via_region_data.json
E_1_3_4_L_M_N_N_1990_11_2017.bmp308278,Alcohol,C:\PycharmProjects\Alcohol Detection\dataset\Grupo_1\E_1_3\IriTech\E_1_3_4\E_1_3_4_L_5\via_region_data.json
E_1_3_4_L_M_N_N_1990_12_2017.bmp308278,Alcohol,C:\PycharmProjects\Alcohol Detection\dataset\Grupo_1\E_1_3\IriTech\E_1_3_4\E_1_3_4_L_5\via_region_data.json
E_1_3_4_L_M_N_N_1990_13_2017.bmp308278,Alcohol,C:\PycharmProjects\Alcohol Detection\dataset\Grupo_1\E_1_3\IriTech\E_1_3_4\E_1_3_4_L_5\via_region_data.json
E_1_3_4_L_M_N_N_1990_14_2017.bmp308278,Alcohol,C:\PycharmProjects\Alcohol Detection\dataset\Grupo_1\E_1_3\IriTech\E_1_3_4\E_1_3_4_L_5\via_region_data.json
E_1_3_4_L_M_N_N_1990_15_2017.bmp308278,Alcohol,C:\PycharmProjects\Alcohol Detection\dataset\Grupo_1\E_1_3\IriTech\E_1_3_4\E_1_3_4_L_5\via_region_data.json
E_1_3_4_L_M_N_N_1990_16_2017.bmp308278,Alcohol,C:\PycharmProjects\Alcohol Detection\dataset\Grupo_1\E_1_3\IriTech\E_1_3_4\E_1_3_4_L_5\via_region_data.json
E_1_3_4_L_M_N_N_1990_17_2017.bmp308278,Alcohol,C:\PycharmProjects\Alcohol Detection\dataset\Grupo_1\E_1_3\IriTech\E_1_3_4\E_1_3_4_L_5\via_region_data.json
E_1_3_4_L_M_N_N_1990_18_2017.bmp308278,Alcohol,C:\PycharmProjects\Alcohol Detection\dataset\Grupo_1\E_1_3\IriTech\E_1_3_4\E_1_3_4_L_5\via_region_data.json
E_1_3_4_L_M_N_N_1990_19_2017.bmp308278,Alcohol,C:\PycharmProjects\Alcohol Detection\dataset\Grupo_1\E_1_3\IriTech\E_1_3_4\E_1_3_4_L_5\via_region_data.json
E_1_3_4_L_M_N_N_1990_20_2017.bmp308278,Alcohol,C:\PycharmProjects\Alcohol Detection\dataset\Grupo_1\E_1_3\IriTech\E_1_3_4\E_1_3_4_L_5\via_region_data.json
E_1_3_4_L_M_N_N_1990_21_2017.bmp308278,Alcohol,C:\PycharmProjects\Alcohol Detection\dataset\Grupo_1\E_1_3\IriTech\E_1_3_4\E_1_3_4_L_5\via_region_data.json
E_1_3_4_L_M_N_N_1990_22_2017.bmp308278,Alcohol,C:\PycharmProjects\Alcohol Detection\dataset\Grupo_1\E_1_3\IriTech\E_1_3_4\E_1_3_4_L_5\via_region_data.json
E_1_3_4_L_M_N_N_1990_23_2017.bmp308278,Alcohol,C:\PycharmProjects\Alcohol Detection\dataset\Grupo_1\E_1_3\IriTech\E_1_3_4\E_1_3_4_L_5\via_region_data.json
E_1_3_4_L_M_N_N_1990_24_2017.bmp308278,Alcohol,C:\PycharmProjects\Alcohol Detection\dataset\Grupo_1\E_1_3\IriTech\E_1_3_4\E_1_3_4_L_5\via_region_data.json
E_1_3_4_L_M_N_N_1990_25_2017.bmp308278,Alcohol,C:\PycharmProjects\Alcohol Detection\dataset\Grupo_1\E_1_3\IriTech\E_1_3_4\E_1_3_4_L_5\via_region_data.json
E_1_3_4_L_M_N_N_1990_26_2017.bmp308278,Alcohol,C:\PycharmProjects\Alcohol Detection\dataset\Grupo_1\E_1_3\IriTech\E_1_3_4\E_1_3_4_L_5\via_region_data.json
E_1_3_4_L_M_N_N_1990_27_2017.bmp308278,Alcohol,C:\PycharmProjects\Alcohol Detection\dataset\Grupo_1\E_1_3\IriTech\E_1_3_4\E_1_3_4_L_5\via_region_data.json
E_1_3_4_L_M_N_N_1990_28_2017.bmp308278,Alcohol,C:\PycharmProjects\Alcohol Detection\dataset\Grupo_1\E_1_3\IriTech\E_1_3_4\E_1_3_4_L_5\via_region_data.json
E_1_3_4_L_M_N_N_1990_29_2017.bmp308278,Alcohol,C:\PycharmProjects\Alcohol Detection\dataset\Grupo_1\E_1_3\IriTech\E_1_3_4\E_1_3_4_L_5\via_region_data.json
E_1_3_4_L_M_N_N_1990_30_2017.bmp308278,Alcohol,C:\PycharmProjects\Alcohol Detection\dataset\Grupo_1\E_1_3\IriTech\E_1_3_4\E_1_3_4_L_5\via_region_data.json
E_1_3_4_L_M_N_N_1990_31_2017.bmp308278,Alcohol,C:\PycharmProjects\Alcohol Detection\dataset\Grupo_1\E_1_3\IriTech\E_1_3_4\E_1_3_4_L_5\via_region_data.json
E_1_3_4_L_M_N_N_1990_32_2017.bmp308278,Alcohol,C:\PycharmProjects\Alcohol Detection\dataset\Grupo_1\E_1_3\IriTech\E_1_3_4\E_1_3_4_L_5\via_region_data.json
E_1_3_4_L_M_N_N_1990_33_2017.bmp308278,Alcohol,C:\PycharmProjects\Alcohol Detection\dataset\Grupo_1\E_1_3\IriTech\E_1_3_4\E_1_3_4_L_5\via_region_data.json
E_1_3_4_L_M_N_N_1990_34_2017.bmp308278,Alcohol,C:\PycharmProjects\Alcohol Detection\dataset\Grupo_1\E_1_3\IriTech\E_1_3_4\E_1_3_4_L_5\via_region_data.json
E_1_3_4_L_M_N_N_1990_35_2017.bmp308278,Alcohol,C:\PycharmProjects\Alcohol Detection\dataset\Grupo_1\E_1_3\IriTech\E_1_3_4\E_1_3_4_L_5\via_region_data.json
E_1_3_4_L_M_N_N_1990_36_2017.bmp308278,Alcohol,C:\PycharmProjects\Alcohol Detection\dataset\Grupo_1\E_1_3\IriTech\E_1_3_4\E_1_3_4_L_5\via_region_data.json
E_1_3_4_L_M_N_N_1990_37_2017.bmp308278,Alcohol,C:\PycharmProjects\Alcohol Detection\dataset\Grupo_1\E_1_3\IriTech\E_1_3_4\E_1_3_4_L_5\via_region_data.json
E_1_3_4_L_M_N_N_1990_38_2017.bmp308278,Alcohol,C:\PycharmProjects\Alcohol Detection\dataset\Grupo_1\E_1_3\IriTech\E_1_3_4\E_1_3_4_L_5\via_region_data.json
E_1_3_4_L_M_N_N_1990_39_2017.bmp308278,Alcohol,C:\PycharmProjects\Alcohol Detection\dataset\Grupo_1\E_1_3\IriTech\E_1_3_4\E_1_3_4_L_5\via_region_data.json
E_1_3_4_L_M_N_N_1990_40_2017.bmp308278,Alcohol,C:\PycharmProjects\Alcohol Detection\dataset\Grupo_1\E_1_3\IriTech\E_1_3_4\E_1_3_4_L_5\via_region_data.json
E_1_3_4_L_M_N_N_1990_41_2017.bmp308278,Alcohol,C:\PycharmProjects\Alcohol Detection\dataset\Grupo_1\E_1_3\IriTech\E_1_3_4\E_1_3_4_L_5\via_region_data.json
E_1_3_4_L_M_N_N_1990_42_2017.bmp308278,Alcohol,C:\PycharmProjects\Alcohol Detection\dataset\Grupo_1\E_1_3\IriTech\E_1_3_4\E_1_3_4_L_5\via_region_data.json
E_1_3_4_L_M_N_N_1990_43_2017.bmp308278,Alcohol,C:\PycharmProjects\Alcohol Detection\dataset\Grupo_1\E_1_3\IriTech\E_1_3_4\E_1_3_4_L_5\via_region_data.json
E_1_3_4_L_M_N_N_1990_44_2017.bmp308278,Alcohol,C:\PycharmProjects\Alcohol Detection\dataset\Grupo_1\E_1_3\IriTech\E_1_3_4\E_1_3_4_L_5\via_region_data.json
E_1_3_4_L_M_N_N_1990_45_2017.bmp308278,Alcohol,C:\PycharmProjects\Alcohol Detection\dataset\Grupo_1\E_1_3\IriTech\E_1_3_4\E_1_3_4_L_5\via_region_data.json
E_1_3_4_L_M_N_N_1990_46_2017.bmp308278,Alcohol,C:\PycharmProjects\Alcohol Detection\dataset\Grupo_1\E_1_3\IriTech\E_1_3_4\E_1_3_4_L_5\via_region_data.json
E_1_3_4_L_M_N_N_1990_47_2017.bmp308278,Alcohol,C:\PycharmProjects\Alcohol Detection\dataset\Grupo_1\E_1_3\IriTech\E_1_3_4\E_1_3_4_L_5\via_region_data.json
E_1_3_4_L_M_N_N_1990_48_2017.bmp308278,Alcohol,C:\PycharmProjects\Alcohol Detection\dataset\Grupo_1\E_1_3\IriTech\E_1_3_4\E_1_3_4_L_5\via_region_data.json
E_1_3_4_L_M_N_N_1990_49_2017.bmp308278,Alcohol,C:\PycharmProjects\Alcohol Detection\dataset\Grupo_1\E_1_3\IriTech\E_1_3_4\E_1_3_4_L_5\via_region_data.json
E_1_3_4_L_M_N_N_1990_50_2017.bmp308278,Alcohol,C:\PycharmProjects\Alcohol Detection\dataset\Grupo_1\E_1_3\IriTech\E_1_3_4\E_1_3_4_L_5\via_region_data.json
E_1_3_4_L_M_N_N_1990_51_2017.bmp308278,Alcohol,C:\PycharmProjects\Alcohol Detection\dataset\Grupo_1\E_1_3\IriTech\E_1_3_4\E_1_3_4_L_5\via_region_data.json
E_1_3_4_L_M_N_N_1990_52_2017.bmp308278,Alcohol,C:\PycharmProjects\Alcohol Detection\dataset\Grupo_1\E_1_3\IriTech\E_1_3_4\E_1_3_4_L_5\via_region_data.json
E_1_3_4_L_M_N_N_1990_53_2017.bmp308278,Alcohol,C:\PycharmProjects\Alcohol Detection\dataset\Grupo_1\E_1_3\IriTech\E_1_3_4\E_1_3_4_L_5\via_region_data.json
E_1_3_4_L_M_N_N_1990_54_2017.bmp308278,Alcohol,C:\PycharmProjects\Alcohol Detection\dataset\Grupo_1\E_1_3\IriTech\E_1_3_4\E_1_3_4_L_5\via_region_data.json
E_1_3_4_L_M_N_N_1990_55_2017.bmp308278,Alcohol,C:\PycharmProjects\Alcohol Detection\dataset\Grupo_1\E_1_3\IriTech\E_1_3_4\E_1_3_4_L_5\via_region_data.json
E_1_3_4_L_M_N_N_1990_56_2017.bmp308278,Alcohol,C:\PycharmProjects\Alcohol Detection\dataset\Grupo_1\E_1_3\IriTech\E_1_3_4\E_1_3_4_L_5\via_region_data.json
E_1_3_4_L_M_N_N_1990_57_2017.bmp308278,Alcohol,C:\PycharmProjects\Alcohol Detection\dataset\Grupo_1\E_1_3\IriTech\E_1_3_4\E_1_3_4_L_5\via_region_data.json
E_1_3_4_L_M_N_N_1990_58_2017.bmp308278,Alcohol,C:\PycharmProjects\Alcohol Detection\dataset\Grupo_1\E_1_3\IriTech\E_1_3_4\E_1_3_4_L_5\via_region_data.json
E_1_3_4_L_M_N_N_1990_59_2017.bmp308278,Alcohol,C:\PycharmProjects\Alcohol Detection\dataset\Grupo_1\E_1_3\IriTech\E_1_3_4\E_1_3_4_L_5\via_region_data.json
E_1_3_4_L_M_N_N_1990_60_2017.bmp308278,Alcohol,C:\PycharmProjects\Alcohol Detection\dataset\Grupo_1\E_1_3\IriTech\E_1_3_4\E_1_3_4_L_5\via_region_data.json
E_1_3_4_L_M_N_N_1990_61_2017.bmp308278,Alcohol,C:\PycharmProjects\Alcohol Detection\dataset\Grupo_1\E_1_3\IriTech\E_1_3_4\E_1_3_4_L_5\via_region_data.json
E_1_3_4_L_M_N_N_1990_62_2017.bmp308278,Alcohol,C:\PycharmProjects\Alcohol Detection\dataset\Grupo_1\E_1_3\IriTech\E_1_3_4\E_1_3_4_L_5\via_region_data.json
E_1_3_4_L_M_N_N_1990_63_2017.bmp308278,Alcohol,C:\PycharmProjects\Alcohol Detection\dataset\Grupo_1\E_1_3\IriTech\E_1_3_4\E_1_3_4_L_5\via_region_data.json
E_1_3_4_L_M_N_N_1990_64_2017.bmp308278,Alcohol,C:\PycharmProjects\Alcohol Detection\dataset\Grupo_1\E_1_3\IriTech\E_1_3_4\E_1_3_4_L_5\via_region_data.json
E_1_3_4_L_M_N_N_1990_65_2017.bmp308278,Alcohol,C:\PycharmProjects\Alcohol Detection\dataset\Grupo_1\E_1_3\IriTech\E_1_3_4\E_1_3_4_L_5\via_region_data.json
E_1_3_4_L_M_N_N_1990_66_2017.bmp308278,Alcohol,C:\PycharmProjects\Alcohol Detection\dataset\Grupo_1\E_1_3\IriTech\E_1_3_4\E_1_3_4_L_5\via_region_data.json
E_1_3_4_L_M_N_N_1990_67_2017.bmp308278,Alcohol,C:\PycharmProjects\Alcohol Detection\dataset\Grupo_1\E_1_3\IriTech\E_1_3_4\E_1_3_4_L_5\via_region_data.json
E_1_3_4_L_M_N_N_1990_68_2017.bmp308278,Alcohol,C:\PycharmProjects\Alcohol Detection\dataset\Grupo_1\E_1_3\IriTech\E_1_3_4\E_1_3_4_L_5\via_region_data.json
E_1_3_4_L_M_N_N_1990_69_2017.bmp308278,Alcohol,C:\PycharmProjects\Alcohol Detection\dataset\Grupo_1\E_1_3\IriTech\E_1_3_4\E_1_3_4_L_5\via_region_data.json
E_1_3_4_L_M_N_N_1990_70_2017.bmp308278,Alcohol,C:\PycharmProjects\Alcohol Detection\dataset\Grupo_1\E_1_3\IriTech\E_1_3_4\E_1_3_4_L_5\via_region_data.json
E_1_3_4_L_M_N_N_1990_71_2017.bmp308278,Alcohol,C:\PycharmProjects\Alcohol Detection\dataset\Grupo_1\E_1_3\IriTech\E_1_3_4\E_1_3_4_L_5\via_region_data.json
E_1_3_4_L_M_N_N_1990_72_2017.bmp308278,Alcohol,C:\PycharmProjects\Alcohol Detection\dataset\Grupo_1\E_1_3\IriTech\E_1_3_4\E_1_3_4_L_5\via_region_data.json
E_1_3_4_R_M_N_N_1990_0_2017.bmp308278,Non-Alcohol,C:\PycharmProjects\Alcohol Detection\dataset\Grupo_1\E_1_3\IriTech\E_1_3_4\E_1_3_4_R_5\via_region_data.json
E_1_3_4_R_M_N_N_1990_1_2017.bmp308278,Alcohol,C:\PycharmProjects\Alcohol Detection\dataset\Grupo_1\E_1_3\IriTech\E_1_3_4\E_1_3_4_R_5\via_region_data.json
E_1_3_4_R_M_N_N_1990_2_2017.bmp308278,Alcohol,C:\PycharmProjects\Alcohol Detection\dataset\Grupo_1\E_1_3\IriTech\E_1_3_4\E_1_3_4_R_5\via_region_data.json
E_1_3_4_R_M_N_N_1990_3_2017.bmp308278,Alcohol,C:\PycharmProjects\Alcohol Detection\dataset\Grupo_1\E_1_3\IriTech\E_1_3_4\E_1_3_4_R_5\via_region_data.json
E_1_3_4_R_M_N_N_1990_4_2017.bmp308278,Alcohol,C:\PycharmProjects\Alcohol Detection\dataset\Grupo_1\E_1_3\IriTech\E_1_3_4\E_1_3_4_R_5\via_region_data.json
E_1_3_4_R_M_N_N_1990_5_2017.bmp308278,Alcohol,C:\PycharmProjects\Alcohol Detection\dataset\Grupo_1\E_1_3\IriTech\E_1_3_4\E_1_3_4_R_5\via_region_data.json
E_1_3_4_R_M_N_N_1990_6_2017.bmp308278,Alcohol,C:\PycharmProjects\Alcohol Detection\dataset\Grupo_1\E_1_3\IriTech\E_1_3_4\E_1_3_4_R_5\via_region_data.json
E_1_3_4_R_M_N_N_1990_7_2017.bmp308278,Alcohol,C:\PycharmProjects\Alcohol Detection\dataset\Grupo_1\E_1_3\IriTech\E_1_3_4\E_1_3_4_R_5\via_region_data.json
E_1_3_4_R_M_N_N_1990_8_2017.bmp308278,Alcohol,C:\PycharmProjects\Alcohol Detection\dataset\Grupo_1\E_1_3\IriTech\E_1_3_4\E_1_3_4_R_5\via_region_data.json
E_1_3_4_R_M_N_N_1990_9_2017.bmp308278,Alcohol,C:\PycharmProjects\Alcohol Detection\dataset\Grupo_1\E_1_3\IriTech\E_1_3_4\E_1_3_4_R_5\via_region_data.json
E_1_3_4_R_M_N_N_1990_10_2017.bmp308278,Alcohol,C:\PycharmProjects\Alcohol Detection\dataset\Grupo_1\E_1_3\IriTech\E_1_3_4\E_1_3_4_R_5\via_region_data.json
E_1_3_4_R_M_N_N_1990_11_2017.bmp308278,Alcohol,C:\PycharmProjects\Alcohol Detection\dataset\Grupo_1\E_1_3\IriTech\E_1_3_4\E_1_3_4_R_5\via_region_data.json
E_1_3_4_R_M_N_N_1990_12_2017.bmp308278,Alcohol,C:\PycharmProjects\Alcohol Detection\dataset\Grupo_1\E_1_3\IriTech\E_1_3_4\E_1_3_4_R_5\via_region_data.json
E_1_3_4_R_M_N_N_1990_13_2017.bmp308278,Alcohol,C:\PycharmProjects\Alcohol Detection\dataset\Grupo_1\E_1_3\IriTech\E_1_3_4\E_1_3_4_R_5\via_region_data.json
E_1_3_4_R_M_N_N_1990_14_2017.bmp308278,Alcohol,C:\PycharmProjects\Alcohol Detection\dataset\Grupo_1\E_1_3\IriTech\E_1_3_4\E_1_3_4_R_5\via_region_data.json
E_1_3_4_R_M_N_N_1990_15_2017.bmp308278,Alcohol,C:\PycharmProjects\Alcohol Detection\dataset\Grupo_1\E_1_3\IriTech\E_1_3_4\E_1_3_4_R_5\via_region_data.json
E_1_3_4_R_M_N_N_1990_16_2017.bmp308278,Alcohol,C:\PycharmProjects\Alcohol Detection\dataset\Grupo_1\E_1_3\IriTech\E_1_3_4\E_1_3_4_R_5\via_region_data.json
E_1_3_4_R_M_N_N_1990_17_2017.bmp308278,Alcohol,C:\PycharmProjects\Alcohol Detection\dataset\Grupo_1\E_1_3\IriTech\E_1_3_4\E_1_3_4_R_5\via_region_data.json
E_1_3_4_R_M_N_N_1990_18_2017.bmp308278,Alcohol,C:\PycharmProjects\Alcohol Detection\dataset\Grupo_1\E_1_3\IriTech\E_1_3_4\E_1_3_4_R_5\via_region_data.json
E_1_3_4_R_M_N_N_1990_19_2017.bmp308278,Alcohol,C:\PycharmProjects\Alcohol Detection\dataset\Grupo_1\E_1_3\IriTech\E_1_3_4\E_1_3_4_R_5\via_region_data.json
E_1_3_4_R_M_N_N_1990_20_2017.bmp308278,Alcohol,C:\PycharmProjects\Alcohol Detection\dataset\Grupo_1\E_1_3\IriTech\E_1_3_4\E_1_3_4_R_5\via_region_data.json
E_1_3_4_R_M_N_N_1990_21_2017.bmp308278,Alcohol,C:\PycharmProjects\Alcohol Detection\dataset\Grupo_1\E_1_3\IriTech\E_1_3_4\E_1_3_4_R_5\via_region_data.json
E_1_3_4_R_M_N_N_1990_22_2017.bmp308278,Alcohol,C:\PycharmProjects\Alcohol Detection\dataset\Grupo_1\E_1_3\IriTech\E_1_3_4\E_1_3_4_R_5\via_region_data.json
E_1_3_4_R_M_N_N_1990_23_2017.bmp308278,Alcohol,C:\PycharmProjects\Alcohol Detection\dataset\Grupo_1\E_1_3\IriTech\E_1_3_4\E_1_3_4_R_5\via_region_data.json
E_1_3_4_R_M_N_N_1990_24_2017.bmp308278,Alcohol,C:\PycharmProjects\Alcohol Detection\dataset\Grupo_1\E_1_3\IriTech\E_1_3_4\E_1_3_4_R_5\via_region_data.json
E_1_3_4_R_M_N_N_1990_25_2017.bmp308278,Alcohol,C:\PycharmProjects\Alcohol Detection\dataset\Grupo_1\E_1_3\IriTech\E_1_3_4\E_1_3_4_R_5\via_region_data.json
E_1_3_4_R_M_N_N_1990_26_2017.bmp308278,Alcohol,C:\PycharmProjects\Alcohol Detection\dataset\Grupo_1\E_1_3\IriTech\E_1_3_4\E_1_3_4_R_5\via_region_data.json
E_1_3_4_R_M_N_N_1990_27_2017.bmp308278,Alcohol,C:\PycharmProjects\Alcohol Detection\dataset\Grupo_1\E_1_3\IriTech\E_1_3_4\E_1_3_4_R_5\via_region_data.json
E_1_3_4_R_M_N_N_1990_28_2017.bmp308278,Alcohol,C:\PycharmProjects\Alcohol Detection\dataset\Grupo_1\E_1_3\IriTech\E_1_3_4\E_1_3_4_R_5\via_region_data.json
E_1_3_4_R_M_N_N_1990_29_2017.bmp308278,Alcohol,C:\PycharmProjects\Alcohol Detection\dataset\Grupo_1\E_1_3\IriTech\E_1_3_4\E_1_3_4_R_5\via_region_data.json
E_1_3_4_R_M_N_N_1990_30_2017.bmp308278,Alcohol,C:\PycharmProjects\Alcohol Detection\dataset\Grupo_1\E_1_3\IriTech\E_1_3_4\E_1_3_4_R_5\via_region_data.json
E_1_3_4_R_M_N_N_1990_31_2017.bmp308278,Alcohol,C:\PycharmProjects\Alcohol Detection\dataset\Grupo_1\E_1_3\IriTech\E_1_3_4\E_1_3_4_R_5\via_region_data.json
E_1_3_4_R_M_N_N_1990_32_2017.bmp308278,Alcohol,C:\PycharmProjects\Alcohol Detection\dataset\Grupo_1\E_1_3\IriTech\E_1_3_4\E_1_3_4_R_5\via_region_data.json
E_1_3_4_R_M_N_N_1990_33_2017.bmp308278,Alcohol,C:\PycharmProjects\Alcohol Detection\dataset\Grupo_1\E_1_3\IriTech\E_1_3_4\E_1_3_4_R_5\via_region_data.json
E_1_3_4_R_M_N_N_1990_34_2017.bmp308278,Alcohol,C:\PycharmProjects\Alcohol Detection\dataset\Grupo_1\E_1_3\IriTech\E_1_3_4\E_1_3_4_R_5\via_region_data.json
E_1_3_4_R_M_N_N_1990_35_2017.bmp308278,Alcohol,C:\PycharmProjects\Alcohol Detection\dataset\Grupo_1\E_1_3\IriTech\E_1_3_4\E_1_3_4_R_5\via_region_data.json
E_1_3_4_R_M_N_N_1990_36_2017.bmp308278,Alcohol,C:\PycharmProjects\Alcohol Detection\dataset\Grupo_1\E_1_3\IriTech\E_1_3_4\E_1_3_4_R_5\via_region_data.json
E_1_3_4_R_M_N_N_1990_37_2017.bmp308278,Alcohol,C:\PycharmProjects\Alcohol Detection\dataset\Grupo_1\E_1_3\IriTech\E_1_3_4\E_1_3_4_R_5\via_region_data.json
E_1_3_4_R_M_N_N_1990_38_2017.bmp308278,Alcohol,C:\PycharmProjects\Alcohol Detection\dataset\Grupo_1\E_1_3\IriTech\E_1_3_4\E_1_3_4_R_5\via_region_data.json
E_1_3_4_R_M_N_N_1990_39_2017.bmp308278,Alcohol,C:\PycharmProjects\Alcohol Detection\dataset\Grupo_1\E_1_3\IriTech\E_1_3_4\E_1_3_4_R_5\via_region_data.json
E_1_3_4_R_M_N_N_1990_40_2017.bmp308278,Alcohol,C:\PycharmProjects\Alcohol Detection\dataset\Grupo_1\E_1_3\IriTech\E_1_3_4\E_1_3_4_R_5\via_region_data.json
E_1_3_4_R_M_N_N_1990_41_2017.bmp308278,Alcohol,C:\PycharmProjects\Alcohol Detection\dataset\Grupo_1\E_1_3\IriTech\E_1_3_4\E_1_3_4_R_5\via_region_data.json
E_1_3_4_R_M_N_N_1990_42_2017.bmp308278,Alcohol,C:\PycharmProjects\Alcohol Detection\dataset\Grupo_1\E_1_3\IriTech\E_1_3_4\E_1_3_4_R_5\via_region_data.json
E_1_3_4_R_M_N_N_1990_43_2017.bmp308278,Alcohol,C:\PycharmProjects\Alcohol Detection\dataset\Grupo_1\E_1_3\IriTech\E_1_3_4\E_1_3_4_R_5\via_region_data.json
E_1_3_4_R_M_N_N_1990_44_2017.bmp308278,Alcohol,C:\PycharmProjects\Alcohol Detection\dataset\Grupo_1\E_1_3\IriTech\E_1_3_4\E_1_3_4_R_5\via_region_data.json
E_1_3_4_R_M_N_N_1990_45_2017.bmp308278,Alcohol,C:\PycharmProjects\Alcohol Detection\dataset\Grupo_1\E_1_3\IriTech\E_1_3_4\E_1_3_4_R_5\via_region_data.json
E_1_3_4_R_M_N_N_1990_46_2017.bmp308278,Alcohol,C:\PycharmProjects\Alcohol Detection\dataset\Grupo_1\E_1_3\IriTech\E_1_3_4\E_1_3_4_R_5\via_region_data.json
E_1_3_4_R_M_N_N_1990_47_2017.bmp308278,Alcohol,C:\PycharmProjects\Alcohol Detection\dataset\Grupo_1\E_1_3\IriTech\E_1_3_4\E_1_3_4_R_5\via_region_data.json
E_1_3_4_R_M_N_N_1990_48_2017.bmp308278,Alcohol,C:\PycharmProjects\Alcohol Detection\dataset\Grupo_1\E_1_3\IriTech\E_1_3_4\E_1_3_4_R_5\via_region_data.json
E_1_3_4_R_M_N_N_1990_49_2017.bmp308278,Alcohol,C:\PycharmProjects\Alcohol Detection\dataset\Grupo_1\E_1_3\IriTech\E_1_3_4\E_1_3_4_R_5\via_region_data.json
E_1_3_4_R_M_N_N_1990_50_2017.bmp308278,Alcohol,C:\PycharmProjects\Alcohol Detection\dataset\Grupo_1\E_1_3\IriTech\E_1_3_4\E_1_3_4_R_5\via_region_data.json
E_1_3_4_R_M_N_N_1990_51_2017.bmp308278,Alcohol,C:\PycharmProjects\Alcohol Detection\dataset\Grupo_1\E_1_3\IriTech\E_1_3_4\E_1_3_4_R_5\via_region_data.json
E_1_3_4_R_M_N_N_1990_52_2017.bmp308278,Alcohol,C:\PycharmProjects\Alcohol Detection\dataset\Grupo_1\E_1_3\IriTech\E_1_3_4\E_1_3_4_R_5\via_region_data.json
E_1_3_4_R_M_N_N_1990_53_2017.bmp308278,Alcohol,C:\PycharmProjects\Alcohol Detection\dataset\Grupo_1\E_1_3\IriTech\E_1_3_4\E_1_3_4_R_5\via_region_data.json
E_1_3_4_R_M_N_N_1990_54_2017.bmp308278,Alcohol,C:\PycharmProjects\Alcohol Detection\dataset\Grupo_1\E_1_3\IriTech\E_1_3_4\E_1_3_4_R_5\via_region_data.json
E_1_3_4_R_M_N_N_1990_55_2017.bmp308278,Alcohol,C:\PycharmProjects\Alcohol Detection\dataset\Grupo_1\E_1_3\IriTech\E_1_3_4\E_1_3_4_R_5\via_region_data.json
E_1_3_4_R_M_N_N_1990_56_2017.bmp308278,Alcohol,C:\PycharmProjects\Alcohol Detection\dataset\Grupo_1\E_1_3\IriTech\E_1_3_4\E_1_3_4_R_5\via_region_data.json
E_1_3_4_R_M_N_N_1990_57_2017.bmp308278,Alcohol,C:\PycharmProjects\Alcohol Detection\dataset\Grupo_1\E_1_3\IriTech\E_1_3_4\E_1_3_4_R_5\via_region_data.json
E_1_3_4_R_M_N_N_1990_58_2017.bmp308278,Alcohol,C:\PycharmProjects\Alcohol Detection\dataset\Grupo_1\E_1_3\IriTech\E_1_3_4\E_1_3_4_R_5\via_region_data.json
E_1_3_4_R_M_N_N_1990_59_2017.bmp308278,Alcohol,C:\PycharmProjects\Alcohol Detection\dataset\Grupo_1\E_1_3\IriTech\E_1_3_4\E_1_3_4_R_5\via_region_data.json
E_1_3_4_R_M_N_N_1990_60_2017.bmp308278,Alcohol,C:\PycharmProjects\Alcohol Detection\dataset\Grupo_1\E_1_3\IriTech\E_1_3_4\E_1_3_4_R_5\via_region_data.json
E_1_3_4_R_M_N_N_1990_61_2017.bmp308278,Alcohol,C:\PycharmProjects\Alcohol Detection\dataset\Grupo_1\E_1_3\IriTech\E_1_3_4\E_1_3_4_R_5\via_region_data.json
E_1_3_4_R_M_N_N_1990_62_2017.bmp308278,Alcohol,C:\PycharmProjects\Alcohol Detection\dataset\Grupo_1\E_1_3\IriTech\E_1_3_4\E_1_3_4_R_5\via_region_data.json
E_1_3_4_R_M_N_N_1990_63_2017.bmp308278,Alcohol,C:\PycharmProjects\Alcohol Detection\dataset\Grupo_1\E_1_3\IriTech\E_1_3_4\E_1_3_4_R_5\via_region_data.json
E_1_3_4_R_M_N_N_1990_64_2017.bmp308278,Alcohol,C:\PycharmProjects\Alcohol Detection\dataset\Grupo_1\E_1_3\IriTech\E_1_3_4\E_1_3_4_R_5\via_region_data.json
E_1_3_4_R_M_N_N_1990_65_2017.bmp308278,Alcohol,C:\PycharmProjects\Alcohol Detection\dataset\Grupo_1\E_1_3\IriTech\E_1_3_4\E_1_3_4_R_5\via_region_data.json
E_1_3_4_R_M_N_N_1990_66_2017.bmp308278,Alcohol,C:\PycharmProjects\Alcohol Detection\dataset\Grupo_1\E_1_3\IriTech\E_1_3_4\E_1_3_4_R_5\via_region_data.json
E_1_3_4_R_M_N_N_1990_67_2017.bmp308278,Alcohol,C:\PycharmProjects\Alcohol Detection\dataset\Grupo_1\E_1_3\IriTech\E_1_3_4\E_1_3_4_R_5\via_region_data.json
E_1_3_4_R_M_N_N_1990_68_2017.bmp308278,Alcohol,C:\PycharmProjects\Alcohol Detection\dataset\Grupo_1\E_1_3\IriTech\E_1_3_4\E_1_3_4_R_5\via_region_data.json
E_1_3_4_R_M_N_N_1990_69_2017.bmp308278,Alcohol,C:\PycharmProjects\Alcohol Detection\dataset\Grupo_1\E_1_3\IriTech\E_1_3_4\E_1_3_4_R_5\via_region_data.json
E_1_3_4_R_M_N_N_1990_70_2017.bmp308278,Alcohol,C:\PycharmProjects\Alcohol Detection\dataset\Grupo_1\E_1_3\IriTech\E_1_3_4\E_1_3_4_R_5\via_region_data.json
E_1_3_4_R_M_N_N_1990_71_2017.bmp308278,Alcohol,C:\PycharmProjects\Alcohol Detection\dataset\Grupo_1\E_1_3\IriTech\E_1_3_4\E_1_3_4_R_5\via_region_data.json
E_1_3_4_R_M_N_N_1990_72_2017.bmp308278,Alcohol,C:\PycharmProjects\Alcohol Detection\dataset\Grupo_1\E_1_3\IriTech\E_1_3_4\E_1_3_4_R_5\via_region_data.json
E_1_3_4_L_M_N_N_1990_0_2017.bmp308278,Non-Alcohol,C:\PycharmProjects\Alcohol Detection\dataset\Grupo_1\E_1_3\LG\E_1_3_0\E_1_3_4_R_10\via_region_data.json
E_1_3_4_L_M_N_N_1990_1_2017.bmp308278,Alcohol,C:\PycharmProjects\Alcohol Detection\dataset\Grupo_1\E_1_3\LG\E_1_3_0\E_1_3_4_R_10\via_region_data.json
E_1_3_4_L_M_N_N_1990_2_2017.bmp308278,Alcohol,C:\PycharmProjects\Alcohol Detection\dataset\Grupo_1\E_1_3\LG\E_1_3_0\E_1_3_4_R_10\via_region_data.json
E_1_3_4_L_M_N_N_1990_3_2017.bmp308278,Alcohol,C:\PycharmProjects\Alcohol Detection\dataset\Grupo_1\E_1_3\LG\E_1_3_0\E_1_3_4_R_10\via_region_data.json
E_1_3_4_L_M_N_N_1990_4_2017.bmp308278,Alcohol,C:\PycharmProjects\Alcohol Detection\dataset\Grupo_1\E_1_3\LG\E_1_3_0\E_1_3_4_R_10\via_region_data.json
E_1_3_4_L_M_N_N_1990_5_2017.bmp308278,Alcohol,C:\PycharmProjects\Alcohol Detection\dataset\Grupo_1\E_1_3\LG\E_1_3_0\E_1_3_4_R_10\via_region_data.json
E_1_3_4_L_M_N_N_1990_6_2017.bmp308278,Alcohol,C:\PycharmProjects\Alcohol Detection\dataset\Grupo_1\E_1_3\LG\E_1_3_0\E_1_3_4_R_10\via_region_data.json
E_1_3_4_L_M_N_N_1990_7_2017.bmp308278,Alcohol,C:\PycharmProjects\Alcohol Detection\dataset\Grupo_1\E_1_3\LG\E_1_3_0\E_1_3_4_R_10\via_region_data.json
E_1_3_4_L_M_N_N_1990_8_2017.bmp308278,Alcohol,C:\PycharmProjects\Alcohol Detection\dataset\Grupo_1\E_1_3\LG\E_1_3_0\E_1_3_4_R_10\via_region_data.json
E_1_3_4_L_M_N_N_1990_9_2017.bmp308278,Alcohol,C:\PycharmProjects\Alcohol Detection\dataset\Grupo_1\E_1_3\LG\E_1_3_0\E_1_3_4_R_10\via_region_data.json
E_1_3_4_R_M_N_N_1990_0_2017.bmp308278,Non-Alcohol,C:\PycharmProjects\Alcohol Detection\dataset\Grupo_1\E_1_3\LG\E_1_3_0\E_1_3_4_R_10\via_region_data.json
E_1_3_4_R_M_N_N_1990_1_2017.bmp308278,Alcohol,C:\PycharmProjects\Alcohol Detection\dataset\Grupo_1\E_1_3\LG\E_1_3_0\E_1_3_4_R_10\via_region_data.json
E_1_3_4_R_M_N_N_1990_2_2017.bmp308278,Alcohol,C:\PycharmProjects\Alcohol Detection\dataset\Grupo_1\E_1_3\LG\E_1_3_0\E_1_3_4_R_10\via_region_data.json
E_1_3_4_R_M_N_N_1990_3_2017.bmp308278,Alcohol,C:\PycharmProjects\Alcohol Detection\dataset\Grupo_1\E_1_3\LG\E_1_3_0\E_1_3_4_R_10\via_region_data.json
E_1_3_4_R_M_N_N_1990_4_2017.bmp308278,Alcohol,C:\PycharmProjects\Alcohol Detection\dataset\Grupo_1\E_1_3\LG\E_1_3_0\E_1_3_4_R_10\via_region_data.json
E_1_3_4_R_M_N_N_1990_5_2017.bmp308278,Alcohol,C:\PycharmProjects\Alcohol Detection\dataset\Grupo_1\E_1_3\LG\E_1_3_0\E_1_3_4_R_10\via_region_data.json
E_1_3_4_R_M_N_N_1990_6_2017.bmp308278,Alcohol,C:\PycharmProjects\Alcohol Detection\dataset\Grupo_1\E_1_3\LG\E_1_3_0\E_1_3_4_R_10\via_region_data.json
E_1_3_4_R_M_N_N_1990_7_2017.bmp308278,Alcohol,C:\PycharmProjects\Alcohol Detection\dataset\Grupo_1\E_1_3\LG\E_1_3_0\E_1_3_4_R_10\via_region_data.json
E_1_3_4_R_M_N_N_1990_8_2017.bmp308278,Alcohol,C:\PycharmProjects\Alcohol Detection\dataset\Grupo_1\E_1_3\LG\E_1_3_0\E_1_3_4_R_10\via_region_data.json
E_1_3_4_R_M_N_N_1990_9_2017.bmp308278,Alcohol,C:\PycharmProjects\Alcohol Detection\dataset\Grupo_1\E_1_3\LG\E_1_3_0\E_1_3_4_R_10\via_region_data.json
E_1_3_0_L_M_N_N_1990_0_2017.bmp308278,Non-Alcohol,C:\PycharmProjects\Alcohol Detection\dataset\Grupo_1\E_1_3\LG\E_1_3_1\E_1_3_0_R_10\via_region_data.json
E_1_3_0_L_M_N_N_1990_1_2017.bmp308278,Non-Alcohol,C:\PycharmProjects\Alcohol Detection\dataset\Grupo_1\E_1_3\LG\E_1_3_1\E_1_3_0_R_10\via_region_data.json
E_1_3_0_L_M_N_N_1990_2_2017.bmp308278,Non-Alcohol,C:\PycharmProjects\Alcohol Detection\dataset\Grupo_1\E_1_3\LG\E_1_3_1\E_1_3_0_R_10\via_region_data.json
E_1_3_0_L_M_N_N_1990_3_2017.bmp308278,Non-Alcohol,C:\PycharmProjects\Alcohol Detection\dataset\Grupo_1\E_1_3\LG\E_1_3_1\E_1_3_0_R_10\via_region_data.json
E_1_3_0_L_M_N_N_1990_4_2017.bmp308278,Non-Alcohol,C:\PycharmProjects\Alcohol Detection\dataset\Grupo_1\E_1_3\LG\E_1_3_1\E_1_3_0_R_10\via_region_data.json
E_1_3_0_L_M_N_N_1990_5_2017.bmp308278,Non-Alcohol,C:\PycharmProjects\Alcohol Detection\dataset\Grupo_1\E_1_3\LG\E_1_3_1\E_1_3_0_R_10\via_region_data.json
E_1_3_0_L_M_N_N_1990_6_2017.bmp308278,Non-Alcohol,C:\PycharmProjects\Alcohol Detection\dataset\Grupo_1\E_1_3\LG\E_1_3_1\E_1_3_0_R_10\via_region_data.json
E_1_3_0_L_M_N_N_1990_7_2017.bmp308278,Non-Alcohol,C:\PycharmProjects\Alcohol Detection\dataset\Grupo_1\E_1_3\LG\E_1_3_1\E_1_3_0_R_10\via_region_data.json
E_1_3_0_L_M_N_N_1990_8_2017.bmp308278,Non-Alcohol,C:\PycharmProjects\Alcohol Detection\dataset\Grupo_1\E_1_3\LG\E_1_3_1\E_1_3_0_R_10\via_region_data.json
E_1_3_0_L_M_N_N_1990_9_2017.bmp308278,Non-Alcohol,C:\PycharmProjects\Alcohol Detection\dataset\Grupo_1\E_1_3\LG\E_1_3_1\E_1_3_0_R_10\via_region_data.json
E_1_3_0_R_M_N_N_1990_0_2017.bmp308278,Non-Alcohol,C:\PycharmProjects\Alcohol Detection\dataset\Grupo_1\E_1_3\LG\E_1_3_1\E_1_3_0_R_10\via_region_data.json
E_1_3_0_R_M_N_N_1990_1_2017.bmp308278,Non-Alcohol,C:\PycharmProjects\Alcohol Detection\dataset\Grupo_1\E_1_3\LG\E_1_3_1\E_1_3_0_R_10\via_region_data.json
E_1_3_0_R_M_N_N_1990_2_2017.bmp308278,Non-Alcohol,C:\PycharmProjects\Alcohol Detection\dataset\Grupo_1\E_1_3\LG\E_1_3_1\E_1_3_0_R_10\via_region_data.json
E_1_3_0_R_M_N_N_1990_3_2017.bmp308278,Non-Alcohol,C:\PycharmProjects\Alcohol Detection\dataset\Grupo_1\E_1_3\LG\E_1_3_1\E_1_3_0_R_10\via_region_data.json
E_1_3_0_R_M_N_N_1990_4_2017.bmp308278,Non-Alcohol,C:\PycharmProjects\Alcohol Detection\dataset\Grupo_1\E_1_3\LG\E_1_3_1\E_1_3_0_R_10\via_region_data.json
E_1_3_0_R_M_N_N_1990_5_2017.bmp308278,Non-Alcohol,C:\PycharmProjects\Alcohol Detection\dataset\Grupo_1\E_1_3\LG\E_1_3_1\E_1_3_0_R_10\via_region_data.json
E_1_3_0_R_M_N_N_1990_6_2017.bmp308278,Non-Alcohol,C:\PycharmProjects\Alcohol Detection\dataset\Grupo_1\E_1_3\LG\E_1_3_1\E_1_3_0_R_10\via_region_data.json
E_1_3_0_R_M_N_N_1990_7_2017.bmp308278,Non-Alcohol,C:\PycharmProjects\Alcohol Detection\dataset\Grupo_1\E_1_3\LG\E_1_3_1\E_1_3_0_R_10\via_region_data.json
E_1_3_0_R_M_N_N_1990_8_2017.bmp308278,Non-Alcohol,C:\PycharmProjects\Alcohol Detection\dataset\Grupo_1\E_1_3\LG\E_1_3_1\E_1_3_0_R_10\via_region_data.json
E_1_3_0_R_M_N_N_1990_9_2017.bmp308278,Non-Alcohol,C:\PycharmProjects\Alcohol Detection\dataset\Grupo_1\E_1_3\LG\E_1_3_1\E_1_3_0_R_10\via_region_data.json
E_1_3_1_L_M_N_N_1990_0_2017.bmp308278,Non-Alcohol,C:\PycharmProjects\Alcohol Detection\dataset\Grupo_1\E_1_3\LG\E_1_3_2\E_1_3_1_R_10\via_region_data.json
E_1_3_1_L_M_N_N_1990_1_2017.bmp308278,Alcohol,C:\PycharmProjects\Alcohol Detection\dataset\Grupo_1\E_1_3\LG\E_1_3_2\E_1_3_1_R_10\via_region_data.json
E_1_3_1_L_M_N_N_1990_2_2017.bmp308278,Alcohol,C:\PycharmProjects\Alcohol Detection\dataset\Grupo_1\E_1_3\LG\E_1_3_2\E_1_3_1_R_10\via_region_data.json
E_1_3_1_L_M_N_N_1990_3_2017.bmp308278,Alcohol,C:\PycharmProjects\Alcohol Detection\dataset\Grupo_1\E_1_3\LG\E_1_3_2\E_1_3_1_R_10\via_region_data.json
E_1_3_1_L_M_N_N_1990_4_2017.bmp308278,Alcohol,C:\PycharmProjects\Alcohol Detection\dataset\Grupo_1\E_1_3\LG\E_1_3_2\E_1_3_1_R_10\via_region_data.json
E_1_3_1_L_M_N_N_1990_5_2017.bmp308278,Alcohol,C:\PycharmProjects\Alcohol Detection\dataset\Grupo_1\E_1_3\LG\E_1_3_2\E_1_3_1_R_10\via_region_data.json
E_1_3_1_L_M_N_N_1990_6_2017.bmp308278,Alcohol,C:\PycharmProjects\Alcohol Detection\dataset\Grupo_1\E_1_3\LG\E_1_3_2\E_1_3_1_R_10\via_region_data.json
E_1_3_1_L_M_N_N_1990_7_2017.bmp308278,Alcohol,C:\PycharmProjects\Alcohol Detection\dataset\Grupo_1\E_1_3\LG\E_1_3_2\E_1_3_1_R_10\via_region_data.json
E_1_3_1_L_M_N_N_1990_8_2017.bmp308278,Alcohol,C:\PycharmProjects\Alcohol Detection\dataset\Grupo_1\E_1_3\LG\E_1_3_2\E_1_3_1_R_10\via_region_data.json
E_1_3_1_L_M_N_N_1990_9_2017.bmp308278,Alcohol,C:\PycharmProjects\Alcohol Detection\dataset\Grupo_1\E_1_3\LG\E_1_3_2\E_1_3_1_R_10\via_region_data.json
E_1_3_1_R_M_N_N_1990_0_2017.bmp308278,Non-Alcohol,C:\PycharmProjects\Alcohol Detection\dataset\Grupo_1\E_1_3\LG\E_1_3_2\E_1_3_1_R_10\via_region_data.json
E_1_3_1_R_M_N_N_1990_1_2017.bmp308278,Alcohol,C:\PycharmProjects\Alcohol Detection\dataset\Grupo_1\E_1_3\LG\E_1_3_2\E_1_3_1_R_10\via_region_data.json
E_1_3_1_R_M_N_N_1990_2_2017.bmp308278,Alcohol,C:\PycharmProjects\Alcohol Detection\dataset\Grupo_1\E_1_3\LG\E_1_3_2\E_1_3_1_R_10\via_region_data.json
E_1_3_1_R_M_N_N_1990_3_2017.bmp308278,Alcohol,C:\PycharmProjects\Alcohol Detection\dataset\Grupo_1\E_1_3\LG\E_1_3_2\E_1_3_1_R_10\via_region_data.json
E_1_3_1_R_M_N_N_1990_4_2017.bmp308278,Alcohol,C:\PycharmProjects\Alcohol Detection\dataset\Grupo_1\E_1_3\LG\E_1_3_2\E_1_3_1_R_10\via_region_data.json
E_1_3_1_R_M_N_N_1990_5_2017.bmp308278,Alcohol,C:\PycharmProjects\Alcohol Detection\dataset\Grupo_1\E_1_3\LG\E_1_3_2\E_1_3_1_R_10\via_region_data.json
E_1_3_1_R_M_N_N_1990_6_2017.bmp308278,Alcohol,C:\PycharmProjects\Alcohol Detection\dataset\Grupo_1\E_1_3\LG\E_1_3_2\E_1_3_1_R_10\via_region_data.json
E_1_3_1_R_M_N_N_1990_7_2017.bmp308278,Alcohol,C:\PycharmProjects\Alcohol Detection\dataset\Grupo_1\E_1_3\LG\E_1_3_2\E_1_3_1_R_10\via_region_data.json
E_1_3_1_R_M_N_N_1990_8_2017.bmp308278,Alcohol,C:\PycharmProjects\Alcohol Detection\dataset\Grupo_1\E_1_3\LG\E_1_3_2\E_1_3_1_R_10\via_region_data.json
E_1_3_1_R_M_N_N_1990_9_2017.bmp308278,Alcohol,C:\PycharmProjects\Alcohol Detection\dataset\Grupo_1\E_1_3\LG\E_1_3_2\E_1_3_1_R_10\via_region_data.json
E_1_3_2_L_M_N_N_1990_0_2017.bmp308278,Non-Alcohol,C:\PycharmProjects\Alcohol Detection\dataset\Grupo_1\E_1_3\LG\E_1_3_3\E_1_3_2_R_10\via_region_data.json
E_1_3_2_L_M_N_N_1990_1_2017.bmp308278,Alcohol,C:\PycharmProjects\Alcohol Detection\dataset\Grupo_1\E_1_3\LG\E_1_3_3\E_1_3_2_R_10\via_region_data.json
E_1_3_2_L_M_N_N_1990_2_2017.bmp308278,Alcohol,C:\PycharmProjects\Alcohol Detection\dataset\Grupo_1\E_1_3\LG\E_1_3_3\E_1_3_2_R_10\via_region_data.json
E_1_3_2_L_M_N_N_1990_3_2017.bmp308278,Alcohol,C:\PycharmProjects\Alcohol Detection\dataset\Grupo_1\E_1_3\LG\E_1_3_3\E_1_3_2_R_10\via_region_data.json
E_1_3_2_L_M_N_N_1990_4_2017.bmp308278,Alcohol,C:\PycharmProjects\Alcohol Detection\dataset\Grupo_1\E_1_3\LG\E_1_3_3\E_1_3_2_R_10\via_region_data.json
E_1_3_2_L_M_N_N_1990_5_2017.bmp308278,Alcohol,C:\PycharmProjects\Alcohol Detection\dataset\Grupo_1\E_1_3\LG\E_1_3_3\E_1_3_2_R_10\via_region_data.json
E_1_3_2_L_M_N_N_1990_6_2017.bmp308278,Alcohol,C:\PycharmProjects\Alcohol Detection\dataset\Grupo_1\E_1_3\LG\E_1_3_3\E_1_3_2_R_10\via_region_data.json
E_1_3_2_L_M_N_N_1990_7_2017.bmp308278,Alcohol,C:\PycharmProjects\Alcohol Detection\dataset\Grupo_1\E_1_3\LG\E_1_3_3\E_1_3_2_R_10\via_region_data.json
E_1_3_2_L_M_N_N_1990_8_2017.bmp308278,Alcohol,C:\PycharmProjects\Alcohol Detection\dataset\Grupo_1\E_1_3\LG\E_1_3_3\E_1_3_2_R_10\via_region_data.json
E_1_3_2_L_M_N_N_1990_9_2017.bmp308278,Alcohol,C:\PycharmProjects\Alcohol Detection\dataset\Grupo_1\E_1_3\LG\E_1_3_3\E_1_3_2_R_10\via_region_data.json
E_1_3_2_R_M_N_N_1990_0_2017.bmp308278,Non-Alcohol,C:\PycharmProjects\Alcohol Detection\dataset\Grupo_1\E_1_3\LG\E_1_3_3\E_1_3_2_R_10\via_region_data.json
E_1_3_2_R_M_N_N_1990_1_2017.bmp308278,Alcohol,C:\PycharmProjects\Alcohol Detection\dataset\Grupo_1\E_1_3\LG\E_1_3_3\E_1_3_2_R_10\via_region_data.json
E_1_3_2_R_M_N_N_1990_2_2017.bmp308278,Alcohol,C:\PycharmProjects\Alcohol Detection\dataset\Grupo_1\E_1_3\LG\E_1_3_3\E_1_3_2_R_10\via_region_data.json
E_1_3_2_R_M_N_N_1990_3_2017.bmp308278,Alcohol,C:\PycharmProjects\Alcohol Detection\dataset\Grupo_1\E_1_3\LG\E_1_3_3\E_1_3_2_R_10\via_region_data.json
E_1_3_2_R_M_N_N_1990_4_2017.bmp308278,Alcohol,C:\PycharmProjects\Alcohol Detection\dataset\Grupo_1\E_1_3\LG\E_1_3_3\E_1_3_2_R_10\via_region_data.json
E_1_3_2_R_M_N_N_1990_5_2017.bmp308278,Alcohol,C:\PycharmProjects\Alcohol Detection\dataset\Grupo_1\E_1_3\LG\E_1_3_3\E_1_3_2_R_10\via_region_data.json
E_1_3_2_R_M_N_N_1990_6_2017.bmp308278,Alcohol,C:\PycharmProjects\Alcohol Detection\dataset\Grupo_1\E_1_3\LG\E_1_3_3\E_1_3_2_R_10\via_region_data.json
E_1_3_2_R_M_N_N_1990_7_2017.bmp308278,Alcohol,C:\PycharmProjects\Alcohol Detection\dataset\Grupo_1\E_1_3\LG\E_1_3_3\E_1_3_2_R_10\via_region_data.json
E_1_3_2_R_M_N_N_1990_8_2017.bmp308278,Alcohol,C:\PycharmProjects\Alcohol Detection\dataset\Grupo_1\E_1_3\LG\E_1_3_3\E_1_3_2_R_10\via_region_data.json
E_1_3_2_R_M_N_N_1990_9_2017.bmp308278,Alcohol,C:\PycharmProjects\Alcohol Detection\dataset\Grupo_1\E_1_3\LG\E_1_3_3\E_1_3_2_R_10\via_region_data.json
E_1_3_3_L_M_N_N_1990_0_2017.bmp308278,Non-Alcohol,C:\PycharmProjects\Alcohol Detection\dataset\Grupo_1\E_1_3\LG\E_1_3_4\E_1_3_3_R_10\via_region_data.json
E_1_3_3_L_M_N_N_1990_1_2017.bmp308278,Alcohol,C:\PycharmProjects\Alcohol Detection\dataset\Grupo_1\E_1_3\LG\E_1_3_4\E_1_3_3_R_10\via_region_data.json
E_1_3_3_L_M_N_N_1990_2_2017.bmp308278,Alcohol,C:\PycharmProjects\Alcohol Detection\dataset\Grupo_1\E_1_3\LG\E_1_3_4\E_1_3_3_R_10\via_region_data.json
E_1_3_3_L_M_N_N_1990_3_2017.bmp308278,Alcohol,C:\PycharmProjects\Alcohol Detection\dataset\Grupo_1\E_1_3\LG\E_1_3_4\E_1_3_3_R_10\via_region_data.json
E_1_3_3_L_M_N_N_1990_4_2017.bmp308278,Alcohol,C:\PycharmProjects\Alcohol Detection\dataset\Grupo_1\E_1_3\LG\E_1_3_4\E_1_3_3_R_10\via_region_data.json
E_1_3_3_L_M_N_N_1990_5_2017.bmp308278,Alcohol,C:\PycharmProjects\Alcohol Detection\dataset\Grupo_1\E_1_3\LG\E_1_3_4\E_1_3_3_R_10\via_region_data.json
E_1_3_3_L_M_N_N_1990_6_2017.bmp308278,Alcohol,C:\PycharmProjects\Alcohol Detection\dataset\Grupo_1\E_1_3\LG\E_1_3_4\E_1_3_3_R_10\via_region_data.json
E_1_3_3_L_M_N_N_1990_7_2017.bmp308278,Alcohol,C:\PycharmProjects\Alcohol Detection\dataset\Grupo_1\E_1_3\LG\E_1_3_4\E_1_3_3_R_10\via_region_data.json
E_1_3_3_L_M_N_N_1990_8_2017.bmp308278,Alcohol,C:\PycharmProjects\Alcohol Detection\dataset\Grupo_1\E_1_3\LG\E_1_3_4\E_1_3_3_R_10\via_region_data.json
E_1_3_3_L_M_N_N_1990_9_2017.bmp308278,Alcohol,C:\PycharmProjects\Alcohol Detection\dataset\Grupo_1\E_1_3\LG\E_1_3_4\E_1_3_3_R_10\via_region_data.json
E_1_3_3_R_M_N_N_1990_0_2017.bmp308278,Non-Alcohol,C:\PycharmProjects\Alcohol Detection\dataset\Grupo_1\E_1_3\LG\E_1_3_4\E_1_3_3_R_10\via_region_data.json
E_1_3_3_R_M_N_N_1990_1_2017.bmp308278,Alcohol,C:\PycharmProjects\Alcohol Detection\dataset\Grupo_1\E_1_3\LG\E_1_3_4\E_1_3_3_R_10\via_region_data.json
E_1_3_3_R_M_N_N_1990_2_2017.bmp308278,Alcohol,C:\PycharmProjects\Alcohol Detection\dataset\Grupo_1\E_1_3\LG\E_1_3_4\E_1_3_3_R_10\via_region_data.json
E_1_3_3_R_M_N_N_1990_3_2017.bmp308278,Alcohol,C:\PycharmProjects\Alcohol Detection\dataset\Grupo_1\E_1_3\LG\E_1_3_4\E_1_3_3_R_10\via_region_data.json
E_1_3_3_R_M_N_N_1990_4_2017.bmp308278,Alcohol,C:\PycharmProjects\Alcohol Detection\dataset\Grupo_1\E_1_3\LG\E_1_3_4\E_1_3_3_R_10\via_region_data.json
E_1_3_3_R_M_N_N_1990_5_2017.bmp308278,Alcohol,C:\PycharmProjects\Alcohol Detection\dataset\Grupo_1\E_1_3\LG\E_1_3_4\E_1_3_3_R_10\via_region_data.json
E_1_3_3_R_M_N_N_1990_6_2017.bmp308278,Alcohol,C:\PycharmProjects\Alcohol Detection\dataset\Grupo_1\E_1_3\LG\E_1_3_4\E_1_3_3_R_10\via_region_data.json
E_1_3_3_R_M_N_N_1990_7_2017.bmp308278,Alcohol,C:\PycharmProjects\Alcohol Detection\dataset\Grupo_1\E_1_3\LG\E_1_3_4\E_1_3_3_R_10\via_region_data.json
E_1_3_3_R_M_N_N_1990_8_2017.bmp308278,Alcohol,C:\PycharmProjects\Alcohol Detection\dataset\Grupo_1\E_1_3\LG\E_1_3_4\E_1_3_3_R_10\via_region_data.json
E_1_3_3_R_M_N_N_1990_9_2017.bmp308278,Alcohol,C:\PycharmProjects\Alcohol Detection\dataset\Grupo_1\E_1_3\LG\E_1_3_4\E_1_3_3_R_10\via_region_data.json
E_1_4_0_L_M_N_N_1979_0_2017.bmp308278,Non-Alcohol,C:\PycharmProjects\Alcohol Detection\dataset\Grupo_1\E_1_4\IriTech\E_1_4_0\via_region_data.json
E_1_4_0_R_M_N_N_1979_0_2017.bmp308278,Non-Alcohol,C:\PycharmProjects\Alcohol Detection\dataset\Grupo_1\E_1_4\IriTech\E_1_4_0\via_region_data.json
E_1_4_0_L_M_N_N_1979_0_2017.bmp308278,Non-Alcohol,C:\PycharmProjects\Alcohol Detection\dataset\Grupo_1\E_1_4\IriTech\E_1_4_0\E_1_4_0_L_5\via_region_data.json
E_1_4_0_L_M_N_N_1979_1_2017.bmp308278,Non-Alcohol,C:\PycharmProjects\Alcohol Detection\dataset\Grupo_1\E_1_4\IriTech\E_1_4_0\E_1_4_0_L_5\via_region_data.json
E_1_4_0_L_M_N_N_1979_2_2017.bmp308278,Non-Alcohol,C:\PycharmProjects\Alcohol Detection\dataset\Grupo_1\E_1_4\IriTech\E_1_4_0\E_1_4_0_L_5\via_region_data.json
E_1_4_0_L_M_N_N_1979_3_2017.bmp308278,Non-Alcohol,C:\PycharmProjects\Alcohol Detection\dataset\Grupo_1\E_1_4\IriTech\E_1_4_0\E_1_4_0_L_5\via_region_data.json
E_1_4_0_L_M_N_N_1979_4_2017.bmp308278,Non-Alcohol,C:\PycharmProjects\Alcohol Detection\dataset\Grupo_1\E_1_4\IriTech\E_1_4_0\E_1_4_0_L_5\via_region_data.json
E_1_4_0_L_M_N_N_1979_5_2017.bmp308278,Non-Alcohol,C:\PycharmProjects\Alcohol Detection\dataset\Grupo_1\E_1_4\IriTech\E_1_4_0\E_1_4_0_L_5\via_region_data.json
E_1_4_0_L_M_N_N_1979_6_2017.bmp308278,Non-Alcohol,C:\PycharmProjects\Alcohol Detection\dataset\Grupo_1\E_1_4\IriTech\E_1_4_0\E_1_4_0_L_5\via_region_data.json
E_1_4_0_L_M_N_N_1979_7_2017.bmp308278,Non-Alcohol,C:\PycharmProjects\Alcohol Detection\dataset\Grupo_1\E_1_4\IriTech\E_1_4_0\E_1_4_0_L_5\via_region_data.json
E_1_4_0_L_M_N_N_1979_8_2017.bmp308278,Non-Alcohol,C:\PycharmProjects\Alcohol Detection\dataset\Grupo_1\E_1_4\IriTech\E_1_4_0\E_1_4_0_L_5\via_region_data.json
E_1_4_0_L_M_N_N_1979_9_2017.bmp308278,Non-Alcohol,C:\PycharmProjects\Alcohol Detection\dataset\Grupo_1\E_1_4\IriTech\E_1_4_0\E_1_4_0_L_5\via_region_data.json
E_1_4_0_L_M_N_N_1979_10_2017.bmp308278,Non-Alcohol,C:\PycharmProjects\Alcohol Detection\dataset\Grupo_1\E_1_4\IriTech\E_1_4_0\E_1_4_0_L_5\via_region_data.json
E_1_4_0_L_M_N_N_1979_11_2017.bmp308278,Non-Alcohol,C:\PycharmProjects\Alcohol Detection\dataset\Grupo_1\E_1_4\IriTech\E_1_4_0\E_1_4_0_L_5\via_region_data.json
E_1_4_0_L_M_N_N_1979_12_2017.bmp308278,Non-Alcohol,C:\PycharmProjects\Alcohol Detection\dataset\Grupo_1\E_1_4\IriTech\E_1_4_0\E_1_4_0_L_5\via_region_data.json
E_1_4_0_L_M_N_N_1979_13_2017.bmp308278,Non-Alcohol,C:\PycharmProjects\Alcohol Detection\dataset\Grupo_1\E_1_4\IriTech\E_1_4_0\E_1_4_0_L_5\via_region_data.json
E_1_4_0_L_M_N_N_1979_14_2017.bmp308278,Non-Alcohol,C:\PycharmProjects\Alcohol Detection\dataset\Grupo_1\E_1_4\IriTech\E_1_4_0\E_1_4_0_L_5\via_region_data.json
E_1_4_0_L_M_N_N_1979_15_2017.bmp308278,Non-Alcohol,C:\PycharmProjects\Alcohol Detection\dataset\Grupo_1\E_1_4\IriTech\E_1_4_0\E_1_4_0_L_5\via_region_data.json
E_1_4_0_L_M_N_N_1979_16_2017.bmp308278,Non-Alcohol,C:\PycharmProjects\Alcohol Detection\dataset\Grupo_1\E_1_4\IriTech\E_1_4_0\E_1_4_0_L_5\via_region_data.json
E_1_4_0_L_M_N_N_1979_17_2017.bmp308278,Non-Alcohol,C:\PycharmProjects\Alcohol Detection\dataset\Grupo_1\E_1_4\IriTech\E_1_4_0\E_1_4_0_L_5\via_region_data.json
E_1_4_0_L_M_N_N_1979_18_2017.bmp308278,Non-Alcohol,C:\PycharmProjects\Alcohol Detection\dataset\Grupo_1\E_1_4\IriTech\E_1_4_0\E_1_4_0_L_5\via_region_data.json
E_1_4_0_L_M_N_N_1979_19_2017.bmp308278,Non-Alcohol,C:\PycharmProjects\Alcohol Detection\dataset\Grupo_1\E_1_4\IriTech\E_1_4_0\E_1_4_0_L_5\via_region_data.json
E_1_4_0_L_M_N_N_1979_20_2017.bmp308278,Non-Alcohol,C:\PycharmProjects\Alcohol Detection\dataset\Grupo_1\E_1_4\IriTech\E_1_4_0\E_1_4_0_L_5\via_region_data.json
E_1_4_0_L_M_N_N_1979_21_2017.bmp308278,Non-Alcohol,C:\PycharmProjects\Alcohol Detection\dataset\Grupo_1\E_1_4\IriTech\E_1_4_0\E_1_4_0_L_5\via_region_data.json
E_1_4_0_L_M_N_N_1979_22_2017.bmp308278,Non-Alcohol,C:\PycharmProjects\Alcohol Detection\dataset\Grupo_1\E_1_4\IriTech\E_1_4_0\E_1_4_0_L_5\via_region_data.json
E_1_4_0_L_M_N_N_1979_23_2017.bmp308278,Non-Alcohol,C:\PycharmProjects\Alcohol Detection\dataset\Grupo_1\E_1_4\IriTech\E_1_4_0\E_1_4_0_L_5\via_region_data.json
E_1_4_0_L_M_N_N_1979_24_2017.bmp308278,Non-Alcohol,C:\PycharmProjects\Alcohol Detection\dataset\Grupo_1\E_1_4\IriTech\E_1_4_0\E_1_4_0_L_5\via_region_data.json
E_1_4_0_L_M_N_N_1979_25_2017.bmp308278,Non-Alcohol,C:\PycharmProjects\Alcohol Detection\dataset\Grupo_1\E_1_4\IriTech\E_1_4_0\E_1_4_0_L_5\via_region_data.json
E_1_4_0_L_M_N_N_1979_26_2017.bmp308278,Non-Alcohol,C:\PycharmProjects\Alcohol Detection\dataset\Grupo_1\E_1_4\IriTech\E_1_4_0\E_1_4_0_L_5\via_region_data.json
E_1_4_0_L_M_N_N_1979_27_2017.bmp308278,Non-Alcohol,C:\PycharmProjects\Alcohol Detection\dataset\Grupo_1\E_1_4\IriTech\E_1_4_0\E_1_4_0_L_5\via_region_data.json
E_1_4_0_L_M_N_N_1979_28_2017.bmp308278,Non-Alcohol,C:\PycharmProjects\Alcohol Detection\dataset\Grupo_1\E_1_4\IriTech\E_1_4_0\E_1_4_0_L_5\via_region_data.json
E_1_4_0_L_M_N_N_1979_29_2017.bmp308278,Non-Alcohol,C:\PycharmProjects\Alcohol Detection\dataset\Grupo_1\E_1_4\IriTech\E_1_4_0\E_1_4_0_L_5\via_region_data.json
E_1_4_0_L_M_N_N_1979_30_2017.bmp308278,Non-Alcohol,C:\PycharmProjects\Alcohol Detection\dataset\Grupo_1\E_1_4\IriTech\E_1_4_0\E_1_4_0_L_5\via_region_data.json
E_1_4_0_L_M_N_N_1979_31_2017.bmp308278,Non-Alcohol,C:\PycharmProjects\Alcohol Detection\dataset\Grupo_1\E_1_4\IriTech\E_1_4_0\E_1_4_0_L_5\via_region_data.json
E_1_4_0_L_M_N_N_1979_32_2017.bmp308278,Non-Alcohol,C:\PycharmProjects\Alcohol Detection\dataset\Grupo_1\E_1_4\IriTech\E_1_4_0\E_1_4_0_L_5\via_region_data.json
E_1_4_0_L_M_N_N_1979_33_2017.bmp308278,Non-Alcohol,C:\PycharmProjects\Alcohol Detection\dataset\Grupo_1\E_1_4\IriTech\E_1_4_0\E_1_4_0_L_5\via_region_data.json
E_1_4_0_L_M_N_N_1979_34_2017.bmp308278,Non-Alcohol,C:\PycharmProjects\Alcohol Detection\dataset\Grupo_1\E_1_4\IriTech\E_1_4_0\E_1_4_0_L_5\via_region_data.json
E_1_4_0_L_M_N_N_1979_35_2017.bmp308278,Non-Alcohol,C:\PycharmProjects\Alcohol Detection\dataset\Grupo_1\E_1_4\IriTech\E_1_4_0\E_1_4_0_L_5\via_region_data.json
E_1_4_0_L_M_N_N_1979_36_2017.bmp308278,Non-Alcohol,C:\PycharmProjects\Alcohol Detection\dataset\Grupo_1\E_1_4\IriTech\E_1_4_0\E_1_4_0_L_5\via_region_data.json
E_1_4_0_L_M_N_N_1979_37_2017.bmp308278,Non-Alcohol,C:\PycharmProjects\Alcohol Detection\dataset\Grupo_1\E_1_4\IriTech\E_1_4_0\E_1_4_0_L_5\via_region_data.json
E_1_4_0_L_M_N_N_1979_38_2017.bmp308278,Non-Alcohol,C:\PycharmProjects\Alcohol Detection\dataset\Grupo_1\E_1_4\IriTech\E_1_4_0\E_1_4_0_L_5\via_region_data.json
E_1_4_0_L_M_N_N_1979_39_2017.bmp308278,Non-Alcohol,C:\PycharmProjects\Alcohol Detection\dataset\Grupo_1\E_1_4\IriTech\E_1_4_0\E_1_4_0_L_5\via_region_data.json
E_1_4_0_L_M_N_N_1979_40_2017.bmp308278,Non-Alcohol,C:\PycharmProjects\Alcohol Detection\dataset\Grupo_1\E_1_4\IriTech\E_1_4_0\E_1_4_0_L_5\via_region_data.json
E_1_4_0_L_M_N_N_1979_41_2017.bmp308278,Non-Alcohol,C:\PycharmProjects\Alcohol Detection\dataset\Grupo_1\E_1_4\IriTech\E_1_4_0\E_1_4_0_L_5\via_region_data.json
E_1_4_0_L_M_N_N_1979_42_2017.bmp308278,Non-Alcohol,C:\PycharmProjects\Alcohol Detection\dataset\Grupo_1\E_1_4\IriTech\E_1_4_0\E_1_4_0_L_5\via_region_data.json
E_1_4_0_L_M_N_N_1979_43_2017.bmp308278,Non-Alcohol,C:\PycharmProjects\Alcohol Detection\dataset\Grupo_1\E_1_4\IriTech\E_1_4_0\E_1_4_0_L_5\via_region_data.json
E_1_4_0_L_M_N_N_1979_44_2017.bmp308278,Non-Alcohol,C:\PycharmProjects\Alcohol Detection\dataset\Grupo_1\E_1_4\IriTech\E_1_4_0\E_1_4_0_L_5\via_region_data.json
E_1_4_0_L_M_N_N_1979_45_2017.bmp308278,Non-Alcohol,C:\PycharmProjects\Alcohol Detection\dataset\Grupo_1\E_1_4\IriTech\E_1_4_0\E_1_4_0_L_5\via_region_data.json
E_1_4_0_L_M_N_N_1979_46_2017.bmp308278,Non-Alcohol,C:\PycharmProjects\Alcohol Detection\dataset\Grupo_1\E_1_4\IriTech\E_1_4_0\E_1_4_0_L_5\via_region_data.json
E_1_4_0_L_M_N_N_1979_47_2017.bmp308278,Non-Alcohol,C:\PycharmProjects\Alcohol Detection\dataset\Grupo_1\E_1_4\IriTech\E_1_4_0\E_1_4_0_L_5\via_region_data.json
E_1_4_0_L_M_N_N_1979_48_2017.bmp308278,Non-Alcohol,C:\PycharmProjects\Alcohol Detection\dataset\Grupo_1\E_1_4\IriTech\E_1_4_0\E_1_4_0_L_5\via_region_data.json
E_1_4_0_L_M_N_N_1979_49_2017.bmp308278,Non-Alcohol,C:\PycharmProjects\Alcohol Detection\dataset\Grupo_1\E_1_4\IriTech\E_1_4_0\E_1_4_0_L_5\via_region_data.json
E_1_4_0_L_M_N_N_1979_50_2017.bmp308278,Non-Alcohol,C:\PycharmProjects\Alcohol Detection\dataset\Grupo_1\E_1_4\IriTech\E_1_4_0\E_1_4_0_L_5\via_region_data.json
E_1_4_0_L_M_N_N_1979_51_2017.bmp308278,Non-Alcohol,C:\PycharmProjects\Alcohol Detection\dataset\Grupo_1\E_1_4\IriTech\E_1_4_0\E_1_4_0_L_5\via_region_data.json
E_1_4_0_L_M_N_N_1979_52_2017.bmp308278,Non-Alcohol,C:\PycharmProjects\Alcohol Detection\dataset\Grupo_1\E_1_4\IriTech\E_1_4_0\E_1_4_0_L_5\via_region_data.json
E_1_4_0_L_M_N_N_1979_53_2017.bmp308278,Non-Alcohol,C:\PycharmProjects\Alcohol Detection\dataset\Grupo_1\E_1_4\IriTech\E_1_4_0\E_1_4_0_L_5\via_region_data.json
E_1_4_0_L_M_N_N_1979_54_2017.bmp308278,Non-Alcohol,C:\PycharmProjects\Alcohol Detection\dataset\Grupo_1\E_1_4\IriTech\E_1_4_0\E_1_4_0_L_5\via_region_data.json
E_1_4_0_L_M_N_N_1979_55_2017.bmp308278,Non-Alcohol,C:\PycharmProjects\Alcohol Detection\dataset\Grupo_1\E_1_4\IriTech\E_1_4_0\E_1_4_0_L_5\via_region_data.json
E_1_4_0_L_M_N_N_1979_56_2017.bmp308278,Non-Alcohol,C:\PycharmProjects\Alcohol Detection\dataset\Grupo_1\E_1_4\IriTech\E_1_4_0\E_1_4_0_L_5\via_region_data.json
E_1_4_0_L_M_N_N_1979_57_2017.bmp308278,Non-Alcohol,C:\PycharmProjects\Alcohol Detection\dataset\Grupo_1\E_1_4\IriTech\E_1_4_0\E_1_4_0_L_5\via_region_data.json
E_1_4_0_L_M_N_N_1979_58_2017.bmp308278,Non-Alcohol,C:\PycharmProjects\Alcohol Detection\dataset\Grupo_1\E_1_4\IriTech\E_1_4_0\E_1_4_0_L_5\via_region_data.json
E_1_4_0_L_M_N_N_1979_59_2017.bmp308278,Non-Alcohol,C:\PycharmProjects\Alcohol Detection\dataset\Grupo_1\E_1_4\IriTech\E_1_4_0\E_1_4_0_L_5\via_region_data.json
E_1_4_0_L_M_N_N_1979_60_2017.bmp308278,Non-Alcohol,C:\PycharmProjects\Alcohol Detection\dataset\Grupo_1\E_1_4\IriTech\E_1_4_0\E_1_4_0_L_5\via_region_data.json
E_1_4_0_L_M_N_N_1979_61_2017.bmp308278,Non-Alcohol,C:\PycharmProjects\Alcohol Detection\dataset\Grupo_1\E_1_4\IriTech\E_1_4_0\E_1_4_0_L_5\via_region_data.json
E_1_4_0_L_M_N_N_1979_62_2017.bmp308278,Non-Alcohol,C:\PycharmProjects\Alcohol Detection\dataset\Grupo_1\E_1_4\IriTech\E_1_4_0\E_1_4_0_L_5\via_region_data.json
E_1_4_0_L_M_N_N_1979_63_2017.bmp308278,Non-Alcohol,C:\PycharmProjects\Alcohol Detection\dataset\Grupo_1\E_1_4\IriTech\E_1_4_0\E_1_4_0_L_5\via_region_data.json
E_1_4_0_L_M_N_N_1979_64_2017.bmp308278,Non-Alcohol,C:\PycharmProjects\Alcohol Detection\dataset\Grupo_1\E_1_4\IriTech\E_1_4_0\E_1_4_0_L_5\via_region_data.json
E_1_4_0_L_M_N_N_1979_65_2017.bmp308278,Non-Alcohol,C:\PycharmProjects\Alcohol Detection\dataset\Grupo_1\E_1_4\IriTech\E_1_4_0\E_1_4_0_L_5\via_region_data.json
E_1_4_0_L_M_N_N_1979_66_2017.bmp308278,Non-Alcohol,C:\PycharmProjects\Alcohol Detection\dataset\Grupo_1\E_1_4\IriTech\E_1_4_0\E_1_4_0_L_5\via_region_data.json
E_1_4_0_L_M_N_N_1979_67_2017.bmp308278,Non-Alcohol,C:\PycharmProjects\Alcohol Detection\dataset\Grupo_1\E_1_4\IriTech\E_1_4_0\E_1_4_0_L_5\via_region_data.json
E_1_4_0_L_M_N_N_1979_68_2017.bmp308278,Non-Alcohol,C:\PycharmProjects\Alcohol Detection\dataset\Grupo_1\E_1_4\IriTech\E_1_4_0\E_1_4_0_L_5\via_region_data.json
E_1_4_0_L_M_N_N_1979_69_2017.bmp308278,Non-Alcohol,C:\PycharmProjects\Alcohol Detection\dataset\Grupo_1\E_1_4\IriTech\E_1_4_0\E_1_4_0_L_5\via_region_data.json
E_1_4_0_L_M_N_N_1979_70_2017.bmp308278,Non-Alcohol,C:\PycharmProjects\Alcohol Detection\dataset\Grupo_1\E_1_4\IriTech\E_1_4_0\E_1_4_0_L_5\via_region_data.json
E_1_4_0_L_M_N_N_1979_71_2017.bmp308278,Non-Alcohol,C:\PycharmProjects\Alcohol Detection\dataset\Grupo_1\E_1_4\IriTech\E_1_4_0\E_1_4_0_L_5\via_region_data.json
E_1_4_0_L_M_N_N_1979_72_2017.bmp308278,Non-Alcohol,C:\PycharmProjects\Alcohol Detection\dataset\Grupo_1\E_1_4\IriTech\E_1_4_0\E_1_4_0_L_5\via_region_data.json
E_1_4_0_L_M_N_N_1979_73_2017.bmp308278,Non-Alcohol,C:\PycharmProjects\Alcohol Detection\dataset\Grupo_1\E_1_4\IriTech\E_1_4_0\E_1_4_0_L_5\via_region_data.json
E_1_4_0_L_M_N_N_1979_74_2017.bmp308278,Non-Alcohol,C:\PycharmProjects\Alcohol Detection\dataset\Grupo_1\E_1_4\IriTech\E_1_4_0\E_1_4_0_L_5\via_region_data.json
E_1_4_0_L_M_N_N_1979_75_2017.bmp308278,Non-Alcohol,C:\PycharmProjects\Alcohol Detection\dataset\Grupo_1\E_1_4\IriTech\E_1_4_0\E_1_4_0_L_5\via_region_data.json
E_1_4_0_L_M_N_N_1979_76_2017.bmp308278,Non-Alcohol,C:\PycharmProjects\Alcohol Detection\dataset\Grupo_1\E_1_4\IriTech\E_1_4_0\E_1_4_0_L_5\via_region_data.json
E_1_4_0_L_M_N_N_1979_77_2017.bmp308278,Non-Alcohol,C:\PycharmProjects\Alcohol Detection\dataset\Grupo_1\E_1_4\IriTech\E_1_4_0\E_1_4_0_L_5\via_region_data.json
E_1_4_0_L_M_N_N_1979_78_2017.bmp308278,Non-Alcohol,C:\PycharmProjects\Alcohol Detection\dataset\Grupo_1\E_1_4\IriTech\E_1_4_0\E_1_4_0_L_5\via_region_data.json
E_1_4_0_L_M_N_N_1979_79_2017.bmp308278,Non-Alcohol,C:\PycharmProjects\Alcohol Detection\dataset\Grupo_1\E_1_4\IriTech\E_1_4_0\E_1_4_0_L_5\via_region_data.json
E_1_4_0_R_M_N_N_1979_0_2017.bmp308278,Non-Alcohol,C:\PycharmProjects\Alcohol Detection\dataset\Grupo_1\E_1_4\IriTech\E_1_4_0\E_1_4_0_R_5\via_region_data.json
E_1_4_0_R_M_N_N_1979_1_2017.bmp308278,Non-Alcohol,C:\PycharmProjects\Alcohol Detection\dataset\Grupo_1\E_1_4\IriTech\E_1_4_0\E_1_4_0_R_5\via_region_data.json
E_1_4_0_R_M_N_N_1979_2_2017.bmp308278,Non-Alcohol,C:\PycharmProjects\Alcohol Detection\dataset\Grupo_1\E_1_4\IriTech\E_1_4_0\E_1_4_0_R_5\via_region_data.json
E_1_4_0_R_M_N_N_1979_3_2017.bmp308278,Non-Alcohol,C:\PycharmProjects\Alcohol Detection\dataset\Grupo_1\E_1_4\IriTech\E_1_4_0\E_1_4_0_R_5\via_region_data.json
E_1_4_0_R_M_N_N_1979_4_2017.bmp308278,Non-Alcohol,C:\PycharmProjects\Alcohol Detection\dataset\Grupo_1\E_1_4\IriTech\E_1_4_0\E_1_4_0_R_5\via_region_data.json
E_1_4_0_R_M_N_N_1979_5_2017.bmp308278,Non-Alcohol,C:\PycharmProjects\Alcohol Detection\dataset\Grupo_1\E_1_4\IriTech\E_1_4_0\E_1_4_0_R_5\via_region_data.json
E_1_4_0_R_M_N_N_1979_6_2017.bmp308278,Non-Alcohol,C:\PycharmProjects\Alcohol Detection\dataset\Grupo_1\E_1_4\IriTech\E_1_4_0\E_1_4_0_R_5\via_region_data.json
E_1_4_0_R_M_N_N_1979_7_2017.bmp308278,Non-Alcohol,C:\PycharmProjects\Alcohol Detection\dataset\Grupo_1\E_1_4\IriTech\E_1_4_0\E_1_4_0_R_5\via_region_data.json
E_1_4_0_R_M_N_N_1979_8_2017.bmp308278,Non-Alcohol,C:\PycharmProjects\Alcohol Detection\dataset\Grupo_1\E_1_4\IriTech\E_1_4_0\E_1_4_0_R_5\via_region_data.json
E_1_4_0_R_M_N_N_1979_9_2017.bmp308278,Non-Alcohol,C:\PycharmProjects\Alcohol Detection\dataset\Grupo_1\E_1_4\IriTech\E_1_4_0\E_1_4_0_R_5\via_region_data.json
E_1_4_0_R_M_N_N_1979_10_2017.bmp308278,Non-Alcohol,C:\PycharmProjects\Alcohol Detection\dataset\Grupo_1\E_1_4\IriTech\E_1_4_0\E_1_4_0_R_5\via_region_data.json
E_1_4_0_R_M_N_N_1979_11_2017.bmp308278,Non-Alcohol,C:\PycharmProjects\Alcohol Detection\dataset\Grupo_1\E_1_4\IriTech\E_1_4_0\E_1_4_0_R_5\via_region_data.json
E_1_4_0_R_M_N_N_1979_12_2017.bmp308278,Non-Alcohol,C:\PycharmProjects\Alcohol Detection\dataset\Grupo_1\E_1_4\IriTech\E_1_4_0\E_1_4_0_R_5\via_region_data.json
E_1_4_0_R_M_N_N_1979_13_2017.bmp308278,Non-Alcohol,C:\PycharmProjects\Alcohol Detection\dataset\Grupo_1\E_1_4\IriTech\E_1_4_0\E_1_4_0_R_5\via_region_data.json
E_1_4_0_R_M_N_N_1979_14_2017.bmp308278,Non-Alcohol,C:\PycharmProjects\Alcohol Detection\dataset\Grupo_1\E_1_4\IriTech\E_1_4_0\E_1_4_0_R_5\via_region_data.json
E_1_4_0_R_M_N_N_1979_15_2017.bmp308278,Non-Alcohol,C:\PycharmProjects\Alcohol Detection\dataset\Grupo_1\E_1_4\IriTech\E_1_4_0\E_1_4_0_R_5\via_region_data.json
E_1_4_0_R_M_N_N_1979_16_2017.bmp308278,Non-Alcohol,C:\PycharmProjects\Alcohol Detection\dataset\Grupo_1\E_1_4\IriTech\E_1_4_0\E_1_4_0_R_5\via_region_data.json
E_1_4_0_R_M_N_N_1979_17_2017.bmp308278,Non-Alcohol,C:\PycharmProjects\Alcohol Detection\dataset\Grupo_1\E_1_4\IriTech\E_1_4_0\E_1_4_0_R_5\via_region_data.json
E_1_4_0_R_M_N_N_1979_18_2017.bmp308278,Non-Alcohol,C:\PycharmProjects\Alcohol Detection\dataset\Grupo_1\E_1_4\IriTech\E_1_4_0\E_1_4_0_R_5\via_region_data.json
E_1_4_0_R_M_N_N_1979_19_2017.bmp308278,Non-Alcohol,C:\PycharmProjects\Alcohol Detection\dataset\Grupo_1\E_1_4\IriTech\E_1_4_0\E_1_4_0_R_5\via_region_data.json
E_1_4_0_R_M_N_N_1979_20_2017.bmp308278,Non-Alcohol,C:\PycharmProjects\Alcohol Detection\dataset\Grupo_1\E_1_4\IriTech\E_1_4_0\E_1_4_0_R_5\via_region_data.json
E_1_4_0_R_M_N_N_1979_21_2017.bmp308278,Non-Alcohol,C:\PycharmProjects\Alcohol Detection\dataset\Grupo_1\E_1_4\IriTech\E_1_4_0\E_1_4_0_R_5\via_region_data.json
E_1_4_0_R_M_N_N_1979_22_2017.bmp308278,Non-Alcohol,C:\PycharmProjects\Alcohol Detection\dataset\Grupo_1\E_1_4\IriTech\E_1_4_0\E_1_4_0_R_5\via_region_data.json
E_1_4_0_R_M_N_N_1979_23_2017.bmp308278,Non-Alcohol,C:\PycharmProjects\Alcohol Detection\dataset\Grupo_1\E_1_4\IriTech\E_1_4_0\E_1_4_0_R_5\via_region_data.json
E_1_4_0_R_M_N_N_1979_24_2017.bmp308278,Non-Alcohol,C:\PycharmProjects\Alcohol Detection\dataset\Grupo_1\E_1_4\IriTech\E_1_4_0\E_1_4_0_R_5\via_region_data.json
E_1_4_0_R_M_N_N_1979_25_2017.bmp308278,Non-Alcohol,C:\PycharmProjects\Alcohol Detection\dataset\Grupo_1\E_1_4\IriTech\E_1_4_0\E_1_4_0_R_5\via_region_data.json
E_1_4_0_R_M_N_N_1979_26_2017.bmp308278,Non-Alcohol,C:\PycharmProjects\Alcohol Detection\dataset\Grupo_1\E_1_4\IriTech\E_1_4_0\E_1_4_0_R_5\via_region_data.json
E_1_4_0_R_M_N_N_1979_27_2017.bmp308278,Non-Alcohol,C:\PycharmProjects\Alcohol Detection\dataset\Grupo_1\E_1_4\IriTech\E_1_4_0\E_1_4_0_R_5\via_region_data.json
E_1_4_0_R_M_N_N_1979_28_2017.bmp308278,Non-Alcohol,C:\PycharmProjects\Alcohol Detection\dataset\Grupo_1\E_1_4\IriTech\E_1_4_0\E_1_4_0_R_5\via_region_data.json
E_1_4_0_R_M_N_N_1979_29_2017.bmp308278,Non-Alcohol,C:\PycharmProjects\Alcohol Detection\dataset\Grupo_1\E_1_4\IriTech\E_1_4_0\E_1_4_0_R_5\via_region_data.json
E_1_4_0_R_M_N_N_1979_30_2017.bmp308278,Non-Alcohol,C:\PycharmProjects\Alcohol Detection\dataset\Grupo_1\E_1_4\IriTech\E_1_4_0\E_1_4_0_R_5\via_region_data.json
E_1_4_0_R_M_N_N_1979_31_2017.bmp308278,Non-Alcohol,C:\PycharmProjects\Alcohol Detection\dataset\Grupo_1\E_1_4\IriTech\E_1_4_0\E_1_4_0_R_5\via_region_data.json
E_1_4_0_R_M_N_N_1979_32_2017.bmp308278,Non-Alcohol,C:\PycharmProjects\Alcohol Detection\dataset\Grupo_1\E_1_4\IriTech\E_1_4_0\E_1_4_0_R_5\via_region_data.json
E_1_4_0_R_M_N_N_1979_33_2017.bmp308278,Non-Alcohol,C:\PycharmProjects\Alcohol Detection\dataset\Grupo_1\E_1_4\IriTech\E_1_4_0\E_1_4_0_R_5\via_region_data.json
E_1_4_0_R_M_N_N_1979_34_2017.bmp308278,Non-Alcohol,C:\PycharmProjects\Alcohol Detection\dataset\Grupo_1\E_1_4\IriTech\E_1_4_0\E_1_4_0_R_5\via_region_data.json
E_1_4_0_R_M_N_N_1979_35_2017.bmp308278,Non-Alcohol,C:\PycharmProjects\Alcohol Detection\dataset\Grupo_1\E_1_4\IriTech\E_1_4_0\E_1_4_0_R_5\via_region_data.json
E_1_4_0_R_M_N_N_1979_36_2017.bmp308278,Non-Alcohol,C:\PycharmProjects\Alcohol Detection\dataset\Grupo_1\E_1_4\IriTech\E_1_4_0\E_1_4_0_R_5\via_region_data.json
E_1_4_0_R_M_N_N_1979_37_2017.bmp308278,Non-Alcohol,C:\PycharmProjects\Alcohol Detection\dataset\Grupo_1\E_1_4\IriTech\E_1_4_0\E_1_4_0_R_5\via_region_data.json
E_1_4_0_R_M_N_N_1979_38_2017.bmp308278,Non-Alcohol,C:\PycharmProjects\Alcohol Detection\dataset\Grupo_1\E_1_4\IriTech\E_1_4_0\E_1_4_0_R_5\via_region_data.json
E_1_4_0_R_M_N_N_1979_39_2017.bmp308278,Non-Alcohol,C:\PycharmProjects\Alcohol Detection\dataset\Grupo_1\E_1_4\IriTech\E_1_4_0\E_1_4_0_R_5\via_region_data.json
E_1_4_0_R_M_N_N_1979_40_2017.bmp308278,Non-Alcohol,C:\PycharmProjects\Alcohol Detection\dataset\Grupo_1\E_1_4\IriTech\E_1_4_0\E_1_4_0_R_5\via_region_data.json
E_1_4_0_R_M_N_N_1979_41_2017.bmp308278,Non-Alcohol,C:\PycharmProjects\Alcohol Detection\dataset\Grupo_1\E_1_4\IriTech\E_1_4_0\E_1_4_0_R_5\via_region_data.json
E_1_4_0_R_M_N_N_1979_42_2017.bmp308278,Non-Alcohol,C:\PycharmProjects\Alcohol Detection\dataset\Grupo_1\E_1_4\IriTech\E_1_4_0\E_1_4_0_R_5\via_region_data.json
E_1_4_0_R_M_N_N_1979_43_2017.bmp308278,Non-Alcohol,C:\PycharmProjects\Alcohol Detection\dataset\Grupo_1\E_1_4\IriTech\E_1_4_0\E_1_4_0_R_5\via_region_data.json
E_1_4_0_R_M_N_N_1979_44_2017.bmp308278,Non-Alcohol,C:\PycharmProjects\Alcohol Detection\dataset\Grupo_1\E_1_4\IriTech\E_1_4_0\E_1_4_0_R_5\via_region_data.json
E_1_4_0_R_M_N_N_1979_45_2017.bmp308278,Non-Alcohol,C:\PycharmProjects\Alcohol Detection\dataset\Grupo_1\E_1_4\IriTech\E_1_4_0\E_1_4_0_R_5\via_region_data.json
E_1_4_0_R_M_N_N_1979_46_2017.bmp308278,Non-Alcohol,C:\PycharmProjects\Alcohol Detection\dataset\Grupo_1\E_1_4\IriTech\E_1_4_0\E_1_4_0_R_5\via_region_data.json
E_1_4_0_R_M_N_N_1979_47_2017.bmp308278,Non-Alcohol,C:\PycharmProjects\Alcohol Detection\dataset\Grupo_1\E_1_4\IriTech\E_1_4_0\E_1_4_0_R_5\via_region_data.json
E_1_4_0_R_M_N_N_1979_48_2017.bmp308278,Non-Alcohol,C:\PycharmProjects\Alcohol Detection\dataset\Grupo_1\E_1_4\IriTech\E_1_4_0\E_1_4_0_R_5\via_region_data.json
E_1_4_0_R_M_N_N_1979_49_2017.bmp308278,Non-Alcohol,C:\PycharmProjects\Alcohol Detection\dataset\Grupo_1\E_1_4\IriTech\E_1_4_0\E_1_4_0_R_5\via_region_data.json
E_1_4_0_R_M_N_N_1979_50_2017.bmp308278,Non-Alcohol,C:\PycharmProjects\Alcohol Detection\dataset\Grupo_1\E_1_4\IriTech\E_1_4_0\E_1_4_0_R_5\via_region_data.json
E_1_4_0_R_M_N_N_1979_51_2017.bmp308278,Non-Alcohol,C:\PycharmProjects\Alcohol Detection\dataset\Grupo_1\E_1_4\IriTech\E_1_4_0\E_1_4_0_R_5\via_region_data.json
E_1_4_0_R_M_N_N_1979_52_2017.bmp308278,Non-Alcohol,C:\PycharmProjects\Alcohol Detection\dataset\Grupo_1\E_1_4\IriTech\E_1_4_0\E_1_4_0_R_5\via_region_data.json
E_1_4_0_R_M_N_N_1979_53_2017.bmp308278,Non-Alcohol,C:\PycharmProjects\Alcohol Detection\dataset\Grupo_1\E_1_4\IriTech\E_1_4_0\E_1_4_0_R_5\via_region_data.json
E_1_4_0_R_M_N_N_1979_54_2017.bmp308278,Non-Alcohol,C:\PycharmProjects\Alcohol Detection\dataset\Grupo_1\E_1_4\IriTech\E_1_4_0\E_1_4_0_R_5\via_region_data.json
E_1_4_0_R_M_N_N_1979_55_2017.bmp308278,Non-Alcohol,C:\PycharmProjects\Alcohol Detection\dataset\Grupo_1\E_1_4\IriTech\E_1_4_0\E_1_4_0_R_5\via_region_data.json
E_1_4_0_R_M_N_N_1979_56_2017.bmp308278,Non-Alcohol,C:\PycharmProjects\Alcohol Detection\dataset\Grupo_1\E_1_4\IriTech\E_1_4_0\E_1_4_0_R_5\via_region_data.json
E_1_4_0_R_M_N_N_1979_57_2017.bmp308278,Non-Alcohol,C:\PycharmProjects\Alcohol Detection\dataset\Grupo_1\E_1_4\IriTech\E_1_4_0\E_1_4_0_R_5\via_region_data.json
E_1_4_0_R_M_N_N_1979_58_2017.bmp308278,Non-Alcohol,C:\PycharmProjects\Alcohol Detection\dataset\Grupo_1\E_1_4\IriTech\E_1_4_0\E_1_4_0_R_5\via_region_data.json
E_1_4_0_R_M_N_N_1979_59_2017.bmp308278,Non-Alcohol,C:\PycharmProjects\Alcohol Detection\dataset\Grupo_1\E_1_4\IriTech\E_1_4_0\E_1_4_0_R_5\via_region_data.json
E_1_4_0_R_M_N_N_1979_60_2017.bmp308278,Non-Alcohol,C:\PycharmProjects\Alcohol Detection\dataset\Grupo_1\E_1_4\IriTech\E_1_4_0\E_1_4_0_R_5\via_region_data.json
E_1_4_0_R_M_N_N_1979_61_2017.bmp308278,Non-Alcohol,C:\PycharmProjects\Alcohol Detection\dataset\Grupo_1\E_1_4\IriTech\E_1_4_0\E_1_4_0_R_5\via_region_data.json
E_1_4_0_R_M_N_N_1979_62_2017.bmp308278,Non-Alcohol,C:\PycharmProjects\Alcohol Detection\dataset\Grupo_1\E_1_4\IriTech\E_1_4_0\E_1_4_0_R_5\via_region_data.json
E_1_4_0_R_M_N_N_1979_63_2017.bmp308278,Non-Alcohol,C:\PycharmProjects\Alcohol Detection\dataset\Grupo_1\E_1_4\IriTech\E_1_4_0\E_1_4_0_R_5\via_region_data.json
E_1_4_0_R_M_N_N_1979_64_2017.bmp308278,Non-Alcohol,C:\PycharmProjects\Alcohol Detection\dataset\Grupo_1\E_1_4\IriTech\E_1_4_0\E_1_4_0_R_5\via_region_data.json
E_1_4_0_R_M_N_N_1979_65_2017.bmp308278,Non-Alcohol,C:\PycharmProjects\Alcohol Detection\dataset\Grupo_1\E_1_4\IriTech\E_1_4_0\E_1_4_0_R_5\via_region_data.json
E_1_4_0_R_M_N_N_1979_66_2017.bmp308278,Non-Alcohol,C:\PycharmProjects\Alcohol Detection\dataset\Grupo_1\E_1_4\IriTech\E_1_4_0\E_1_4_0_R_5\via_region_data.json
E_1_4_0_R_M_N_N_1979_67_2017.bmp308278,Non-Alcohol,C:\PycharmProjects\Alcohol Detection\dataset\Grupo_1\E_1_4\IriTech\E_1_4_0\E_1_4_0_R_5\via_region_data.json
E_1_4_0_R_M_N_N_1979_68_2017.bmp308278,Non-Alcohol,C:\PycharmProjects\Alcohol Detection\dataset\Grupo_1\E_1_4\IriTech\E_1_4_0\E_1_4_0_R_5\via_region_data.json
E_1_4_0_R_M_N_N_1979_69_2017.bmp308278,Non-Alcohol,C:\PycharmProjects\Alcohol Detection\dataset\Grupo_1\E_1_4\IriTech\E_1_4_0\E_1_4_0_R_5\via_region_data.json
E_1_4_0_R_M_N_N_1979_70_2017.bmp308278,Non-Alcohol,C:\PycharmProjects\Alcohol Detection\dataset\Grupo_1\E_1_4\IriTech\E_1_4_0\E_1_4_0_R_5\via_region_data.json
E_1_4_0_R_M_N_N_1979_71_2017.bmp308278,Non-Alcohol,C:\PycharmProjects\Alcohol Detection\dataset\Grupo_1\E_1_4\IriTech\E_1_4_0\E_1_4_0_R_5\via_region_data.json
E_1_4_0_R_M_N_N_1979_72_2017.bmp308278,Non-Alcohol,C:\PycharmProjects\Alcohol Detection\dataset\Grupo_1\E_1_4\IriTech\E_1_4_0\E_1_4_0_R_5\via_region_data.json
E_1_4_0_R_M_N_N_1979_73_2017.bmp308278,Non-Alcohol,C:\PycharmProjects\Alcohol Detection\dataset\Grupo_1\E_1_4\IriTech\E_1_4_0\E_1_4_0_R_5\via_region_data.json
E_1_4_0_R_M_N_N_1979_74_2017.bmp308278,Non-Alcohol,C:\PycharmProjects\Alcohol Detection\dataset\Grupo_1\E_1_4\IriTech\E_1_4_0\E_1_4_0_R_5\via_region_data.json
E_1_4_0_R_M_N_N_1979_75_2017.bmp308278,Non-Alcohol,C:\PycharmProjects\Alcohol Detection\dataset\Grupo_1\E_1_4\IriTech\E_1_4_0\E_1_4_0_R_5\via_region_data.json
E_1_4_0_R_M_N_N_1979_76_2017.bmp308278,Non-Alcohol,C:\PycharmProjects\Alcohol Detection\dataset\Grupo_1\E_1_4\IriTech\E_1_4_0\E_1_4_0_R_5\via_region_data.json
E_1_4_0_R_M_N_N_1979_77_2017.bmp308278,Non-Alcohol,C:\PycharmProjects\Alcohol Detection\dataset\Grupo_1\E_1_4\IriTech\E_1_4_0\E_1_4_0_R_5\via_region_data.json
E_1_4_0_R_M_N_N_1979_78_2017.bmp308278,Non-Alcohol,C:\PycharmProjects\Alcohol Detection\dataset\Grupo_1\E_1_4\IriTech\E_1_4_0\E_1_4_0_R_5\via_region_data.json
E_1_4_1_L_M_N_N_1979_0_2017.bmp308278,Non-Alcohol,C:\PycharmProjects\Alcohol Detection\dataset\Grupo_1\E_1_4\IriTech\E_1_4_1\via_region_data.json
E_1_4_1_R_M_N_N_1979_0_2017.bmp308278,Non-Alcohol,C:\PycharmProjects\Alcohol Detection\dataset\Grupo_1\E_1_4\IriTech\E_1_4_1\via_region_data.json
E_1_4_1_L_M_N_N_1979_0_2017.bmp308278,Non-Alcohol,C:\PycharmProjects\Alcohol Detection\dataset\Grupo_1\E_1_4\IriTech\E_1_4_1\E_1_4_1_L_5\via_region_data.json
E_1_4_1_L_M_N_N_1979_1_2017.bmp308278,Alcohol,C:\PycharmProjects\Alcohol Detection\dataset\Grupo_1\E_1_4\IriTech\E_1_4_1\E_1_4_1_L_5\via_region_data.json
E_1_4_1_L_M_N_N_1979_2_2017.bmp308278,Alcohol,C:\PycharmProjects\Alcohol Detection\dataset\Grupo_1\E_1_4\IriTech\E_1_4_1\E_1_4_1_L_5\via_region_data.json
E_1_4_1_L_M_N_N_1979_3_2017.bmp308278,Alcohol,C:\PycharmProjects\Alcohol Detection\dataset\Grupo_1\E_1_4\IriTech\E_1_4_1\E_1_4_1_L_5\via_region_data.json
E_1_4_1_L_M_N_N_1979_4_2017.bmp308278,Alcohol,C:\PycharmProjects\Alcohol Detection\dataset\Grupo_1\E_1_4\IriTech\E_1_4_1\E_1_4_1_L_5\via_region_data.json
E_1_4_1_L_M_N_N_1979_5_2017.bmp308278,Alcohol,C:\PycharmProjects\Alcohol Detection\dataset\Grupo_1\E_1_4\IriTech\E_1_4_1\E_1_4_1_L_5\via_region_data.json
E_1_4_1_L_M_N_N_1979_6_2017.bmp308278,Alcohol,C:\PycharmProjects\Alcohol Detection\dataset\Grupo_1\E_1_4\IriTech\E_1_4_1\E_1_4_1_L_5\via_region_data.json
E_1_4_1_L_M_N_N_1979_7_2017.bmp308278,Alcohol,C:\PycharmProjects\Alcohol Detection\dataset\Grupo_1\E_1_4\IriTech\E_1_4_1\E_1_4_1_L_5\via_region_data.json
E_1_4_1_L_M_N_N_1979_8_2017.bmp308278,Alcohol,C:\PycharmProjects\Alcohol Detection\dataset\Grupo_1\E_1_4\IriTech\E_1_4_1\E_1_4_1_L_5\via_region_data.json
E_1_4_1_L_M_N_N_1979_9_2017.bmp308278,Alcohol,C:\PycharmProjects\Alcohol Detection\dataset\Grupo_1\E_1_4\IriTech\E_1_4_1\E_1_4_1_L_5\via_region_data.json
E_1_4_1_L_M_N_N_1979_10_2017.bmp308278,Alcohol,C:\PycharmProjects\Alcohol Detection\dataset\Grupo_1\E_1_4\IriTech\E_1_4_1\E_1_4_1_L_5\via_region_data.json
E_1_4_1_L_M_N_N_1979_11_2017.bmp308278,Alcohol,C:\PycharmProjects\Alcohol Detection\dataset\Grupo_1\E_1_4\IriTech\E_1_4_1\E_1_4_1_L_5\via_region_data.json
E_1_4_1_L_M_N_N_1979_12_2017.bmp308278,Alcohol,C:\PycharmProjects\Alcohol Detection\dataset\Grupo_1\E_1_4\IriTech\E_1_4_1\E_1_4_1_L_5\via_region_data.json
E_1_4_1_L_M_N_N_1979_13_2017.bmp308278,Alcohol,C:\PycharmProjects\Alcohol Detection\dataset\Grupo_1\E_1_4\IriTech\E_1_4_1\E_1_4_1_L_5\via_region_data.json
E_1_4_1_L_M_N_N_1979_14_2017.bmp308278,Alcohol,C:\PycharmProjects\Alcohol Detection\dataset\Grupo_1\E_1_4\IriTech\E_1_4_1\E_1_4_1_L_5\via_region_data.json
E_1_4_1_L_M_N_N_1979_15_2017.bmp308278,Alcohol,C:\PycharmProjects\Alcohol Detection\dataset\Grupo_1\E_1_4\IriTech\E_1_4_1\E_1_4_1_L_5\via_region_data.json
E_1_4_1_L_M_N_N_1979_16_2017.bmp308278,Alcohol,C:\PycharmProjects\Alcohol Detection\dataset\Grupo_1\E_1_4\IriTech\E_1_4_1\E_1_4_1_L_5\via_region_data.json
E_1_4_1_L_M_N_N_1979_17_2017.bmp308278,Alcohol,C:\PycharmProjects\Alcohol Detection\dataset\Grupo_1\E_1_4\IriTech\E_1_4_1\E_1_4_1_L_5\via_region_data.json
E_1_4_1_L_M_N_N_1979_18_2017.bmp308278,Alcohol,C:\PycharmProjects\Alcohol Detection\dataset\Grupo_1\E_1_4\IriTech\E_1_4_1\E_1_4_1_L_5\via_region_data.json
E_1_4_1_L_M_N_N_1979_19_2017.bmp308278,Alcohol,C:\PycharmProjects\Alcohol Detection\dataset\Grupo_1\E_1_4\IriTech\E_1_4_1\E_1_4_1_L_5\via_region_data.json
E_1_4_1_L_M_N_N_1979_20_2017.bmp308278,Alcohol,C:\PycharmProjects\Alcohol Detection\dataset\Grupo_1\E_1_4\IriTech\E_1_4_1\E_1_4_1_L_5\via_region_data.json
E_1_4_1_L_M_N_N_1979_21_2017.bmp308278,Alcohol,C:\PycharmProjects\Alcohol Detection\dataset\Grupo_1\E_1_4\IriTech\E_1_4_1\E_1_4_1_L_5\via_region_data.json
E_1_4_1_L_M_N_N_1979_22_2017.bmp308278,Alcohol,C:\PycharmProjects\Alcohol Detection\dataset\Grupo_1\E_1_4\IriTech\E_1_4_1\E_1_4_1_L_5\via_region_data.json
E_1_4_1_L_M_N_N_1979_23_2017.bmp308278,Alcohol,C:\PycharmProjects\Alcohol Detection\dataset\Grupo_1\E_1_4\IriTech\E_1_4_1\E_1_4_1_L_5\via_region_data.json
E_1_4_1_L_M_N_N_1979_24_2017.bmp308278,Alcohol,C:\PycharmProjects\Alcohol Detection\dataset\Grupo_1\E_1_4\IriTech\E_1_4_1\E_1_4_1_L_5\via_region_data.json
E_1_4_1_L_M_N_N_1979_25_2017.bmp308278,Alcohol,C:\PycharmProjects\Alcohol Detection\dataset\Grupo_1\E_1_4\IriTech\E_1_4_1\E_1_4_1_L_5\via_region_data.json
E_1_4_1_L_M_N_N_1979_26_2017.bmp308278,Alcohol,C:\PycharmProjects\Alcohol Detection\dataset\Grupo_1\E_1_4\IriTech\E_1_4_1\E_1_4_1_L_5\via_region_data.json
E_1_4_1_L_M_N_N_1979_27_2017.bmp308278,Alcohol,C:\PycharmProjects\Alcohol Detection\dataset\Grupo_1\E_1_4\IriTech\E_1_4_1\E_1_4_1_L_5\via_region_data.json
E_1_4_1_L_M_N_N_1979_28_2017.bmp308278,Alcohol,C:\PycharmProjects\Alcohol Detection\dataset\Grupo_1\E_1_4\IriTech\E_1_4_1\E_1_4_1_L_5\via_region_data.json
E_1_4_1_L_M_N_N_1979_29_2017.bmp308278,Alcohol,C:\PycharmProjects\Alcohol Detection\dataset\Grupo_1\E_1_4\IriTech\E_1_4_1\E_1_4_1_L_5\via_region_data.json
E_1_4_1_L_M_N_N_1979_30_2017.bmp308278,Alcohol,C:\PycharmProjects\Alcohol Detection\dataset\Grupo_1\E_1_4\IriTech\E_1_4_1\E_1_4_1_L_5\via_region_data.json
E_1_4_1_L_M_N_N_1979_31_2017.bmp308278,Alcohol,C:\PycharmProjects\Alcohol Detection\dataset\Grupo_1\E_1_4\IriTech\E_1_4_1\E_1_4_1_L_5\via_region_data.json
E_1_4_1_L_M_N_N_1979_32_2017.bmp308278,Alcohol,C:\PycharmProjects\Alcohol Detection\dataset\Grupo_1\E_1_4\IriTech\E_1_4_1\E_1_4_1_L_5\via_region_data.json
E_1_4_1_L_M_N_N_1979_33_2017.bmp308278,Alcohol,C:\PycharmProjects\Alcohol Detection\dataset\Grupo_1\E_1_4\IriTech\E_1_4_1\E_1_4_1_L_5\via_region_data.json
E_1_4_1_L_M_N_N_1979_34_2017.bmp308278,Alcohol,C:\PycharmProjects\Alcohol Detection\dataset\Grupo_1\E_1_4\IriTech\E_1_4_1\E_1_4_1_L_5\via_region_data.json
E_1_4_1_L_M_N_N_1979_35_2017.bmp308278,Alcohol,C:\PycharmProjects\Alcohol Detection\dataset\Grupo_1\E_1_4\IriTech\E_1_4_1\E_1_4_1_L_5\via_region_data.json
E_1_4_1_L_M_N_N_1979_36_2017.bmp308278,Alcohol,C:\PycharmProjects\Alcohol Detection\dataset\Grupo_1\E_1_4\IriTech\E_1_4_1\E_1_4_1_L_5\via_region_data.json
E_1_4_1_L_M_N_N_1979_37_2017.bmp308278,Alcohol,C:\PycharmProjects\Alcohol Detection\dataset\Grupo_1\E_1_4\IriTech\E_1_4_1\E_1_4_1_L_5\via_region_data.json
E_1_4_1_L_M_N_N_1979_38_2017.bmp308278,Alcohol,C:\PycharmProjects\Alcohol Detection\dataset\Grupo_1\E_1_4\IriTech\E_1_4_1\E_1_4_1_L_5\via_region_data.json
E_1_4_1_L_M_N_N_1979_39_2017.bmp308278,Alcohol,C:\PycharmProjects\Alcohol Detection\dataset\Grupo_1\E_1_4\IriTech\E_1_4_1\E_1_4_1_L_5\via_region_data.json
E_1_4_1_L_M_N_N_1979_40_2017.bmp308278,Alcohol,C:\PycharmProjects\Alcohol Detection\dataset\Grupo_1\E_1_4\IriTech\E_1_4_1\E_1_4_1_L_5\via_region_data.json
E_1_4_1_L_M_N_N_1979_41_2017.bmp308278,Alcohol,C:\PycharmProjects\Alcohol Detection\dataset\Grupo_1\E_1_4\IriTech\E_1_4_1\E_1_4_1_L_5\via_region_data.json
E_1_4_1_L_M_N_N_1979_42_2017.bmp308278,Alcohol,C:\PycharmProjects\Alcohol Detection\dataset\Grupo_1\E_1_4\IriTech\E_1_4_1\E_1_4_1_L_5\via_region_data.json
E_1_4_1_L_M_N_N_1979_43_2017.bmp308278,Alcohol,C:\PycharmProjects\Alcohol Detection\dataset\Grupo_1\E_1_4\IriTech\E_1_4_1\E_1_4_1_L_5\via_region_data.json
E_1_4_1_L_M_N_N_1979_44_2017.bmp308278,Alcohol,C:\PycharmProjects\Alcohol Detection\dataset\Grupo_1\E_1_4\IriTech\E_1_4_1\E_1_4_1_L_5\via_region_data.json
E_1_4_1_L_M_N_N_1979_45_2017.bmp308278,Alcohol,C:\PycharmProjects\Alcohol Detection\dataset\Grupo_1\E_1_4\IriTech\E_1_4_1\E_1_4_1_L_5\via_region_data.json
E_1_4_1_L_M_N_N_1979_46_2017.bmp308278,Alcohol,C:\PycharmProjects\Alcohol Detection\dataset\Grupo_1\E_1_4\IriTech\E_1_4_1\E_1_4_1_L_5\via_region_data.json
E_1_4_1_L_M_N_N_1979_47_2017.bmp308278,Alcohol,C:\PycharmProjects\Alcohol Detection\dataset\Grupo_1\E_1_4\IriTech\E_1_4_1\E_1_4_1_L_5\via_region_data.json
E_1_4_1_L_M_N_N_1979_48_2017.bmp308278,Alcohol,C:\PycharmProjects\Alcohol Detection\dataset\Grupo_1\E_1_4\IriTech\E_1_4_1\E_1_4_1_L_5\via_region_data.json
E_1_4_1_L_M_N_N_1979_49_2017.bmp308278,Alcohol,C:\PycharmProjects\Alcohol Detection\dataset\Grupo_1\E_1_4\IriTech\E_1_4_1\E_1_4_1_L_5\via_region_data.json
E_1_4_1_L_M_N_N_1979_50_2017.bmp308278,Alcohol,C:\PycharmProjects\Alcohol Detection\dataset\Grupo_1\E_1_4\IriTech\E_1_4_1\E_1_4_1_L_5\via_region_data.json
E_1_4_1_L_M_N_N_1979_51_2017.bmp308278,Alcohol,C:\PycharmProjects\Alcohol Detection\dataset\Grupo_1\E_1_4\IriTech\E_1_4_1\E_1_4_1_L_5\via_region_data.json
E_1_4_1_L_M_N_N_1979_52_2017.bmp308278,Alcohol,C:\PycharmProjects\Alcohol Detection\dataset\Grupo_1\E_1_4\IriTech\E_1_4_1\E_1_4_1_L_5\via_region_data.json
E_1_4_1_L_M_N_N_1979_53_2017.bmp308278,Alcohol,C:\PycharmProjects\Alcohol Detection\dataset\Grupo_1\E_1_4\IriTech\E_1_4_1\E_1_4_1_L_5\via_region_data.json
E_1_4_1_L_M_N_N_1979_54_2017.bmp308278,Alcohol,C:\PycharmProjects\Alcohol Detection\dataset\Grupo_1\E_1_4\IriTech\E_1_4_1\E_1_4_1_L_5\via_region_data.json
E_1_4_1_L_M_N_N_1979_55_2017.bmp308278,Alcohol,C:\PycharmProjects\Alcohol Detection\dataset\Grupo_1\E_1_4\IriTech\E_1_4_1\E_1_4_1_L_5\via_region_data.json
E_1_4_1_L_M_N_N_1979_56_2017.bmp308278,Alcohol,C:\PycharmProjects\Alcohol Detection\dataset\Grupo_1\E_1_4\IriTech\E_1_4_1\E_1_4_1_L_5\via_region_data.json
E_1_4_1_L_M_N_N_1979_57_2017.bmp308278,Alcohol,C:\PycharmProjects\Alcohol Detection\dataset\Grupo_1\E_1_4\IriTech\E_1_4_1\E_1_4_1_L_5\via_region_data.json
E_1_4_1_L_M_N_N_1979_58_2017.bmp308278,Alcohol,C:\PycharmProjects\Alcohol Detection\dataset\Grupo_1\E_1_4\IriTech\E_1_4_1\E_1_4_1_L_5\via_region_data.json
E_1_4_1_L_M_N_N_1979_59_2017.bmp308278,Alcohol,C:\PycharmProjects\Alcohol Detection\dataset\Grupo_1\E_1_4\IriTech\E_1_4_1\E_1_4_1_L_5\via_region_data.json
E_1_4_1_L_M_N_N_1979_60_2017.bmp308278,Alcohol,C:\PycharmProjects\Alcohol Detection\dataset\Grupo_1\E_1_4\IriTech\E_1_4_1\E_1_4_1_L_5\via_region_data.json
E_1_4_1_L_M_N_N_1979_61_2017.bmp308278,Alcohol,C:\PycharmProjects\Alcohol Detection\dataset\Grupo_1\E_1_4\IriTech\E_1_4_1\E_1_4_1_L_5\via_region_data.json
E_1_4_1_L_M_N_N_1979_62_2017.bmp308278,Alcohol,C:\PycharmProjects\Alcohol Detection\dataset\Grupo_1\E_1_4\IriTech\E_1_4_1\E_1_4_1_L_5\via_region_data.json
E_1_4_1_L_M_N_N_1979_63_2017.bmp308278,Alcohol,C:\PycharmProjects\Alcohol Detection\dataset\Grupo_1\E_1_4\IriTech\E_1_4_1\E_1_4_1_L_5\via_region_data.json
E_1_4_1_L_M_N_N_1979_64_2017.bmp308278,Alcohol,C:\PycharmProjects\Alcohol Detection\dataset\Grupo_1\E_1_4\IriTech\E_1_4_1\E_1_4_1_L_5\via_region_data.json
E_1_4_1_L_M_N_N_1979_65_2017.bmp308278,Alcohol,C:\PycharmProjects\Alcohol Detection\dataset\Grupo_1\E_1_4\IriTech\E_1_4_1\E_1_4_1_L_5\via_region_data.json
E_1_4_1_L_M_N_N_1979_66_2017.bmp308278,Alcohol,C:\PycharmProjects\Alcohol Detection\dataset\Grupo_1\E_1_4\IriTech\E_1_4_1\E_1_4_1_L_5\via_region_data.json
E_1_4_1_L_M_N_N_1979_67_2017.bmp308278,Alcohol,C:\PycharmProjects\Alcohol Detection\dataset\Grupo_1\E_1_4\IriTech\E_1_4_1\E_1_4_1_L_5\via_region_data.json
E_1_4_1_L_M_N_N_1979_68_2017.bmp308278,Alcohol,C:\PycharmProjects\Alcohol Detection\dataset\Grupo_1\E_1_4\IriTech\E_1_4_1\E_1_4_1_L_5\via_region_data.json
E_1_4_1_L_M_N_N_1979_69_2017.bmp308278,Alcohol,C:\PycharmProjects\Alcohol Detection\dataset\Grupo_1\E_1_4\IriTech\E_1_4_1\E_1_4_1_L_5\via_region_data.json
E_1_4_1_L_M_N_N_1979_70_2017.bmp308278,Alcohol,C:\PycharmProjects\Alcohol Detection\dataset\Grupo_1\E_1_4\IriTech\E_1_4_1\E_1_4_1_L_5\via_region_data.json
E_1_4_1_L_M_N_N_1979_71_2017.bmp308278,Alcohol,C:\PycharmProjects\Alcohol Detection\dataset\Grupo_1\E_1_4\IriTech\E_1_4_1\E_1_4_1_L_5\via_region_data.json
E_1_4_1_L_M_N_N_1979_72_2017.bmp308278,Alcohol,C:\PycharmProjects\Alcohol Detection\dataset\Grupo_1\E_1_4\IriTech\E_1_4_1\E_1_4_1_L_5\via_region_data.json
E_1_4_1_L_M_N_N_1979_73_2017.bmp308278,Alcohol,C:\PycharmProjects\Alcohol Detection\dataset\Grupo_1\E_1_4\IriTech\E_1_4_1\E_1_4_1_L_5\via_region_data.json
E_1_4_1_L_M_N_N_1979_74_2017.bmp308278,Alcohol,C:\PycharmProjects\Alcohol Detection\dataset\Grupo_1\E_1_4\IriTech\E_1_4_1\E_1_4_1_L_5\via_region_data.json
E_1_4_1_L_M_N_N_1979_75_2017.bmp308278,Alcohol,C:\PycharmProjects\Alcohol Detection\dataset\Grupo_1\E_1_4\IriTech\E_1_4_1\E_1_4_1_L_5\via_region_data.json
E_1_4_1_L_M_N_N_1979_76_2017.bmp308278,Alcohol,C:\PycharmProjects\Alcohol Detection\dataset\Grupo_1\E_1_4\IriTech\E_1_4_1\E_1_4_1_L_5\via_region_data.json
E_1_4_1_R_M_N_N_1979_0_2017.bmp308278,Non-Alcohol,C:\PycharmProjects\Alcohol Detection\dataset\Grupo_1\E_1_4\IriTech\E_1_4_1\E_1_4_1_R_5\via_region_data.json
E_1_4_1_R_M_N_N_1979_1_2017.bmp308278,Alcohol,C:\PycharmProjects\Alcohol Detection\dataset\Grupo_1\E_1_4\IriTech\E_1_4_1\E_1_4_1_R_5\via_region_data.json
E_1_4_1_R_M_N_N_1979_2_2017.bmp308278,Alcohol,C:\PycharmProjects\Alcohol Detection\dataset\Grupo_1\E_1_4\IriTech\E_1_4_1\E_1_4_1_R_5\via_region_data.json
E_1_4_1_R_M_N_N_1979_3_2017.bmp308278,Alcohol,C:\PycharmProjects\Alcohol Detection\dataset\Grupo_1\E_1_4\IriTech\E_1_4_1\E_1_4_1_R_5\via_region_data.json
E_1_4_1_R_M_N_N_1979_4_2017.bmp308278,Alcohol,C:\PycharmProjects\Alcohol Detection\dataset\Grupo_1\E_1_4\IriTech\E_1_4_1\E_1_4_1_R_5\via_region_data.json
E_1_4_1_R_M_N_N_1979_5_2017.bmp308278,Alcohol,C:\PycharmProjects\Alcohol Detection\dataset\Grupo_1\E_1_4\IriTech\E_1_4_1\E_1_4_1_R_5\via_region_data.json
E_1_4_1_R_M_N_N_1979_6_2017.bmp308278,Alcohol,C:\PycharmProjects\Alcohol Detection\dataset\Grupo_1\E_1_4\IriTech\E_1_4_1\E_1_4_1_R_5\via_region_data.json
E_1_4_1_R_M_N_N_1979_7_2017.bmp308278,Alcohol,C:\PycharmProjects\Alcohol Detection\dataset\Grupo_1\E_1_4\IriTech\E_1_4_1\E_1_4_1_R_5\via_region_data.json
E_1_4_1_R_M_N_N_1979_8_2017.bmp308278,Alcohol,C:\PycharmProjects\Alcohol Detection\dataset\Grupo_1\E_1_4\IriTech\E_1_4_1\E_1_4_1_R_5\via_region_data.json
E_1_4_1_R_M_N_N_1979_9_2017.bmp308278,Alcohol,C:\PycharmProjects\Alcohol Detection\dataset\Grupo_1\E_1_4\IriTech\E_1_4_1\E_1_4_1_R_5\via_region_data.json
E_1_4_1_R_M_N_N_1979_10_2017.bmp308278,Alcohol,C:\PycharmProjects\Alcohol Detection\dataset\Grupo_1\E_1_4\IriTech\E_1_4_1\E_1_4_1_R_5\via_region_data.json
E_1_4_1_R_M_N_N_1979_11_2017.bmp308278,Alcohol,C:\PycharmProjects\Alcohol Detection\dataset\Grupo_1\E_1_4\IriTech\E_1_4_1\E_1_4_1_R_5\via_region_data.json
E_1_4_1_R_M_N_N_1979_12_2017.bmp308278,Alcohol,C:\PycharmProjects\Alcohol Detection\dataset\Grupo_1\E_1_4\IriTech\E_1_4_1\E_1_4_1_R_5\via_region_data.json
E_1_4_1_R_M_N_N_1979_13_2017.bmp308278,Alcohol,C:\PycharmProjects\Alcohol Detection\dataset\Grupo_1\E_1_4\IriTech\E_1_4_1\E_1_4_1_R_5\via_region_data.json
E_1_4_1_R_M_N_N_1979_14_2017.bmp308278,Alcohol,C:\PycharmProjects\Alcohol Detection\dataset\Grupo_1\E_1_4\IriTech\E_1_4_1\E_1_4_1_R_5\via_region_data.json
E_1_4_1_R_M_N_N_1979_15_2017.bmp308278,Alcohol,C:\PycharmProjects\Alcohol Detection\dataset\Grupo_1\E_1_4\IriTech\E_1_4_1\E_1_4_1_R_5\via_region_data.json
E_1_4_1_R_M_N_N_1979_16_2017.bmp308278,Alcohol,C:\PycharmProjects\Alcohol Detection\dataset\Grupo_1\E_1_4\IriTech\E_1_4_1\E_1_4_1_R_5\via_region_data.json
E_1_4_1_R_M_N_N_1979_17_2017.bmp308278,Alcohol,C:\PycharmProjects\Alcohol Detection\dataset\Grupo_1\E_1_4\IriTech\E_1_4_1\E_1_4_1_R_5\via_region_data.json
E_1_4_1_R_M_N_N_1979_18_2017.bmp308278,Alcohol,C:\PycharmProjects\Alcohol Detection\dataset\Grupo_1\E_1_4\IriTech\E_1_4_1\E_1_4_1_R_5\via_region_data.json
E_1_4_1_R_M_N_N_1979_19_2017.bmp308278,Alcohol,C:\PycharmProjects\Alcohol Detection\dataset\Grupo_1\E_1_4\IriTech\E_1_4_1\E_1_4_1_R_5\via_region_data.json
E_1_4_1_R_M_N_N_1979_20_2017.bmp308278,Alcohol,C:\PycharmProjects\Alcohol Detection\dataset\Grupo_1\E_1_4\IriTech\E_1_4_1\E_1_4_1_R_5\via_region_data.json
E_1_4_1_R_M_N_N_1979_21_2017.bmp308278,Alcohol,C:\PycharmProjects\Alcohol Detection\dataset\Grupo_1\E_1_4\IriTech\E_1_4_1\E_1_4_1_R_5\via_region_data.json
E_1_4_1_R_M_N_N_1979_22_2017.bmp308278,Alcohol,C:\PycharmProjects\Alcohol Detection\dataset\Grupo_1\E_1_4\IriTech\E_1_4_1\E_1_4_1_R_5\via_region_data.json
E_1_4_1_R_M_N_N_1979_23_2017.bmp308278,Alcohol,C:\PycharmProjects\Alcohol Detection\dataset\Grupo_1\E_1_4\IriTech\E_1_4_1\E_1_4_1_R_5\via_region_data.json
E_1_4_1_R_M_N_N_1979_24_2017.bmp308278,Alcohol,C:\PycharmProjects\Alcohol Detection\dataset\Grupo_1\E_1_4\IriTech\E_1_4_1\E_1_4_1_R_5\via_region_data.json
E_1_4_1_R_M_N_N_1979_25_2017.bmp308278,Alcohol,C:\PycharmProjects\Alcohol Detection\dataset\Grupo_1\E_1_4\IriTech\E_1_4_1\E_1_4_1_R_5\via_region_data.json
E_1_4_1_R_M_N_N_1979_26_2017.bmp308278,Alcohol,C:\PycharmProjects\Alcohol Detection\dataset\Grupo_1\E_1_4\IriTech\E_1_4_1\E_1_4_1_R_5\via_region_data.json
E_1_4_1_R_M_N_N_1979_27_2017.bmp308278,Alcohol,C:\PycharmProjects\Alcohol Detection\dataset\Grupo_1\E_1_4\IriTech\E_1_4_1\E_1_4_1_R_5\via_region_data.json
E_1_4_1_R_M_N_N_1979_28_2017.bmp308278,Alcohol,C:\PycharmProjects\Alcohol Detection\dataset\Grupo_1\E_1_4\IriTech\E_1_4_1\E_1_4_1_R_5\via_region_data.json
E_1_4_1_R_M_N_N_1979_29_2017.bmp308278,Alcohol,C:\PycharmProjects\Alcohol Detection\dataset\Grupo_1\E_1_4\IriTech\E_1_4_1\E_1_4_1_R_5\via_region_data.json
E_1_4_1_R_M_N_N_1979_30_2017.bmp308278,Alcohol,C:\PycharmProjects\Alcohol Detection\dataset\Grupo_1\E_1_4\IriTech\E_1_4_1\E_1_4_1_R_5\via_region_data.json
E_1_4_1_R_M_N_N_1979_31_2017.bmp308278,Alcohol,C:\PycharmProjects\Alcohol Detection\dataset\Grupo_1\E_1_4\IriTech\E_1_4_1\E_1_4_1_R_5\via_region_data.json
E_1_4_1_R_M_N_N_1979_32_2017.bmp308278,Alcohol,C:\PycharmProjects\Alcohol Detection\dataset\Grupo_1\E_1_4\IriTech\E_1_4_1\E_1_4_1_R_5\via_region_data.json
E_1_4_1_R_M_N_N_1979_33_2017.bmp308278,Alcohol,C:\PycharmProjects\Alcohol Detection\dataset\Grupo_1\E_1_4\IriTech\E_1_4_1\E_1_4_1_R_5\via_region_data.json
E_1_4_1_R_M_N_N_1979_34_2017.bmp308278,Alcohol,C:\PycharmProjects\Alcohol Detection\dataset\Grupo_1\E_1_4\IriTech\E_1_4_1\E_1_4_1_R_5\via_region_data.json
E_1_4_1_R_M_N_N_1979_35_2017.bmp308278,Alcohol,C:\PycharmProjects\Alcohol Detection\dataset\Grupo_1\E_1_4\IriTech\E_1_4_1\E_1_4_1_R_5\via_region_data.json
E_1_4_1_R_M_N_N_1979_36_2017.bmp308278,Alcohol,C:\PycharmProjects\Alcohol Detection\dataset\Grupo_1\E_1_4\IriTech\E_1_4_1\E_1_4_1_R_5\via_region_data.json
E_1_4_1_R_M_N_N_1979_37_2017.bmp308278,Alcohol,C:\PycharmProjects\Alcohol Detection\dataset\Grupo_1\E_1_4\IriTech\E_1_4_1\E_1_4_1_R_5\via_region_data.json
E_1_4_1_R_M_N_N_1979_38_2017.bmp308278,Alcohol,C:\PycharmProjects\Alcohol Detection\dataset\Grupo_1\E_1_4\IriTech\E_1_4_1\E_1_4_1_R_5\via_region_data.json
E_1_4_1_R_M_N_N_1979_39_2017.bmp308278,Alcohol,C:\PycharmProjects\Alcohol Detection\dataset\Grupo_1\E_1_4\IriTech\E_1_4_1\E_1_4_1_R_5\via_region_data.json
E_1_4_1_R_M_N_N_1979_40_2017.bmp308278,Alcohol,C:\PycharmProjects\Alcohol Detection\dataset\Grupo_1\E_1_4\IriTech\E_1_4_1\E_1_4_1_R_5\via_region_data.json
E_1_4_1_R_M_N_N_1979_41_2017.bmp308278,Alcohol,C:\PycharmProjects\Alcohol Detection\dataset\Grupo_1\E_1_4\IriTech\E_1_4_1\E_1_4_1_R_5\via_region_data.json
E_1_4_1_R_M_N_N_1979_42_2017.bmp308278,Alcohol,C:\PycharmProjects\Alcohol Detection\dataset\Grupo_1\E_1_4\IriTech\E_1_4_1\E_1_4_1_R_5\via_region_data.json
E_1_4_1_R_M_N_N_1979_43_2017.bmp308278,Alcohol,C:\PycharmProjects\Alcohol Detection\dataset\Grupo_1\E_1_4\IriTech\E_1_4_1\E_1_4_1_R_5\via_region_data.json
E_1_4_1_R_M_N_N_1979_44_2017.bmp308278,Alcohol,C:\PycharmProjects\Alcohol Detection\dataset\Grupo_1\E_1_4\IriTech\E_1_4_1\E_1_4_1_R_5\via_region_data.json
E_1_4_1_R_M_N_N_1979_45_2017.bmp308278,Alcohol,C:\PycharmProjects\Alcohol Detection\dataset\Grupo_1\E_1_4\IriTech\E_1_4_1\E_1_4_1_R_5\via_region_data.json
E_1_4_1_R_M_N_N_1979_46_2017.bmp308278,Alcohol,C:\PycharmProjects\Alcohol Detection\dataset\Grupo_1\E_1_4\IriTech\E_1_4_1\E_1_4_1_R_5\via_region_data.json
E_1_4_1_R_M_N_N_1979_47_2017.bmp308278,Alcohol,C:\PycharmProjects\Alcohol Detection\dataset\Grupo_1\E_1_4\IriTech\E_1_4_1\E_1_4_1_R_5\via_region_data.json
E_1_4_1_R_M_N_N_1979_48_2017.bmp308278,Alcohol,C:\PycharmProjects\Alcohol Detection\dataset\Grupo_1\E_1_4\IriTech\E_1_4_1\E_1_4_1_R_5\via_region_data.json
E_1_4_1_R_M_N_N_1979_49_2017.bmp308278,Alcohol,C:\PycharmProjects\Alcohol Detection\dataset\Grupo_1\E_1_4\IriTech\E_1_4_1\E_1_4_1_R_5\via_region_data.json
E_1_4_1_R_M_N_N_1979_50_2017.bmp308278,Alcohol,C:\PycharmProjects\Alcohol Detection\dataset\Grupo_1\E_1_4\IriTech\E_1_4_1\E_1_4_1_R_5\via_region_data.json
E_1_4_1_R_M_N_N_1979_51_2017.bmp308278,Alcohol,C:\PycharmProjects\Alcohol Detection\dataset\Grupo_1\E_1_4\IriTech\E_1_4_1\E_1_4_1_R_5\via_region_data.json
E_1_4_1_R_M_N_N_1979_52_2017.bmp308278,Alcohol,C:\PycharmProjects\Alcohol Detection\dataset\Grupo_1\E_1_4\IriTech\E_1_4_1\E_1_4_1_R_5\via_region_data.json
E_1_4_1_R_M_N_N_1979_53_2017.bmp308278,Alcohol,C:\PycharmProjects\Alcohol Detection\dataset\Grupo_1\E_1_4\IriTech\E_1_4_1\E_1_4_1_R_5\via_region_data.json
E_1_4_1_R_M_N_N_1979_54_2017.bmp308278,Alcohol,C:\PycharmProjects\Alcohol Detection\dataset\Grupo_1\E_1_4\IriTech\E_1_4_1\E_1_4_1_R_5\via_region_data.json
E_1_4_1_R_M_N_N_1979_55_2017.bmp308278,Alcohol,C:\PycharmProjects\Alcohol Detection\dataset\Grupo_1\E_1_4\IriTech\E_1_4_1\E_1_4_1_R_5\via_region_data.json
E_1_4_1_R_M_N_N_1979_56_2017.bmp308278,Alcohol,C:\PycharmProjects\Alcohol Detection\dataset\Grupo_1\E_1_4\IriTech\E_1_4_1\E_1_4_1_R_5\via_region_data.json
E_1_4_1_R_M_N_N_1979_57_2017.bmp308278,Alcohol,C:\PycharmProjects\Alcohol Detection\dataset\Grupo_1\E_1_4\IriTech\E_1_4_1\E_1_4_1_R_5\via_region_data.json
E_1_4_1_R_M_N_N_1979_58_2017.bmp308278,Alcohol,C:\PycharmProjects\Alcohol Detection\dataset\Grupo_1\E_1_4\IriTech\E_1_4_1\E_1_4_1_R_5\via_region_data.json
E_1_4_1_R_M_N_N_1979_59_2017.bmp308278,Alcohol,C:\PycharmProjects\Alcohol Detection\dataset\Grupo_1\E_1_4\IriTech\E_1_4_1\E_1_4_1_R_5\via_region_data.json
E_1_4_1_R_M_N_N_1979_60_2017.bmp308278,Alcohol,C:\PycharmProjects\Alcohol Detection\dataset\Grupo_1\E_1_4\IriTech\E_1_4_1\E_1_4_1_R_5\via_region_data.json
E_1_4_1_R_M_N_N_1979_61_2017.bmp308278,Alcohol,C:\PycharmProjects\Alcohol Detection\dataset\Grupo_1\E_1_4\IriTech\E_1_4_1\E_1_4_1_R_5\via_region_data.json
E_1_4_1_R_M_N_N_1979_62_2017.bmp308278,Alcohol,C:\PycharmProjects\Alcohol Detection\dataset\Grupo_1\E_1_4\IriTech\E_1_4_1\E_1_4_1_R_5\via_region_data.json
E_1_4_1_R_M_N_N_1979_63_2017.bmp308278,Alcohol,C:\PycharmProjects\Alcohol Detection\dataset\Grupo_1\E_1_4\IriTech\E_1_4_1\E_1_4_1_R_5\via_region_data.json
E_1_4_1_R_M_N_N_1979_64_2017.bmp308278,Alcohol,C:\PycharmProjects\Alcohol Detection\dataset\Grupo_1\E_1_4\IriTech\E_1_4_1\E_1_4_1_R_5\via_region_data.json
E_1_4_1_R_M_N_N_1979_65_2017.bmp308278,Alcohol,C:\PycharmProjects\Alcohol Detection\dataset\Grupo_1\E_1_4\IriTech\E_1_4_1\E_1_4_1_R_5\via_region_data.json
E_1_4_1_R_M_N_N_1979_66_2017.bmp308278,Alcohol,C:\PycharmProjects\Alcohol Detection\dataset\Grupo_1\E_1_4\IriTech\E_1_4_1\E_1_4_1_R_5\via_region_data.json
E_1_4_1_R_M_N_N_1979_67_2017.bmp308278,Alcohol,C:\PycharmProjects\Alcohol Detection\dataset\Grupo_1\E_1_4\IriTech\E_1_4_1\E_1_4_1_R_5\via_region_data.json
E_1_4_1_R_M_N_N_1979_68_2017.bmp308278,Alcohol,C:\PycharmProjects\Alcohol Detection\dataset\Grupo_1\E_1_4\IriTech\E_1_4_1\E_1_4_1_R_5\via_region_data.json
E_1_4_1_R_M_N_N_1979_69_2017.bmp308278,Alcohol,C:\PycharmProjects\Alcohol Detection\dataset\Grupo_1\E_1_4\IriTech\E_1_4_1\E_1_4_1_R_5\via_region_data.json
E_1_4_1_R_M_N_N_1979_70_2017.bmp308278,Alcohol,C:\PycharmProjects\Alcohol Detection\dataset\Grupo_1\E_1_4\IriTech\E_1_4_1\E_1_4_1_R_5\via_region_data.json
E_1_4_1_R_M_N_N_1979_71_2017.bmp308278,Alcohol,C:\PycharmProjects\Alcohol Detection\dataset\Grupo_1\E_1_4\IriTech\E_1_4_1\E_1_4_1_R_5\via_region_data.json
E_1_4_1_R_M_N_N_1979_72_2017.bmp308278,Alcohol,C:\PycharmProjects\Alcohol Detection\dataset\Grupo_1\E_1_4\IriTech\E_1_4_1\E_1_4_1_R_5\via_region_data.json
E_1_4_2_L_M_N_N_1979_0_2017.bmp308278,Non-Alcohol,C:\PycharmProjects\Alcohol Detection\dataset\Grupo_1\E_1_4\IriTech\E_1_4_2\via_region_data.json
E_1_4_2_R_M_N_N_1979_0_2017.bmp308278,Non-Alcohol,C:\PycharmProjects\Alcohol Detection\dataset\Grupo_1\E_1_4\IriTech\E_1_4_2\via_region_data.json
E_1_4_2_L_M_N_N_1979_0_2017.bmp308278,Non-Alcohol,C:\PycharmProjects\Alcohol Detection\dataset\Grupo_1\E_1_4\IriTech\E_1_4_2\E_1_4_2_L_5\via_region_data.json
E_1_4_2_L_M_N_N_1979_1_2017.bmp308278,Alcohol,C:\PycharmProjects\Alcohol Detection\dataset\Grupo_1\E_1_4\IriTech\E_1_4_2\E_1_4_2_L_5\via_region_data.json
E_1_4_2_L_M_N_N_1979_2_2017.bmp308278,Alcohol,C:\PycharmProjects\Alcohol Detection\dataset\Grupo_1\E_1_4\IriTech\E_1_4_2\E_1_4_2_L_5\via_region_data.json
E_1_4_2_L_M_N_N_1979_3_2017.bmp308278,Alcohol,C:\PycharmProjects\Alcohol Detection\dataset\Grupo_1\E_1_4\IriTech\E_1_4_2\E_1_4_2_L_5\via_region_data.json
E_1_4_2_L_M_N_N_1979_4_2017.bmp308278,Alcohol,C:\PycharmProjects\Alcohol Detection\dataset\Grupo_1\E_1_4\IriTech\E_1_4_2\E_1_4_2_L_5\via_region_data.json
E_1_4_2_L_M_N_N_1979_5_2017.bmp308278,Alcohol,C:\PycharmProjects\Alcohol Detection\dataset\Grupo_1\E_1_4\IriTech\E_1_4_2\E_1_4_2_L_5\via_region_data.json
E_1_4_2_L_M_N_N_1979_6_2017.bmp308278,Alcohol,C:\PycharmProjects\Alcohol Detection\dataset\Grupo_1\E_1_4\IriTech\E_1_4_2\E_1_4_2_L_5\via_region_data.json
E_1_4_2_L_M_N_N_1979_7_2017.bmp308278,Alcohol,C:\PycharmProjects\Alcohol Detection\dataset\Grupo_1\E_1_4\IriTech\E_1_4_2\E_1_4_2_L_5\via_region_data.json
E_1_4_2_L_M_N_N_1979_8_2017.bmp308278,Alcohol,C:\PycharmProjects\Alcohol Detection\dataset\Grupo_1\E_1_4\IriTech\E_1_4_2\E_1_4_2_L_5\via_region_data.json
E_1_4_2_L_M_N_N_1979_9_2017.bmp308278,Alcohol,C:\PycharmProjects\Alcohol Detection\dataset\Grupo_1\E_1_4\IriTech\E_1_4_2\E_1_4_2_L_5\via_region_data.json
E_1_4_2_L_M_N_N_1979_10_2017.bmp308278,Alcohol,C:\PycharmProjects\Alcohol Detection\dataset\Grupo_1\E_1_4\IriTech\E_1_4_2\E_1_4_2_L_5\via_region_data.json
E_1_4_2_L_M_N_N_1979_11_2017.bmp308278,Alcohol,C:\PycharmProjects\Alcohol Detection\dataset\Grupo_1\E_1_4\IriTech\E_1_4_2\E_1_4_2_L_5\via_region_data.json
E_1_4_2_L_M_N_N_1979_12_2017.bmp308278,Alcohol,C:\PycharmProjects\Alcohol Detection\dataset\Grupo_1\E_1_4\IriTech\E_1_4_2\E_1_4_2_L_5\via_region_data.json
E_1_4_2_L_M_N_N_1979_13_2017.bmp308278,Alcohol,C:\PycharmProjects\Alcohol Detection\dataset\Grupo_1\E_1_4\IriTech\E_1_4_2\E_1_4_2_L_5\via_region_data.json
E_1_4_2_L_M_N_N_1979_14_2017.bmp308278,Alcohol,C:\PycharmProjects\Alcohol Detection\dataset\Grupo_1\E_1_4\IriTech\E_1_4_2\E_1_4_2_L_5\via_region_data.json
E_1_4_2_L_M_N_N_1979_15_2017.bmp308278,Alcohol,C:\PycharmProjects\Alcohol Detection\dataset\Grupo_1\E_1_4\IriTech\E_1_4_2\E_1_4_2_L_5\via_region_data.json
E_1_4_2_L_M_N_N_1979_16_2017.bmp308278,Alcohol,C:\PycharmProjects\Alcohol Detection\dataset\Grupo_1\E_1_4\IriTech\E_1_4_2\E_1_4_2_L_5\via_region_data.json
E_1_4_2_L_M_N_N_1979_17_2017.bmp308278,Alcohol,C:\PycharmProjects\Alcohol Detection\dataset\Grupo_1\E_1_4\IriTech\E_1_4_2\E_1_4_2_L_5\via_region_data.json
E_1_4_2_L_M_N_N_1979_18_2017.bmp308278,Alcohol,C:\PycharmProjects\Alcohol Detection\dataset\Grupo_1\E_1_4\IriTech\E_1_4_2\E_1_4_2_L_5\via_region_data.json
E_1_4_2_L_M_N_N_1979_19_2017.bmp308278,Alcohol,C:\PycharmProjects\Alcohol Detection\dataset\Grupo_1\E_1_4\IriTech\E_1_4_2\E_1_4_2_L_5\via_region_data.json
E_1_4_2_L_M_N_N_1979_20_2017.bmp308278,Alcohol,C:\PycharmProjects\Alcohol Detection\dataset\Grupo_1\E_1_4\IriTech\E_1_4_2\E_1_4_2_L_5\via_region_data.json
E_1_4_2_L_M_N_N_1979_21_2017.bmp308278,Alcohol,C:\PycharmProjects\Alcohol Detection\dataset\Grupo_1\E_1_4\IriTech\E_1_4_2\E_1_4_2_L_5\via_region_data.json
E_1_4_2_L_M_N_N_1979_22_2017.bmp308278,Alcohol,C:\PycharmProjects\Alcohol Detection\dataset\Grupo_1\E_1_4\IriTech\E_1_4_2\E_1_4_2_L_5\via_region_data.json
E_1_4_2_L_M_N_N_1979_23_2017.bmp308278,Alcohol,C:\PycharmProjects\Alcohol Detection\dataset\Grupo_1\E_1_4\IriTech\E_1_4_2\E_1_4_2_L_5\via_region_data.json
E_1_4_2_L_M_N_N_1979_24_2017.bmp308278,Alcohol,C:\PycharmProjects\Alcohol Detection\dataset\Grupo_1\E_1_4\IriTech\E_1_4_2\E_1_4_2_L_5\via_region_data.json
E_1_4_2_L_M_N_N_1979_25_2017.bmp308278,Alcohol,C:\PycharmProjects\Alcohol Detection\dataset\Grupo_1\E_1_4\IriTech\E_1_4_2\E_1_4_2_L_5\via_region_data.json
E_1_4_2_L_M_N_N_1979_26_2017.bmp308278,Alcohol,C:\PycharmProjects\Alcohol Detection\dataset\Grupo_1\E_1_4\IriTech\E_1_4_2\E_1_4_2_L_5\via_region_data.json
E_1_4_2_L_M_N_N_1979_27_2017.bmp308278,Alcohol,C:\PycharmProjects\Alcohol Detection\dataset\Grupo_1\E_1_4\IriTech\E_1_4_2\E_1_4_2_L_5\via_region_data.json
E_1_4_2_L_M_N_N_1979_28_2017.bmp308278,Alcohol,C:\PycharmProjects\Alcohol Detection\dataset\Grupo_1\E_1_4\IriTech\E_1_4_2\E_1_4_2_L_5\via_region_data.json
E_1_4_2_L_M_N_N_1979_29_2017.bmp308278,Alcohol,C:\PycharmProjects\Alcohol Detection\dataset\Grupo_1\E_1_4\IriTech\E_1_4_2\E_1_4_2_L_5\via_region_data.json
E_1_4_2_L_M_N_N_1979_30_2017.bmp308278,Alcohol,C:\PycharmProjects\Alcohol Detection\dataset\Grupo_1\E_1_4\IriTech\E_1_4_2\E_1_4_2_L_5\via_region_data.json
E_1_4_2_L_M_N_N_1979_31_2017.bmp308278,Alcohol,C:\PycharmProjects\Alcohol Detection\dataset\Grupo_1\E_1_4\IriTech\E_1_4_2\E_1_4_2_L_5\via_region_data.json
E_1_4_2_L_M_N_N_1979_32_2017.bmp308278,Alcohol,C:\PycharmProjects\Alcohol Detection\dataset\Grupo_1\E_1_4\IriTech\E_1_4_2\E_1_4_2_L_5\via_region_data.json
E_1_4_2_L_M_N_N_1979_33_2017.bmp308278,Alcohol,C:\PycharmProjects\Alcohol Detection\dataset\Grupo_1\E_1_4\IriTech\E_1_4_2\E_1_4_2_L_5\via_region_data.json
E_1_4_2_L_M_N_N_1979_34_2017.bmp308278,Alcohol,C:\PycharmProjects\Alcohol Detection\dataset\Grupo_1\E_1_4\IriTech\E_1_4_2\E_1_4_2_L_5\via_region_data.json
E_1_4_2_L_M_N_N_1979_35_2017.bmp308278,Alcohol,C:\PycharmProjects\Alcohol Detection\dataset\Grupo_1\E_1_4\IriTech\E_1_4_2\E_1_4_2_L_5\via_region_data.json
E_1_4_2_L_M_N_N_1979_36_2017.bmp308278,Alcohol,C:\PycharmProjects\Alcohol Detection\dataset\Grupo_1\E_1_4\IriTech\E_1_4_2\E_1_4_2_L_5\via_region_data.json
E_1_4_2_L_M_N_N_1979_37_2017.bmp308278,Alcohol,C:\PycharmProjects\Alcohol Detection\dataset\Grupo_1\E_1_4\IriTech\E_1_4_2\E_1_4_2_L_5\via_region_data.json
E_1_4_2_L_M_N_N_1979_38_2017.bmp308278,Alcohol,C:\PycharmProjects\Alcohol Detection\dataset\Grupo_1\E_1_4\IriTech\E_1_4_2\E_1_4_2_L_5\via_region_data.json
E_1_4_2_L_M_N_N_1979_39_2017.bmp308278,Alcohol,C:\PycharmProjects\Alcohol Detection\dataset\Grupo_1\E_1_4\IriTech\E_1_4_2\E_1_4_2_L_5\via_region_data.json
E_1_4_2_L_M_N_N_1979_40_2017.bmp308278,Alcohol,C:\PycharmProjects\Alcohol Detection\dataset\Grupo_1\E_1_4\IriTech\E_1_4_2\E_1_4_2_L_5\via_region_data.json
E_1_4_2_L_M_N_N_1979_41_2017.bmp308278,Alcohol,C:\PycharmProjects\Alcohol Detection\dataset\Grupo_1\E_1_4\IriTech\E_1_4_2\E_1_4_2_L_5\via_region_data.json
E_1_4_2_L_M_N_N_1979_42_2017.bmp308278,Alcohol,C:\PycharmProjects\Alcohol Detection\dataset\Grupo_1\E_1_4\IriTech\E_1_4_2\E_1_4_2_L_5\via_region_data.json
E_1_4_2_L_M_N_N_1979_43_2017.bmp308278,Alcohol,C:\PycharmProjects\Alcohol Detection\dataset\Grupo_1\E_1_4\IriTech\E_1_4_2\E_1_4_2_L_5\via_region_data.json
E_1_4_2_L_M_N_N_1979_44_2017.bmp308278,Alcohol,C:\PycharmProjects\Alcohol Detection\dataset\Grupo_1\E_1_4\IriTech\E_1_4_2\E_1_4_2_L_5\via_region_data.json
E_1_4_2_L_M_N_N_1979_45_2017.bmp308278,Alcohol,C:\PycharmProjects\Alcohol Detection\dataset\Grupo_1\E_1_4\IriTech\E_1_4_2\E_1_4_2_L_5\via_region_data.json
E_1_4_2_L_M_N_N_1979_46_2017.bmp308278,Alcohol,C:\PycharmProjects\Alcohol Detection\dataset\Grupo_1\E_1_4\IriTech\E_1_4_2\E_1_4_2_L_5\via_region_data.json
E_1_4_2_L_M_N_N_1979_47_2017.bmp308278,Alcohol,C:\PycharmProjects\Alcohol Detection\dataset\Grupo_1\E_1_4\IriTech\E_1_4_2\E_1_4_2_L_5\via_region_data.json
E_1_4_2_L_M_N_N_1979_48_2017.bmp308278,Alcohol,C:\PycharmProjects\Alcohol Detection\dataset\Grupo_1\E_1_4\IriTech\E_1_4_2\E_1_4_2_L_5\via_region_data.json
E_1_4_2_L_M_N_N_1979_49_2017.bmp308278,Alcohol,C:\PycharmProjects\Alcohol Detection\dataset\Grupo_1\E_1_4\IriTech\E_1_4_2\E_1_4_2_L_5\via_region_data.json
E_1_4_2_L_M_N_N_1979_50_2017.bmp308278,Alcohol,C:\PycharmProjects\Alcohol Detection\dataset\Grupo_1\E_1_4\IriTech\E_1_4_2\E_1_4_2_L_5\via_region_data.json
E_1_4_2_L_M_N_N_1979_51_2017.bmp308278,Alcohol,C:\PycharmProjects\Alcohol Detection\dataset\Grupo_1\E_1_4\IriTech\E_1_4_2\E_1_4_2_L_5\via_region_data.json
E_1_4_2_L_M_N_N_1979_52_2017.bmp308278,Alcohol,C:\PycharmProjects\Alcohol Detection\dataset\Grupo_1\E_1_4\IriTech\E_1_4_2\E_1_4_2_L_5\via_region_data.json
E_1_4_2_L_M_N_N_1979_53_2017.bmp308278,Alcohol,C:\PycharmProjects\Alcohol Detection\dataset\Grupo_1\E_1_4\IriTech\E_1_4_2\E_1_4_2_L_5\via_region_data.json
E_1_4_2_L_M_N_N_1979_54_2017.bmp308278,Alcohol,C:\PycharmProjects\Alcohol Detection\dataset\Grupo_1\E_1_4\IriTech\E_1_4_2\E_1_4_2_L_5\via_region_data.json
E_1_4_2_L_M_N_N_1979_55_2017.bmp308278,Alcohol,C:\PycharmProjects\Alcohol Detection\dataset\Grupo_1\E_1_4\IriTech\E_1_4_2\E_1_4_2_L_5\via_region_data.json
E_1_4_2_L_M_N_N_1979_56_2017.bmp308278,Alcohol,C:\PycharmProjects\Alcohol Detection\dataset\Grupo_1\E_1_4\IriTech\E_1_4_2\E_1_4_2_L_5\via_region_data.json
E_1_4_2_L_M_N_N_1979_57_2017.bmp308278,Alcohol,C:\PycharmProjects\Alcohol Detection\dataset\Grupo_1\E_1_4\IriTech\E_1_4_2\E_1_4_2_L_5\via_region_data.json
E_1_4_2_L_M_N_N_1979_58_2017.bmp308278,Alcohol,C:\PycharmProjects\Alcohol Detection\dataset\Grupo_1\E_1_4\IriTech\E_1_4_2\E_1_4_2_L_5\via_region_data.json
E_1_4_2_L_M_N_N_1979_59_2017.bmp308278,Alcohol,C:\PycharmProjects\Alcohol Detection\dataset\Grupo_1\E_1_4\IriTech\E_1_4_2\E_1_4_2_L_5\via_region_data.json
E_1_4_2_L_M_N_N_1979_60_2017.bmp308278,Alcohol,C:\PycharmProjects\Alcohol Detection\dataset\Grupo_1\E_1_4\IriTech\E_1_4_2\E_1_4_2_L_5\via_region_data.json
E_1_4_2_L_M_N_N_1979_61_2017.bmp308278,Alcohol,C:\PycharmProjects\Alcohol Detection\dataset\Grupo_1\E_1_4\IriTech\E_1_4_2\E_1_4_2_L_5\via_region_data.json
E_1_4_2_L_M_N_N_1979_62_2017.bmp308278,Alcohol,C:\PycharmProjects\Alcohol Detection\dataset\Grupo_1\E_1_4\IriTech\E_1_4_2\E_1_4_2_L_5\via_region_data.json
E_1_4_2_L_M_N_N_1979_63_2017.bmp308278,Alcohol,C:\PycharmProjects\Alcohol Detection\dataset\Grupo_1\E_1_4\IriTech\E_1_4_2\E_1_4_2_L_5\via_region_data.json
E_1_4_2_L_M_N_N_1979_64_2017.bmp308278,Alcohol,C:\PycharmProjects\Alcohol Detection\dataset\Grupo_1\E_1_4\IriTech\E_1_4_2\E_1_4_2_L_5\via_region_data.json
E_1_4_2_L_M_N_N_1979_65_2017.bmp308278,Alcohol,C:\PycharmProjects\Alcohol Detection\dataset\Grupo_1\E_1_4\IriTech\E_1_4_2\E_1_4_2_L_5\via_region_data.json
E_1_4_2_L_M_N_N_1979_66_2017.bmp308278,Alcohol,C:\PycharmProjects\Alcohol Detection\dataset\Grupo_1\E_1_4\IriTech\E_1_4_2\E_1_4_2_L_5\via_region_data.json
E_1_4_2_L_M_N_N_1979_67_2017.bmp308278,Alcohol,C:\PycharmProjects\Alcohol Detection\dataset\Grupo_1\E_1_4\IriTech\E_1_4_2\E_1_4_2_L_5\via_region_data.json
E_1_4_2_L_M_N_N_1979_68_2017.bmp308278,Alcohol,C:\PycharmProjects\Alcohol Detection\dataset\Grupo_1\E_1_4\IriTech\E_1_4_2\E_1_4_2_L_5\via_region_data.json
E_1_4_2_L_M_N_N_1979_69_2017.bmp308278,Alcohol,C:\PycharmProjects\Alcohol Detection\dataset\Grupo_1\E_1_4\IriTech\E_1_4_2\E_1_4_2_L_5\via_region_data.json
E_1_4_2_L_M_N_N_1979_70_2017.bmp308278,Alcohol,C:\PycharmProjects\Alcohol Detection\dataset\Grupo_1\E_1_4\IriTech\E_1_4_2\E_1_4_2_L_5\via_region_data.json
E_1_4_2_L_M_N_N_1979_71_2017.bmp308278,Alcohol,C:\PycharmProjects\Alcohol Detection\dataset\Grupo_1\E_1_4\IriTech\E_1_4_2\E_1_4_2_L_5\via_region_data.json
E_1_4_2_L_M_N_N_1979_72_2017.bmp308278,Alcohol,C:\PycharmProjects\Alcohol Detection\dataset\Grupo_1\E_1_4\IriTech\E_1_4_2\E_1_4_2_L_5\via_region_data.json
E_1_4_2_L_M_N_N_1979_73_2017.bmp308278,Alcohol,C:\PycharmProjects\Alcohol Detection\dataset\Grupo_1\E_1_4\IriTech\E_1_4_2\E_1_4_2_L_5\via_region_data.json
E_1_4_2_L_M_N_N_1979_74_2017.bmp308278,Alcohol,C:\PycharmProjects\Alcohol Detection\dataset\Grupo_1\E_1_4\IriTech\E_1_4_2\E_1_4_2_L_5\via_region_data.json
E_1_4_2_L_M_N_N_1979_75_2017.bmp308278,Alcohol,C:\PycharmProjects\Alcohol Detection\dataset\Grupo_1\E_1_4\IriTech\E_1_4_2\E_1_4_2_L_5\via_region_data.json
E_1_4_2_L_M_N_N_1979_76_2017.bmp308278,Alcohol,C:\PycharmProjects\Alcohol Detection\dataset\Grupo_1\E_1_4\IriTech\E_1_4_2\E_1_4_2_L_5\via_region_data.json
E_1_4_2_L_M_N_N_1979_77_2017.bmp308278,Alcohol,C:\PycharmProjects\Alcohol Detection\dataset\Grupo_1\E_1_4\IriTech\E_1_4_2\E_1_4_2_L_5\via_region_data.json
E_1_4_2_L_M_N_N_1979_78_2017.bmp308278,Alcohol,C:\PycharmProjects\Alcohol Detection\dataset\Grupo_1\E_1_4\IriTech\E_1_4_2\E_1_4_2_L_5\via_region_data.json
E_1_4_2_L_M_N_N_1979_79_2017.bmp308278,Alcohol,C:\PycharmProjects\Alcohol Detection\dataset\Grupo_1\E_1_4\IriTech\E_1_4_2\E_1_4_2_L_5\via_region_data.json
E_1_4_2_L_M_N_N_1979_80_2017.bmp308278,Alcohol,C:\PycharmProjects\Alcohol Detection\dataset\Grupo_1\E_1_4\IriTech\E_1_4_2\E_1_4_2_L_5\via_region_data.json
E_1_4_2_L_M_N_N_1979_81_2017.bmp308278,Alcohol,C:\PycharmProjects\Alcohol Detection\dataset\Grupo_1\E_1_4\IriTech\E_1_4_2\E_1_4_2_L_5\via_region_data.json
E_1_4_2_R_M_N_N_1979_0_2017.bmp308278,Non-Alcohol,C:\PycharmProjects\Alcohol Detection\dataset\Grupo_1\E_1_4\IriTech\E_1_4_2\E_1_4_2_R_5\via_region_data.json
E_1_4_2_R_M_N_N_1979_1_2017.bmp308278,Alcohol,C:\PycharmProjects\Alcohol Detection\dataset\Grupo_1\E_1_4\IriTech\E_1_4_2\E_1_4_2_R_5\via_region_data.json
E_1_4_2_R_M_N_N_1979_2_2017.bmp308278,Alcohol,C:\PycharmProjects\Alcohol Detection\dataset\Grupo_1\E_1_4\IriTech\E_1_4_2\E_1_4_2_R_5\via_region_data.json
E_1_4_2_R_M_N_N_1979_3_2017.bmp308278,Alcohol,C:\PycharmProjects\Alcohol Detection\dataset\Grupo_1\E_1_4\IriTech\E_1_4_2\E_1_4_2_R_5\via_region_data.json
E_1_4_2_R_M_N_N_1979_4_2017.bmp308278,Alcohol,C:\PycharmProjects\Alcohol Detection\dataset\Grupo_1\E_1_4\IriTech\E_1_4_2\E_1_4_2_R_5\via_region_data.json
E_1_4_2_R_M_N_N_1979_5_2017.bmp308278,Alcohol,C:\PycharmProjects\Alcohol Detection\dataset\Grupo_1\E_1_4\IriTech\E_1_4_2\E_1_4_2_R_5\via_region_data.json
E_1_4_2_R_M_N_N_1979_6_2017.bmp308278,Alcohol,C:\PycharmProjects\Alcohol Detection\dataset\Grupo_1\E_1_4\IriTech\E_1_4_2\E_1_4_2_R_5\via_region_data.json
E_1_4_2_R_M_N_N_1979_7_2017.bmp308278,Alcohol,C:\PycharmProjects\Alcohol Detection\dataset\Grupo_1\E_1_4\IriTech\E_1_4_2\E_1_4_2_R_5\via_region_data.json
E_1_4_2_R_M_N_N_1979_8_2017.bmp308278,Alcohol,C:\PycharmProjects\Alcohol Detection\dataset\Grupo_1\E_1_4\IriTech\E_1_4_2\E_1_4_2_R_5\via_region_data.json
E_1_4_2_R_M_N_N_1979_9_2017.bmp308278,Alcohol,C:\PycharmProjects\Alcohol Detection\dataset\Grupo_1\E_1_4\IriTech\E_1_4_2\E_1_4_2_R_5\via_region_data.json
E_1_4_2_R_M_N_N_1979_10_2017.bmp308278,Alcohol,C:\PycharmProjects\Alcohol Detection\dataset\Grupo_1\E_1_4\IriTech\E_1_4_2\E_1_4_2_R_5\via_region_data.json
E_1_4_2_R_M_N_N_1979_11_2017.bmp308278,Alcohol,C:\PycharmProjects\Alcohol Detection\dataset\Grupo_1\E_1_4\IriTech\E_1_4_2\E_1_4_2_R_5\via_region_data.json
E_1_4_2_R_M_N_N_1979_12_2017.bmp308278,Alcohol,C:\PycharmProjects\Alcohol Detection\dataset\Grupo_1\E_1_4\IriTech\E_1_4_2\E_1_4_2_R_5\via_region_data.json
E_1_4_2_R_M_N_N_1979_13_2017.bmp308278,Alcohol,C:\PycharmProjects\Alcohol Detection\dataset\Grupo_1\E_1_4\IriTech\E_1_4_2\E_1_4_2_R_5\via_region_data.json
E_1_4_2_R_M_N_N_1979_14_2017.bmp308278,Alcohol,C:\PycharmProjects\Alcohol Detection\dataset\Grupo_1\E_1_4\IriTech\E_1_4_2\E_1_4_2_R_5\via_region_data.json
E_1_4_2_R_M_N_N_1979_15_2017.bmp308278,Alcohol,C:\PycharmProjects\Alcohol Detection\dataset\Grupo_1\E_1_4\IriTech\E_1_4_2\E_1_4_2_R_5\via_region_data.json
E_1_4_2_R_M_N_N_1979_16_2017.bmp308278,Alcohol,C:\PycharmProjects\Alcohol Detection\dataset\Grupo_1\E_1_4\IriTech\E_1_4_2\E_1_4_2_R_5\via_region_data.json
E_1_4_2_R_M_N_N_1979_17_2017.bmp308278,Alcohol,C:\PycharmProjects\Alcohol Detection\dataset\Grupo_1\E_1_4\IriTech\E_1_4_2\E_1_4_2_R_5\via_region_data.json
E_1_4_2_R_M_N_N_1979_18_2017.bmp308278,Alcohol,C:\PycharmProjects\Alcohol Detection\dataset\Grupo_1\E_1_4\IriTech\E_1_4_2\E_1_4_2_R_5\via_region_data.json
E_1_4_2_R_M_N_N_1979_19_2017.bmp308278,Alcohol,C:\PycharmProjects\Alcohol Detection\dataset\Grupo_1\E_1_4\IriTech\E_1_4_2\E_1_4_2_R_5\via_region_data.json
E_1_4_2_R_M_N_N_1979_20_2017.bmp308278,Alcohol,C:\PycharmProjects\Alcohol Detection\dataset\Grupo_1\E_1_4\IriTech\E_1_4_2\E_1_4_2_R_5\via_region_data.json
E_1_4_2_R_M_N_N_1979_21_2017.bmp308278,Alcohol,C:\PycharmProjects\Alcohol Detection\dataset\Grupo_1\E_1_4\IriTech\E_1_4_2\E_1_4_2_R_5\via_region_data.json
E_1_4_2_R_M_N_N_1979_22_2017.bmp308278,Alcohol,C:\PycharmProjects\Alcohol Detection\dataset\Grupo_1\E_1_4\IriTech\E_1_4_2\E_1_4_2_R_5\via_region_data.json
E_1_4_2_R_M_N_N_1979_23_2017.bmp308278,Alcohol,C:\PycharmProjects\Alcohol Detection\dataset\Grupo_1\E_1_4\IriTech\E_1_4_2\E_1_4_2_R_5\via_region_data.json
E_1_4_2_R_M_N_N_1979_24_2017.bmp308278,Alcohol,C:\PycharmProjects\Alcohol Detection\dataset\Grupo_1\E_1_4\IriTech\E_1_4_2\E_1_4_2_R_5\via_region_data.json
E_1_4_2_R_M_N_N_1979_25_2017.bmp308278,Alcohol,C:\PycharmProjects\Alcohol Detection\dataset\Grupo_1\E_1_4\IriTech\E_1_4_2\E_1_4_2_R_5\via_region_data.json
E_1_4_2_R_M_N_N_1979_26_2017.bmp308278,Alcohol,C:\PycharmProjects\Alcohol Detection\dataset\Grupo_1\E_1_4\IriTech\E_1_4_2\E_1_4_2_R_5\via_region_data.json
E_1_4_2_R_M_N_N_1979_27_2017.bmp308278,Alcohol,C:\PycharmProjects\Alcohol Detection\dataset\Grupo_1\E_1_4\IriTech\E_1_4_2\E_1_4_2_R_5\via_region_data.json
E_1_4_2_R_M_N_N_1979_28_2017.bmp308278,Alcohol,C:\PycharmProjects\Alcohol Detection\dataset\Grupo_1\E_1_4\IriTech\E_1_4_2\E_1_4_2_R_5\via_region_data.json
E_1_4_2_R_M_N_N_1979_29_2017.bmp308278,Alcohol,C:\PycharmProjects\Alcohol Detection\dataset\Grupo_1\E_1_4\IriTech\E_1_4_2\E_1_4_2_R_5\via_region_data.json
E_1_4_2_R_M_N_N_1979_30_2017.bmp308278,Alcohol,C:\PycharmProjects\Alcohol Detection\dataset\Grupo_1\E_1_4\IriTech\E_1_4_2\E_1_4_2_R_5\via_region_data.json
E_1_4_2_R_M_N_N_1979_31_2017.bmp308278,Alcohol,C:\PycharmProjects\Alcohol Detection\dataset\Grupo_1\E_1_4\IriTech\E_1_4_2\E_1_4_2_R_5\via_region_data.json
E_1_4_2_R_M_N_N_1979_32_2017.bmp308278,Alcohol,C:\PycharmProjects\Alcohol Detection\dataset\Grupo_1\E_1_4\IriTech\E_1_4_2\E_1_4_2_R_5\via_region_data.json
E_1_4_2_R_M_N_N_1979_33_2017.bmp308278,Alcohol,C:\PycharmProjects\Alcohol Detection\dataset\Grupo_1\E_1_4\IriTech\E_1_4_2\E_1_4_2_R_5\via_region_data.json
E_1_4_2_R_M_N_N_1979_34_2017.bmp308278,Alcohol,C:\PycharmProjects\Alcohol Detection\dataset\Grupo_1\E_1_4\IriTech\E_1_4_2\E_1_4_2_R_5\via_region_data.json
E_1_4_2_R_M_N_N_1979_35_2017.bmp308278,Alcohol,C:\PycharmProjects\Alcohol Detection\dataset\Grupo_1\E_1_4\IriTech\E_1_4_2\E_1_4_2_R_5\via_region_data.json
E_1_4_2_R_M_N_N_1979_36_2017.bmp308278,Alcohol,C:\PycharmProjects\Alcohol Detection\dataset\Grupo_1\E_1_4\IriTech\E_1_4_2\E_1_4_2_R_5\via_region_data.json
E_1_4_2_R_M_N_N_1979_37_2017.bmp308278,Alcohol,C:\PycharmProjects\Alcohol Detection\dataset\Grupo_1\E_1_4\IriTech\E_1_4_2\E_1_4_2_R_5\via_region_data.json
E_1_4_2_R_M_N_N_1979_38_2017.bmp308278,Alcohol,C:\PycharmProjects\Alcohol Detection\dataset\Grupo_1\E_1_4\IriTech\E_1_4_2\E_1_4_2_R_5\via_region_data.json
E_1_4_2_R_M_N_N_1979_39_2017.bmp308278,Alcohol,C:\PycharmProjects\Alcohol Detection\dataset\Grupo_1\E_1_4\IriTech\E_1_4_2\E_1_4_2_R_5\via_region_data.json
E_1_4_2_R_M_N_N_1979_40_2017.bmp308278,Alcohol,C:\PycharmProjects\Alcohol Detection\dataset\Grupo_1\E_1_4\IriTech\E_1_4_2\E_1_4_2_R_5\via_region_data.json
E_1_4_2_R_M_N_N_1979_41_2017.bmp308278,Alcohol,C:\PycharmProjects\Alcohol Detection\dataset\Grupo_1\E_1_4\IriTech\E_1_4_2\E_1_4_2_R_5\via_region_data.json
E_1_4_2_R_M_N_N_1979_42_2017.bmp308278,Alcohol,C:\PycharmProjects\Alcohol Detection\dataset\Grupo_1\E_1_4\IriTech\E_1_4_2\E_1_4_2_R_5\via_region_data.json
E_1_4_2_R_M_N_N_1979_43_2017.bmp308278,Alcohol,C:\PycharmProjects\Alcohol Detection\dataset\Grupo_1\E_1_4\IriTech\E_1_4_2\E_1_4_2_R_5\via_region_data.json
E_1_4_2_R_M_N_N_1979_44_2017.bmp308278,Alcohol,C:\PycharmProjects\Alcohol Detection\dataset\Grupo_1\E_1_4\IriTech\E_1_4_2\E_1_4_2_R_5\via_region_data.json
E_1_4_2_R_M_N_N_1979_45_2017.bmp308278,Alcohol,C:\PycharmProjects\Alcohol Detection\dataset\Grupo_1\E_1_4\IriTech\E_1_4_2\E_1_4_2_R_5\via_region_data.json
E_1_4_2_R_M_N_N_1979_46_2017.bmp308278,Alcohol,C:\PycharmProjects\Alcohol Detection\dataset\Grupo_1\E_1_4\IriTech\E_1_4_2\E_1_4_2_R_5\via_region_data.json
E_1_4_2_R_M_N_N_1979_47_2017.bmp308278,Alcohol,C:\PycharmProjects\Alcohol Detection\dataset\Grupo_1\E_1_4\IriTech\E_1_4_2\E_1_4_2_R_5\via_region_data.json
E_1_4_2_R_M_N_N_1979_48_2017.bmp308278,Alcohol,C:\PycharmProjects\Alcohol Detection\dataset\Grupo_1\E_1_4\IriTech\E_1_4_2\E_1_4_2_R_5\via_region_data.json
E_1_4_2_R_M_N_N_1979_49_2017.bmp308278,Alcohol,C:\PycharmProjects\Alcohol Detection\dataset\Grupo_1\E_1_4\IriTech\E_1_4_2\E_1_4_2_R_5\via_region_data.json
E_1_4_2_R_M_N_N_1979_50_2017.bmp308278,Alcohol,C:\PycharmProjects\Alcohol Detection\dataset\Grupo_1\E_1_4\IriTech\E_1_4_2\E_1_4_2_R_5\via_region_data.json
E_1_4_2_R_M_N_N_1979_51_2017.bmp308278,Alcohol,C:\PycharmProjects\Alcohol Detection\dataset\Grupo_1\E_1_4\IriTech\E_1_4_2\E_1_4_2_R_5\via_region_data.json
E_1_4_2_R_M_N_N_1979_52_2017.bmp308278,Alcohol,C:\PycharmProjects\Alcohol Detection\dataset\Grupo_1\E_1_4\IriTech\E_1_4_2\E_1_4_2_R_5\via_region_data.json
E_1_4_2_R_M_N_N_1979_53_2017.bmp308278,Alcohol,C:\PycharmProjects\Alcohol Detection\dataset\Grupo_1\E_1_4\IriTech\E_1_4_2\E_1_4_2_R_5\via_region_data.json
E_1_4_2_R_M_N_N_1979_54_2017.bmp308278,Alcohol,C:\PycharmProjects\Alcohol Detection\dataset\Grupo_1\E_1_4\IriTech\E_1_4_2\E_1_4_2_R_5\via_region_data.json
E_1_4_2_R_M_N_N_1979_55_2017.bmp308278,Alcohol,C:\PycharmProjects\Alcohol Detection\dataset\Grupo_1\E_1_4\IriTech\E_1_4_2\E_1_4_2_R_5\via_region_data.json
E_1_4_2_R_M_N_N_1979_56_2017.bmp308278,Alcohol,C:\PycharmProjects\Alcohol Detection\dataset\Grupo_1\E_1_4\IriTech\E_1_4_2\E_1_4_2_R_5\via_region_data.json
E_1_4_2_R_M_N_N_1979_57_2017.bmp308278,Alcohol,C:\PycharmProjects\Alcohol Detection\dataset\Grupo_1\E_1_4\IriTech\E_1_4_2\E_1_4_2_R_5\via_region_data.json
E_1_4_2_R_M_N_N_1979_58_2017.bmp308278,Alcohol,C:\PycharmProjects\Alcohol Detection\dataset\Grupo_1\E_1_4\IriTech\E_1_4_2\E_1_4_2_R_5\via_region_data.json
E_1_4_2_R_M_N_N_1979_59_2017.bmp308278,Alcohol,C:\PycharmProjects\Alcohol Detection\dataset\Grupo_1\E_1_4\IriTech\E_1_4_2\E_1_4_2_R_5\via_region_data.json
E_1_4_2_R_M_N_N_1979_60_2017.bmp308278,Alcohol,C:\PycharmProjects\Alcohol Detection\dataset\Grupo_1\E_1_4\IriTech\E_1_4_2\E_1_4_2_R_5\via_region_data.json
E_1_4_2_R_M_N_N_1979_61_2017.bmp308278,Alcohol,C:\PycharmProjects\Alcohol Detection\dataset\Grupo_1\E_1_4\IriTech\E_1_4_2\E_1_4_2_R_5\via_region_data.json
E_1_4_2_R_M_N_N_1979_62_2017.bmp308278,Alcohol,C:\PycharmProjects\Alcohol Detection\dataset\Grupo_1\E_1_4\IriTech\E_1_4_2\E_1_4_2_R_5\via_region_data.json
E_1_4_2_R_M_N_N_1979_63_2017.bmp308278,Alcohol,C:\PycharmProjects\Alcohol Detection\dataset\Grupo_1\E_1_4\IriTech\E_1_4_2\E_1_4_2_R_5\via_region_data.json
E_1_4_2_R_M_N_N_1979_64_2017.bmp308278,Alcohol,C:\PycharmProjects\Alcohol Detection\dataset\Grupo_1\E_1_4\IriTech\E_1_4_2\E_1_4_2_R_5\via_region_data.json
E_1_4_2_R_M_N_N_1979_65_2017.bmp308278,Alcohol,C:\PycharmProjects\Alcohol Detection\dataset\Grupo_1\E_1_4\IriTech\E_1_4_2\E_1_4_2_R_5\via_region_data.json
E_1_4_2_R_M_N_N_1979_66_2017.bmp308278,Alcohol,C:\PycharmProjects\Alcohol Detection\dataset\Grupo_1\E_1_4\IriTech\E_1_4_2\E_1_4_2_R_5\via_region_data.json
E_1_4_2_R_M_N_N_1979_67_2017.bmp308278,Alcohol,C:\PycharmProjects\Alcohol Detection\dataset\Grupo_1\E_1_4\IriTech\E_1_4_2\E_1_4_2_R_5\via_region_data.json
E_1_4_2_R_M_N_N_1979_68_2017.bmp308278,Alcohol,C:\PycharmProjects\Alcohol Detection\dataset\Grupo_1\E_1_4\IriTech\E_1_4_2\E_1_4_2_R_5\via_region_data.json
E_1_4_2_R_M_N_N_1979_69_2017.bmp308278,Alcohol,C:\PycharmProjects\Alcohol Detection\dataset\Grupo_1\E_1_4\IriTech\E_1_4_2\E_1_4_2_R_5\via_region_data.json
E_1_4_2_R_M_N_N_1979_70_2017.bmp308278,Alcohol,C:\PycharmProjects\Alcohol Detection\dataset\Grupo_1\E_1_4\IriTech\E_1_4_2\E_1_4_2_R_5\via_region_data.json
E_1_4_2_R_M_N_N_1979_71_2017.bmp308278,Alcohol,C:\PycharmProjects\Alcohol Detection\dataset\Grupo_1\E_1_4\IriTech\E_1_4_2\E_1_4_2_R_5\via_region_data.json
E_1_4_2_R_M_N_N_1979_72_2017.bmp308278,Alcohol,C:\PycharmProjects\Alcohol Detection\dataset\Grupo_1\E_1_4\IriTech\E_1_4_2\E_1_4_2_R_5\via_region_data.json
E_1_4_2_R_M_N_N_1979_73_2017.bmp308278,Alcohol,C:\PycharmProjects\Alcohol Detection\dataset\Grupo_1\E_1_4\IriTech\E_1_4_2\E_1_4_2_R_5\via_region_data.json
E_1_4_3_L_M_N_N_1979_0_2017.bmp308278,Non-Alcohol,C:\PycharmProjects\Alcohol Detection\dataset\Grupo_1\E_1_4\IriTech\E_1_4_3\via_region_data.json
E_1_4_3_R_M_N_N_1979_0_2017.bmp308278,Non-Alcohol,C:\PycharmProjects\Alcohol Detection\dataset\Grupo_1\E_1_4\IriTech\E_1_4_3\via_region_data.json
E_1_4_4_L_M_N_N_1979_0_2017.bmp308278,Non-Alcohol,C:\PycharmProjects\Alcohol Detection\dataset\Grupo_1\E_1_4\IriTech\E_1_4_4\via_region_data.json
E_1_4_4_R_M_N_N_1979_0_2017.bmp308278,Non-Alcohol,C:\PycharmProjects\Alcohol Detection\dataset\Grupo_1\E_1_4\IriTech\E_1_4_4\via_region_data.json
E_1_4_0_L_M_N_N_1979_0_2017.bmp308278,Non-Alcohol,C:\PycharmProjects\Alcohol Detection\dataset\Grupo_1\E_1_4\LG\E_1_4_0\E_1_4_0_R_10\via_region_data.json
E_1_4_0_L_M_N_N_1979_1_2017.bmp308278,Non-Alcohol,C:\PycharmProjects\Alcohol Detection\dataset\Grupo_1\E_1_4\LG\E_1_4_0\E_1_4_0_R_10\via_region_data.json
E_1_4_0_L_M_N_N_1979_2_2017.bmp308278,Non-Alcohol,C:\PycharmProjects\Alcohol Detection\dataset\Grupo_1\E_1_4\LG\E_1_4_0\E_1_4_0_R_10\via_region_data.json
E_1_4_0_L_M_N_N_1979_3_2017.bmp308278,Non-Alcohol,C:\PycharmProjects\Alcohol Detection\dataset\Grupo_1\E_1_4\LG\E_1_4_0\E_1_4_0_R_10\via_region_data.json
E_1_4_0_L_M_N_N_1979_4_2017.bmp308278,Non-Alcohol,C:\PycharmProjects\Alcohol Detection\dataset\Grupo_1\E_1_4\LG\E_1_4_0\E_1_4_0_R_10\via_region_data.json
E_1_4_0_L_M_N_N_1979_5_2017.bmp308278,Non-Alcohol,C:\PycharmProjects\Alcohol Detection\dataset\Grupo_1\E_1_4\LG\E_1_4_0\E_1_4_0_R_10\via_region_data.json
E_1_4_0_L_M_N_N_1979_6_2017.bmp308278,Non-Alcohol,C:\PycharmProjects\Alcohol Detection\dataset\Grupo_1\E_1_4\LG\E_1_4_0\E_1_4_0_R_10\via_region_data.json
E_1_4_0_L_M_N_N_1979_7_2017.bmp308278,Non-Alcohol,C:\PycharmProjects\Alcohol Detection\dataset\Grupo_1\E_1_4\LG\E_1_4_0\E_1_4_0_R_10\via_region_data.json
E_1_4_0_L_M_N_N_1979_8_2017.bmp308278,Non-Alcohol,C:\PycharmProjects\Alcohol Detection\dataset\Grupo_1\E_1_4\LG\E_1_4_0\E_1_4_0_R_10\via_region_data.json
E_1_4_0_L_M_N_N_1979_9_2017.bmp308278,Non-Alcohol,C:\PycharmProjects\Alcohol Detection\dataset\Grupo_1\E_1_4\LG\E_1_4_0\E_1_4_0_R_10\via_region_data.json
E_1_4_0_R_M_N_N_1979_0_2017.bmp308278,Non-Alcohol,C:\PycharmProjects\Alcohol Detection\dataset\Grupo_1\E_1_4\LG\E_1_4_0\E_1_4_0_R_10\via_region_data.json
E_1_4_0_R_M_N_N_1979_1_2017.bmp308278,Non-Alcohol,C:\PycharmProjects\Alcohol Detection\dataset\Grupo_1\E_1_4\LG\E_1_4_0\E_1_4_0_R_10\via_region_data.json
E_1_4_0_R_M_N_N_1979_2_2017.bmp308278,Non-Alcohol,C:\PycharmProjects\Alcohol Detection\dataset\Grupo_1\E_1_4\LG\E_1_4_0\E_1_4_0_R_10\via_region_data.json
E_1_4_0_R_M_N_N_1979_3_2017.bmp308278,Non-Alcohol,C:\PycharmProjects\Alcohol Detection\dataset\Grupo_1\E_1_4\LG\E_1_4_0\E_1_4_0_R_10\via_region_data.json
E_1_4_0_R_M_N_N_1979_4_2017.bmp308278,Non-Alcohol,C:\PycharmProjects\Alcohol Detection\dataset\Grupo_1\E_1_4\LG\E_1_4_0\E_1_4_0_R_10\via_region_data.json
E_1_4_0_R_M_N_N_1979_5_2017.bmp308278,Non-Alcohol,C:\PycharmProjects\Alcohol Detection\dataset\Grupo_1\E_1_4\LG\E_1_4_0\E_1_4_0_R_10\via_region_data.json
E_1_4_0_R_M_N_N_1979_6_2017.bmp308278,Non-Alcohol,C:\PycharmProjects\Alcohol Detection\dataset\Grupo_1\E_1_4\LG\E_1_4_0\E_1_4_0_R_10\via_region_data.json
E_1_4_0_R_M_N_N_1979_7_2017.bmp308278,Non-Alcohol,C:\PycharmProjects\Alcohol Detection\dataset\Grupo_1\E_1_4\LG\E_1_4_0\E_1_4_0_R_10\via_region_data.json
E_1_4_0_R_M_N_N_1979_8_2017.bmp308278,Non-Alcohol,C:\PycharmProjects\Alcohol Detection\dataset\Grupo_1\E_1_4\LG\E_1_4_0\E_1_4_0_R_10\via_region_data.json
E_1_4_0_R_M_N_N_1979_9_2017.bmp308278,Non-Alcohol,C:\PycharmProjects\Alcohol Detection\dataset\Grupo_1\E_1_4\LG\E_1_4_0\E_1_4_0_R_10\via_region_data.json
E_1_4_1_L_M_N_N_1979_0_2017.bmp308278,Non-Alcohol,C:\PycharmProjects\Alcohol Detection\dataset\Grupo_1\E_1_4\LG\E_1_4_1\E_1_4_1_R_10\via_region_data.json
E_1_4_1_L_M_N_N_1979_1_2017.bmp308278,Alcohol,C:\PycharmProjects\Alcohol Detection\dataset\Grupo_1\E_1_4\LG\E_1_4_1\E_1_4_1_R_10\via_region_data.json
E_1_4_1_L_M_N_N_1979_2_2017.bmp308278,Alcohol,C:\PycharmProjects\Alcohol Detection\dataset\Grupo_1\E_1_4\LG\E_1_4_1\E_1_4_1_R_10\via_region_data.json
E_1_4_1_L_M_N_N_1979_3_2017.bmp308278,Alcohol,C:\PycharmProjects\Alcohol Detection\dataset\Grupo_1\E_1_4\LG\E_1_4_1\E_1_4_1_R_10\via_region_data.json
E_1_4_1_L_M_N_N_1979_4_2017.bmp308278,Alcohol,C:\PycharmProjects\Alcohol Detection\dataset\Grupo_1\E_1_4\LG\E_1_4_1\E_1_4_1_R_10\via_region_data.json
E_1_4_1_L_M_N_N_1979_5_2017.bmp308278,Alcohol,C:\PycharmProjects\Alcohol Detection\dataset\Grupo_1\E_1_4\LG\E_1_4_1\E_1_4_1_R_10\via_region_data.json
E_1_4_1_L_M_N_N_1979_6_2017.bmp308278,Alcohol,C:\PycharmProjects\Alcohol Detection\dataset\Grupo_1\E_1_4\LG\E_1_4_1\E_1_4_1_R_10\via_region_data.json
E_1_4_1_L_M_N_N_1979_7_2017.bmp308278,Alcohol,C:\PycharmProjects\Alcohol Detection\dataset\Grupo_1\E_1_4\LG\E_1_4_1\E_1_4_1_R_10\via_region_data.json
E_1_4_1_L_M_N_N_1979_8_2017.bmp308278,Alcohol,C:\PycharmProjects\Alcohol Detection\dataset\Grupo_1\E_1_4\LG\E_1_4_1\E_1_4_1_R_10\via_region_data.json
E_1_4_1_L_M_N_N_1979_9_2017.bmp308278,Alcohol,C:\PycharmProjects\Alcohol Detection\dataset\Grupo_1\E_1_4\LG\E_1_4_1\E_1_4_1_R_10\via_region_data.json
E_1_4_1_R_M_N_N_1979_0_2017.bmp308278,Non-Alcohol,C:\PycharmProjects\Alcohol Detection\dataset\Grupo_1\E_1_4\LG\E_1_4_1\E_1_4_1_R_10\via_region_data.json
E_1_4_1_R_M_N_N_1979_1_2017.bmp308278,Alcohol,C:\PycharmProjects\Alcohol Detection\dataset\Grupo_1\E_1_4\LG\E_1_4_1\E_1_4_1_R_10\via_region_data.json
E_1_4_1_R_M_N_N_1979_2_2017.bmp308278,Alcohol,C:\PycharmProjects\Alcohol Detection\dataset\Grupo_1\E_1_4\LG\E_1_4_1\E_1_4_1_R_10\via_region_data.json
E_1_4_1_R_M_N_N_1979_3_2017.bmp308278,Alcohol,C:\PycharmProjects\Alcohol Detection\dataset\Grupo_1\E_1_4\LG\E_1_4_1\E_1_4_1_R_10\via_region_data.json
E_1_4_1_R_M_N_N_1979_4_2017.bmp308278,Alcohol,C:\PycharmProjects\Alcohol Detection\dataset\Grupo_1\E_1_4\LG\E_1_4_1\E_1_4_1_R_10\via_region_data.json
E_1_4_1_R_M_N_N_1979_5_2017.bmp308278,Alcohol,C:\PycharmProjects\Alcohol Detection\dataset\Grupo_1\E_1_4\LG\E_1_4_1\E_1_4_1_R_10\via_region_data.json
E_1_4_1_R_M_N_N_1979_6_2017.bmp308278,Alcohol,C:\PycharmProjects\Alcohol Detection\dataset\Grupo_1\E_1_4\LG\E_1_4_1\E_1_4_1_R_10\via_region_data.json
E_1_4_1_R_M_N_N_1979_7_2017.bmp308278,Alcohol,C:\PycharmProjects\Alcohol Detection\dataset\Grupo_1\E_1_4\LG\E_1_4_1\E_1_4_1_R_10\via_region_data.json
E_1_4_1_R_M_N_N_1979_8_2017.bmp308278,Alcohol,C:\PycharmProjects\Alcohol Detection\dataset\Grupo_1\E_1_4\LG\E_1_4_1\E_1_4_1_R_10\via_region_data.json
E_1_4_1_R_M_N_N_1979_9_2017.bmp308278,Alcohol,C:\PycharmProjects\Alcohol Detection\dataset\Grupo_1\E_1_4\LG\E_1_4_1\E_1_4_1_R_10\via_region_data.json
E_1_4_2_L_M_N_N_1979_0_2017.bmp308278,Non-Alcohol,C:\PycharmProjects\Alcohol Detection\dataset\Grupo_1\E_1_4\LG\E_1_4_2\E_1_4_2_R_10\via_region_data.json
E_1_4_2_L_M_N_N_1979_1_2017.bmp308278,Alcohol,C:\PycharmProjects\Alcohol Detection\dataset\Grupo_1\E_1_4\LG\E_1_4_2\E_1_4_2_R_10\via_region_data.json
E_1_4_2_L_M_N_N_1979_2_2017.bmp308278,Alcohol,C:\PycharmProjects\Alcohol Detection\dataset\Grupo_1\E_1_4\LG\E_1_4_2\E_1_4_2_R_10\via_region_data.json
E_1_4_2_L_M_N_N_1979_3_2017.bmp308278,Alcohol,C:\PycharmProjects\Alcohol Detection\dataset\Grupo_1\E_1_4\LG\E_1_4_2\E_1_4_2_R_10\via_region_data.json
E_1_4_2_L_M_N_N_1979_4_2017.bmp308278,Alcohol,C:\PycharmProjects\Alcohol Detection\dataset\Grupo_1\E_1_4\LG\E_1_4_2\E_1_4_2_R_10\via_region_data.json
E_1_4_2_L_M_N_N_1979_5_2017.bmp308278,Alcohol,C:\PycharmProjects\Alcohol Detection\dataset\Grupo_1\E_1_4\LG\E_1_4_2\E_1_4_2_R_10\via_region_data.json
E_1_4_2_L_M_N_N_1979_6_2017.bmp308278,Alcohol,C:\PycharmProjects\Alcohol Detection\dataset\Grupo_1\E_1_4\LG\E_1_4_2\E_1_4_2_R_10\via_region_data.json
E_1_4_2_L_M_N_N_1979_7_2017.bmp308278,Alcohol,C:\PycharmProjects\Alcohol Detection\dataset\Grupo_1\E_1_4\LG\E_1_4_2\E_1_4_2_R_10\via_region_data.json
E_1_4_2_L_M_N_N_1979_8_2017.bmp308278,Alcohol,C:\PycharmProjects\Alcohol Detection\dataset\Grupo_1\E_1_4\LG\E_1_4_2\E_1_4_2_R_10\via_region_data.json
E_1_4_2_L_M_N_N_1979_9_2017.bmp308278,Alcohol,C:\PycharmProjects\Alcohol Detection\dataset\Grupo_1\E_1_4\LG\E_1_4_2\E_1_4_2_R_10\via_region_data.json
E_1_4_2_R_M_N_N_1979_0_2017.bmp308278,Non-Alcohol,C:\PycharmProjects\Alcohol Detection\dataset\Grupo_1\E_1_4\LG\E_1_4_2\E_1_4_2_R_10\via_region_data.json
E_1_4_2_R_M_N_N_1979_1_2017.bmp308278,Alcohol,C:\PycharmProjects\Alcohol Detection\dataset\Grupo_1\E_1_4\LG\E_1_4_2\E_1_4_2_R_10\via_region_data.json
E_1_4_2_R_M_N_N_1979_2_2017.bmp308278,Alcohol,C:\PycharmProjects\Alcohol Detection\dataset\Grupo_1\E_1_4\LG\E_1_4_2\E_1_4_2_R_10\via_region_data.json
E_1_4_2_R_M_N_N_1979_3_2017.bmp308278,Alcohol,C:\PycharmProjects\Alcohol Detection\dataset\Grupo_1\E_1_4\LG\E_1_4_2\E_1_4_2_R_10\via_region_data.json
E_1_4_2_R_M_N_N_1979_4_2017.bmp308278,Alcohol,C:\PycharmProjects\Alcohol Detection\dataset\Grupo_1\E_1_4\LG\E_1_4_2\E_1_4_2_R_10\via_region_data.json
E_1_4_2_R_M_N_N_1979_5_2017.bmp308278,Alcohol,C:\PycharmProjects\Alcohol Detection\dataset\Grupo_1\E_1_4\LG\E_1_4_2\E_1_4_2_R_10\via_region_data.json
E_1_4_2_R_M_N_N_1979_6_2017.bmp308278,Alcohol,C:\PycharmProjects\Alcohol Detection\dataset\Grupo_1\E_1_4\LG\E_1_4_2\E_1_4_2_R_10\via_region_data.json
E_1_4_2_R_M_N_N_1979_7_2017.bmp308278,Alcohol,C:\PycharmProjects\Alcohol Detection\dataset\Grupo_1\E_1_4\LG\E_1_4_2\E_1_4_2_R_10\via_region_data.json
E_1_4_2_R_M_N_N_1979_8_2017.bmp308278,Alcohol,C:\PycharmProjects\Alcohol Detection\dataset\Grupo_1\E_1_4\LG\E_1_4_2\E_1_4_2_R_10\via_region_data.json
E_1_4_2_R_M_N_N_1979_9_2017.bmp308278,Alcohol,C:\PycharmProjects\Alcohol Detection\dataset\Grupo_1\E_1_4\LG\E_1_4_2\E_1_4_2_R_10\via_region_data.json
E_1_4_3_L_M_N_N_1979_0_2017.bmp308278,Non-Alcohol,C:\PycharmProjects\Alcohol Detection\dataset\Grupo_1\E_1_4\LG\E_1_4_3\E_1_4_3_R_10\via_region_data.json
E_1_4_3_L_M_N_N_1979_1_2017.bmp308278,Alcohol,C:\PycharmProjects\Alcohol Detection\dataset\Grupo_1\E_1_4\LG\E_1_4_3\E_1_4_3_R_10\via_region_data.json
E_1_4_3_L_M_N_N_1979_2_2017.bmp308278,Alcohol,C:\PycharmProjects\Alcohol Detection\dataset\Grupo_1\E_1_4\LG\E_1_4_3\E_1_4_3_R_10\via_region_data.json
E_1_4_3_L_M_N_N_1979_3_2017.bmp308278,Alcohol,C:\PycharmProjects\Alcohol Detection\dataset\Grupo_1\E_1_4\LG\E_1_4_3\E_1_4_3_R_10\via_region_data.json
E_1_4_3_L_M_N_N_1979_4_2017.bmp308278,Alcohol,C:\PycharmProjects\Alcohol Detection\dataset\Grupo_1\E_1_4\LG\E_1_4_3\E_1_4_3_R_10\via_region_data.json
E_1_4_3_L_M_N_N_1979_5_2017.bmp308278,Alcohol,C:\PycharmProjects\Alcohol Detection\dataset\Grupo_1\E_1_4\LG\E_1_4_3\E_1_4_3_R_10\via_region_data.json
E_1_4_3_L_M_N_N_1979_6_2017.bmp308278,Alcohol,C:\PycharmProjects\Alcohol Detection\dataset\Grupo_1\E_1_4\LG\E_1_4_3\E_1_4_3_R_10\via_region_data.json
E_1_4_3_L_M_N_N_1979_7_2017.bmp308278,Alcohol,C:\PycharmProjects\Alcohol Detection\dataset\Grupo_1\E_1_4\LG\E_1_4_3\E_1_4_3_R_10\via_region_data.json
E_1_4_3_L_M_N_N_1979_8_2017.bmp308278,Alcohol,C:\PycharmProjects\Alcohol Detection\dataset\Grupo_1\E_1_4\LG\E_1_4_3\E_1_4_3_R_10\via_region_data.json
E_1_4_3_L_M_N_N_1979_9_2017.bmp308278,Alcohol,C:\PycharmProjects\Alcohol Detection\dataset\Grupo_1\E_1_4\LG\E_1_4_3\E_1_4_3_R_10\via_region_data.json
E_1_4_3_R_M_N_N_1979_0_2017.bmp308278,Non-Alcohol,C:\PycharmProjects\Alcohol Detection\dataset\Grupo_1\E_1_4\LG\E_1_4_3\E_1_4_3_R_10\via_region_data.json
E_1_4_3_R_M_N_N_1979_1_2017.bmp308278,Alcohol,C:\PycharmProjects\Alcohol Detection\dataset\Grupo_1\E_1_4\LG\E_1_4_3\E_1_4_3_R_10\via_region_data.json
E_1_4_3_R_M_N_N_1979_2_2017.bmp308278,Alcohol,C:\PycharmProjects\Alcohol Detection\dataset\Grupo_1\E_1_4\LG\E_1_4_3\E_1_4_3_R_10\via_region_data.json
E_1_4_3_R_M_N_N_1979_3_2017.bmp308278,Alcohol,C:\PycharmProjects\Alcohol Detection\dataset\Grupo_1\E_1_4\LG\E_1_4_3\E_1_4_3_R_10\via_region_data.json
E_1_4_3_R_M_N_N_1979_4_2017.bmp308278,Alcohol,C:\PycharmProjects\Alcohol Detection\dataset\Grupo_1\E_1_4\LG\E_1_4_3\E_1_4_3_R_10\via_region_data.json
E_1_4_3_R_M_N_N_1979_5_2017.bmp308278,Alcohol,C:\PycharmProjects\Alcohol Detection\dataset\Grupo_1\E_1_4\LG\E_1_4_3\E_1_4_3_R_10\via_region_data.json
E_1_4_3_R_M_N_N_1979_6_2017.bmp308278,Alcohol,C:\PycharmProjects\Alcohol Detection\dataset\Grupo_1\E_1_4\LG\E_1_4_3\E_1_4_3_R_10\via_region_data.json
E_1_4_3_R_M_N_N_1979_7_2017.bmp308278,Alcohol,C:\PycharmProjects\Alcohol Detection\dataset\Grupo_1\E_1_4\LG\E_1_4_3\E_1_4_3_R_10\via_region_data.json
E_1_4_3_R_M_N_N_1979_8_2017.bmp308278,Alcohol,C:\PycharmProjects\Alcohol Detection\dataset\Grupo_1\E_1_4\LG\E_1_4_3\E_1_4_3_R_10\via_region_data.json
E_1_4_3_R_M_N_N_1979_9_2017.bmp308278,Alcohol,C:\PycharmProjects\Alcohol Detection\dataset\Grupo_1\E_1_4\LG\E_1_4_3\E_1_4_3_R_10\via_region_data.json
E_1_4_4_L_M_N_N_1979_0_2017.bmp308278,Non-Alcohol,C:\PycharmProjects\Alcohol Detection\dataset\Grupo_1\E_1_4\LG\E_1_4_4\E_1_4_4_R_10\via_region_data.json
E_1_4_4_L_M_N_N_1979_1_2017.bmp308278,Alcohol,C:\PycharmProjects\Alcohol Detection\dataset\Grupo_1\E_1_4\LG\E_1_4_4\E_1_4_4_R_10\via_region_data.json
E_1_4_4_L_M_N_N_1979_2_2017.bmp308278,Alcohol,C:\PycharmProjects\Alcohol Detection\dataset\Grupo_1\E_1_4\LG\E_1_4_4\E_1_4_4_R_10\via_region_data.json
E_1_4_4_L_M_N_N_1979_3_2017.bmp308278,Alcohol,C:\PycharmProjects\Alcohol Detection\dataset\Grupo_1\E_1_4\LG\E_1_4_4\E_1_4_4_R_10\via_region_data.json
E_1_4_4_L_M_N_N_1979_4_2017.bmp308278,Alcohol,C:\PycharmProjects\Alcohol Detection\dataset\Grupo_1\E_1_4\LG\E_1_4_4\E_1_4_4_R_10\via_region_data.json
E_1_4_4_L_M_N_N_1979_5_2017.bmp308278,Alcohol,C:\PycharmProjects\Alcohol Detection\dataset\Grupo_1\E_1_4\LG\E_1_4_4\E_1_4_4_R_10\via_region_data.json
E_1_4_4_L_M_N_N_1979_6_2017.bmp308278,Alcohol,C:\PycharmProjects\Alcohol Detection\dataset\Grupo_1\E_1_4\LG\E_1_4_4\E_1_4_4_R_10\via_region_data.json
E_1_4_4_L_M_N_N_1979_7_2017.bmp308278,Alcohol,C:\PycharmProjects\Alcohol Detection\dataset\Grupo_1\E_1_4\LG\E_1_4_4\E_1_4_4_R_10\via_region_data.json
E_1_4_4_L_M_N_N_1979_8_2017.bmp308278,Alcohol,C:\PycharmProjects\Alcohol Detection\dataset\Grupo_1\E_1_4\LG\E_1_4_4\E_1_4_4_R_10\via_region_data.json
E_1_4_4_L_M_N_N_1979_9_2017.bmp308278,Alcohol,C:\PycharmProjects\Alcohol Detection\dataset\Grupo_1\E_1_4\LG\E_1_4_4\E_1_4_4_R_10\via_region_data.json
E_1_4_4_R_M_N_N_1979_0_2017.bmp308278,Non-Alcohol,C:\PycharmProjects\Alcohol Detection\dataset\Grupo_1\E_1_4\LG\E_1_4_4\E_1_4_4_R_10\via_region_data.json
E_1_4_4_R_M_N_N_1979_1_2017.bmp308278,Alcohol,C:\PycharmProjects\Alcohol Detection\dataset\Grupo_1\E_1_4\LG\E_1_4_4\E_1_4_4_R_10\via_region_data.json
E_1_4_4_R_M_N_N_1979_2_2017.bmp308278,Alcohol,C:\PycharmProjects\Alcohol Detection\dataset\Grupo_1\E_1_4\LG\E_1_4_4\E_1_4_4_R_10\via_region_data.json
E_1_4_4_R_M_N_N_1979_3_2017.bmp308278,Alcohol,C:\PycharmProjects\Alcohol Detection\dataset\Grupo_1\E_1_4\LG\E_1_4_4\E_1_4_4_R_10\via_region_data.json
E_1_4_4_R_M_N_N_1979_4_2017.bmp308278,Alcohol,C:\PycharmProjects\Alcohol Detection\dataset\Grupo_1\E_1_4\LG\E_1_4_4\E_1_4_4_R_10\via_region_data.json
E_1_4_4_R_M_N_N_1979_5_2017.bmp308278,Alcohol,C:\PycharmProjects\Alcohol Detection\dataset\Grupo_1\E_1_4\LG\E_1_4_4\E_1_4_4_R_10\via_region_data.json
E_1_4_4_R_M_N_N_1979_6_2017.bmp308278,Alcohol,C:\PycharmProjects\Alcohol Detection\dataset\Grupo_1\E_1_4\LG\E_1_4_4\E_1_4_4_R_10\via_region_data.json
E_1_4_4_R_M_N_N_1979_7_2017.bmp308278,Alcohol,C:\PycharmProjects\Alcohol Detection\dataset\Grupo_1\E_1_4\LG\E_1_4_4\E_1_4_4_R_10\via_region_data.json
E_1_4_4_R_M_N_N_1979_8_2017.bmp308278,Alcohol,C:\PycharmProjects\Alcohol Detection\dataset\Grupo_1\E_1_4\LG\E_1_4_4\E_1_4_4_R_10\via_region_data.json
E_1_4_4_R_M_N_N_1979_9_2017.bmp308278,Alcohol,C:\PycharmProjects\Alcohol Detection\dataset\Grupo_1\E_1_4\LG\E_1_4_4\E_1_4_4_R_10\via_region_data.json
E_2_0_0_L_M_N_N_1979_0_2017.bmp308278,Non-Alcohol,C:\PycharmProjects\Alcohol Detection\dataset\Grupo_2\E_2_0\Iritech\E_2_0_0\via_region_data.json
E_2_0_0_R_M_N_N_1979_0_2017.bmp308278,Non-Alcohol,C:\PycharmProjects\Alcohol Detection\dataset\Grupo_2\E_2_0\Iritech\E_2_0_0\via_region_data.json
E_2_0_0_L_M_N_N_1979_0_2017.bmp308278,Non-Alcohol,C:\PycharmProjects\Alcohol Detection\dataset\Grupo_2\E_2_0\Iritech\E_2_0_0\E_2_0_0_L_5\via_region_data.json
E_2_0_0_L_M_N_N_1979_1_2017.bmp308278,Non-Alcohol,C:\PycharmProjects\Alcohol Detection\dataset\Grupo_2\E_2_0\Iritech\E_2_0_0\E_2_0_0_L_5\via_region_data.json
E_2_0_0_L_M_N_N_1979_2_2017.bmp308278,Non-Alcohol,C:\PycharmProjects\Alcohol Detection\dataset\Grupo_2\E_2_0\Iritech\E_2_0_0\E_2_0_0_L_5\via_region_data.json
E_2_0_0_L_M_N_N_1979_3_2017.bmp308278,Non-Alcohol,C:\PycharmProjects\Alcohol Detection\dataset\Grupo_2\E_2_0\Iritech\E_2_0_0\E_2_0_0_L_5\via_region_data.json
E_2_0_0_L_M_N_N_1979_4_2017.bmp308278,Non-Alcohol,C:\PycharmProjects\Alcohol Detection\dataset\Grupo_2\E_2_0\Iritech\E_2_0_0\E_2_0_0_L_5\via_region_data.json
E_2_0_0_L_M_N_N_1979_5_2017.bmp308278,Non-Alcohol,C:\PycharmProjects\Alcohol Detection\dataset\Grupo_2\E_2_0\Iritech\E_2_0_0\E_2_0_0_L_5\via_region_data.json
E_2_0_0_L_M_N_N_1979_6_2017.bmp308278,Non-Alcohol,C:\PycharmProjects\Alcohol Detection\dataset\Grupo_2\E_2_0\Iritech\E_2_0_0\E_2_0_0_L_5\via_region_data.json
E_2_0_0_L_M_N_N_1979_7_2017.bmp308278,Non-Alcohol,C:\PycharmProjects\Alcohol Detection\dataset\Grupo_2\E_2_0\Iritech\E_2_0_0\E_2_0_0_L_5\via_region_data.json
E_2_0_0_L_M_N_N_1979_8_2017.bmp308278,Non-Alcohol,C:\PycharmProjects\Alcohol Detection\dataset\Grupo_2\E_2_0\Iritech\E_2_0_0\E_2_0_0_L_5\via_region_data.json
E_2_0_0_L_M_N_N_1979_9_2017.bmp308278,Non-Alcohol,C:\PycharmProjects\Alcohol Detection\dataset\Grupo_2\E_2_0\Iritech\E_2_0_0\E_2_0_0_L_5\via_region_data.json
E_2_0_0_L_M_N_N_1979_10_2017.bmp308278,Non-Alcohol,C:\PycharmProjects\Alcohol Detection\dataset\Grupo_2\E_2_0\Iritech\E_2_0_0\E_2_0_0_L_5\via_region_data.json
E_2_0_0_L_M_N_N_1979_11_2017.bmp308278,Non-Alcohol,C:\PycharmProjects\Alcohol Detection\dataset\Grupo_2\E_2_0\Iritech\E_2_0_0\E_2_0_0_L_5\via_region_data.json
E_2_0_0_L_M_N_N_1979_12_2017.bmp308278,Non-Alcohol,C:\PycharmProjects\Alcohol Detection\dataset\Grupo_2\E_2_0\Iritech\E_2_0_0\E_2_0_0_L_5\via_region_data.json
E_2_0_0_L_M_N_N_1979_13_2017.bmp308278,Non-Alcohol,C:\PycharmProjects\Alcohol Detection\dataset\Grupo_2\E_2_0\Iritech\E_2_0_0\E_2_0_0_L_5\via_region_data.json
E_2_0_0_L_M_N_N_1979_14_2017.bmp308278,Non-Alcohol,C:\PycharmProjects\Alcohol Detection\dataset\Grupo_2\E_2_0\Iritech\E_2_0_0\E_2_0_0_L_5\via_region_data.json
E_2_0_0_L_M_N_N_1979_15_2017.bmp308278,Non-Alcohol,C:\PycharmProjects\Alcohol Detection\dataset\Grupo_2\E_2_0\Iritech\E_2_0_0\E_2_0_0_L_5\via_region_data.json
E_2_0_0_L_M_N_N_1979_16_2017.bmp308278,Non-Alcohol,C:\PycharmProjects\Alcohol Detection\dataset\Grupo_2\E_2_0\Iritech\E_2_0_0\E_2_0_0_L_5\via_region_data.json
E_2_0_0_L_M_N_N_1979_17_2017.bmp308278,Non-Alcohol,C:\PycharmProjects\Alcohol Detection\dataset\Grupo_2\E_2_0\Iritech\E_2_0_0\E_2_0_0_L_5\via_region_data.json
E_2_0_0_L_M_N_N_1979_18_2017.bmp308278,Non-Alcohol,C:\PycharmProjects\Alcohol Detection\dataset\Grupo_2\E_2_0\Iritech\E_2_0_0\E_2_0_0_L_5\via_region_data.json
E_2_0_0_L_M_N_N_1979_19_2017.bmp308278,Non-Alcohol,C:\PycharmProjects\Alcohol Detection\dataset\Grupo_2\E_2_0\Iritech\E_2_0_0\E_2_0_0_L_5\via_region_data.json
E_2_0_0_L_M_N_N_1979_20_2017.bmp308278,Non-Alcohol,C:\PycharmProjects\Alcohol Detection\dataset\Grupo_2\E_2_0\Iritech\E_2_0_0\E_2_0_0_L_5\via_region_data.json
E_2_0_0_L_M_N_N_1979_21_2017.bmp308278,Non-Alcohol,C:\PycharmProjects\Alcohol Detection\dataset\Grupo_2\E_2_0\Iritech\E_2_0_0\E_2_0_0_L_5\via_region_data.json
E_2_0_0_L_M_N_N_1979_22_2017.bmp308278,Non-Alcohol,C:\PycharmProjects\Alcohol Detection\dataset\Grupo_2\E_2_0\Iritech\E_2_0_0\E_2_0_0_L_5\via_region_data.json
E_2_0_0_L_M_N_N_1979_23_2017.bmp308278,Non-Alcohol,C:\PycharmProjects\Alcohol Detection\dataset\Grupo_2\E_2_0\Iritech\E_2_0_0\E_2_0_0_L_5\via_region_data.json
E_2_0_0_L_M_N_N_1979_24_2017.bmp308278,Non-Alcohol,C:\PycharmProjects\Alcohol Detection\dataset\Grupo_2\E_2_0\Iritech\E_2_0_0\E_2_0_0_L_5\via_region_data.json
E_2_0_0_L_M_N_N_1979_25_2017.bmp308278,Non-Alcohol,C:\PycharmProjects\Alcohol Detection\dataset\Grupo_2\E_2_0\Iritech\E_2_0_0\E_2_0_0_L_5\via_region_data.json
E_2_0_0_L_M_N_N_1979_26_2017.bmp308278,Non-Alcohol,C:\PycharmProjects\Alcohol Detection\dataset\Grupo_2\E_2_0\Iritech\E_2_0_0\E_2_0_0_L_5\via_region_data.json
E_2_0_0_L_M_N_N_1979_27_2017.bmp308278,Non-Alcohol,C:\PycharmProjects\Alcohol Detection\dataset\Grupo_2\E_2_0\Iritech\E_2_0_0\E_2_0_0_L_5\via_region_data.json
E_2_0_0_L_M_N_N_1979_28_2017.bmp308278,Non-Alcohol,C:\PycharmProjects\Alcohol Detection\dataset\Grupo_2\E_2_0\Iritech\E_2_0_0\E_2_0_0_L_5\via_region_data.json
E_2_0_0_L_M_N_N_1979_29_2017.bmp308278,Non-Alcohol,C:\PycharmProjects\Alcohol Detection\dataset\Grupo_2\E_2_0\Iritech\E_2_0_0\E_2_0_0_L_5\via_region_data.json
E_2_0_0_L_M_N_N_1979_30_2017.bmp308278,Non-Alcohol,C:\PycharmProjects\Alcohol Detection\dataset\Grupo_2\E_2_0\Iritech\E_2_0_0\E_2_0_0_L_5\via_region_data.json
E_2_0_0_L_M_N_N_1979_31_2017.bmp308278,Non-Alcohol,C:\PycharmProjects\Alcohol Detection\dataset\Grupo_2\E_2_0\Iritech\E_2_0_0\E_2_0_0_L_5\via_region_data.json
E_2_0_0_L_M_N_N_1979_32_2017.bmp308278,Non-Alcohol,C:\PycharmProjects\Alcohol Detection\dataset\Grupo_2\E_2_0\Iritech\E_2_0_0\E_2_0_0_L_5\via_region_data.json
E_2_0_0_L_M_N_N_1979_33_2017.bmp308278,Non-Alcohol,C:\PycharmProjects\Alcohol Detection\dataset\Grupo_2\E_2_0\Iritech\E_2_0_0\E_2_0_0_L_5\via_region_data.json
E_2_0_0_L_M_N_N_1979_34_2017.bmp308278,Non-Alcohol,C:\PycharmProjects\Alcohol Detection\dataset\Grupo_2\E_2_0\Iritech\E_2_0_0\E_2_0_0_L_5\via_region_data.json
E_2_0_0_L_M_N_N_1979_35_2017.bmp308278,Non-Alcohol,C:\PycharmProjects\Alcohol Detection\dataset\Grupo_2\E_2_0\Iritech\E_2_0_0\E_2_0_0_L_5\via_region_data.json
E_2_0_0_L_M_N_N_1979_36_2017.bmp308278,Non-Alcohol,C:\PycharmProjects\Alcohol Detection\dataset\Grupo_2\E_2_0\Iritech\E_2_0_0\E_2_0_0_L_5\via_region_data.json
E_2_0_0_L_M_N_N_1979_37_2017.bmp308278,Non-Alcohol,C:\PycharmProjects\Alcohol Detection\dataset\Grupo_2\E_2_0\Iritech\E_2_0_0\E_2_0_0_L_5\via_region_data.json
E_2_0_0_L_M_N_N_1979_38_2017.bmp308278,Non-Alcohol,C:\PycharmProjects\Alcohol Detection\dataset\Grupo_2\E_2_0\Iritech\E_2_0_0\E_2_0_0_L_5\via_region_data.json
E_2_0_0_L_M_N_N_1979_39_2017.bmp308278,Non-Alcohol,C:\PycharmProjects\Alcohol Detection\dataset\Grupo_2\E_2_0\Iritech\E_2_0_0\E_2_0_0_L_5\via_region_data.json
E_2_0_0_L_M_N_N_1979_40_2017.bmp308278,Non-Alcohol,C:\PycharmProjects\Alcohol Detection\dataset\Grupo_2\E_2_0\Iritech\E_2_0_0\E_2_0_0_L_5\via_region_data.json
E_2_0_0_L_M_N_N_1979_41_2017.bmp308278,Non-Alcohol,C:\PycharmProjects\Alcohol Detection\dataset\Grupo_2\E_2_0\Iritech\E_2_0_0\E_2_0_0_L_5\via_region_data.json
E_2_0_0_L_M_N_N_1979_42_2017.bmp308278,Non-Alcohol,C:\PycharmProjects\Alcohol Detection\dataset\Grupo_2\E_2_0\Iritech\E_2_0_0\E_2_0_0_L_5\via_region_data.json
E_2_0_0_L_M_N_N_1979_43_2017.bmp308278,Non-Alcohol,C:\PycharmProjects\Alcohol Detection\dataset\Grupo_2\E_2_0\Iritech\E_2_0_0\E_2_0_0_L_5\via_region_data.json
E_2_0_0_L_M_N_N_1979_44_2017.bmp308278,Non-Alcohol,C:\PycharmProjects\Alcohol Detection\dataset\Grupo_2\E_2_0\Iritech\E_2_0_0\E_2_0_0_L_5\via_region_data.json
E_2_0_0_L_M_N_N_1979_45_2017.bmp308278,Non-Alcohol,C:\PycharmProjects\Alcohol Detection\dataset\Grupo_2\E_2_0\Iritech\E_2_0_0\E_2_0_0_L_5\via_region_data.json
E_2_0_0_L_M_N_N_1979_46_2017.bmp308278,Non-Alcohol,C:\PycharmProjects\Alcohol Detection\dataset\Grupo_2\E_2_0\Iritech\E_2_0_0\E_2_0_0_L_5\via_region_data.json
E_2_0_0_L_M_N_N_1979_47_2017.bmp308278,Non-Alcohol,C:\PycharmProjects\Alcohol Detection\dataset\Grupo_2\E_2_0\Iritech\E_2_0_0\E_2_0_0_L_5\via_region_data.json
E_2_0_0_L_M_N_N_1979_48_2017.bmp308278,Non-Alcohol,C:\PycharmProjects\Alcohol Detection\dataset\Grupo_2\E_2_0\Iritech\E_2_0_0\E_2_0_0_L_5\via_region_data.json
E_2_0_0_L_M_N_N_1979_49_2017.bmp308278,Non-Alcohol,C:\PycharmProjects\Alcohol Detection\dataset\Grupo_2\E_2_0\Iritech\E_2_0_0\E_2_0_0_L_5\via_region_data.json
E_2_0_0_L_M_N_N_1979_50_2017.bmp308278,Non-Alcohol,C:\PycharmProjects\Alcohol Detection\dataset\Grupo_2\E_2_0\Iritech\E_2_0_0\E_2_0_0_L_5\via_region_data.json
E_2_0_0_L_M_N_N_1979_51_2017.bmp308278,Non-Alcohol,C:\PycharmProjects\Alcohol Detection\dataset\Grupo_2\E_2_0\Iritech\E_2_0_0\E_2_0_0_L_5\via_region_data.json
E_2_0_0_L_M_N_N_1979_52_2017.bmp308278,Non-Alcohol,C:\PycharmProjects\Alcohol Detection\dataset\Grupo_2\E_2_0\Iritech\E_2_0_0\E_2_0_0_L_5\via_region_data.json
E_2_0_0_L_M_N_N_1979_53_2017.bmp308278,Non-Alcohol,C:\PycharmProjects\Alcohol Detection\dataset\Grupo_2\E_2_0\Iritech\E_2_0_0\E_2_0_0_L_5\via_region_data.json
E_2_0_0_L_M_N_N_1979_54_2017.bmp308278,Non-Alcohol,C:\PycharmProjects\Alcohol Detection\dataset\Grupo_2\E_2_0\Iritech\E_2_0_0\E_2_0_0_L_5\via_region_data.json
E_2_0_0_L_M_N_N_1979_55_2017.bmp308278,Non-Alcohol,C:\PycharmProjects\Alcohol Detection\dataset\Grupo_2\E_2_0\Iritech\E_2_0_0\E_2_0_0_L_5\via_region_data.json
E_2_0_0_L_M_N_N_1979_56_2017.bmp308278,Non-Alcohol,C:\PycharmProjects\Alcohol Detection\dataset\Grupo_2\E_2_0\Iritech\E_2_0_0\E_2_0_0_L_5\via_region_data.json
E_2_0_0_L_M_N_N_1979_57_2017.bmp308278,Non-Alcohol,C:\PycharmProjects\Alcohol Detection\dataset\Grupo_2\E_2_0\Iritech\E_2_0_0\E_2_0_0_L_5\via_region_data.json
E_2_0_0_L_M_N_N_1979_58_2017.bmp308278,Non-Alcohol,C:\PycharmProjects\Alcohol Detection\dataset\Grupo_2\E_2_0\Iritech\E_2_0_0\E_2_0_0_L_5\via_region_data.json
E_2_0_0_L_M_N_N_1979_59_2017.bmp308278,Non-Alcohol,C:\PycharmProjects\Alcohol Detection\dataset\Grupo_2\E_2_0\Iritech\E_2_0_0\E_2_0_0_L_5\via_region_data.json
E_2_0_0_L_M_N_N_1979_60_2017.bmp308278,Non-Alcohol,C:\PycharmProjects\Alcohol Detection\dataset\Grupo_2\E_2_0\Iritech\E_2_0_0\E_2_0_0_L_5\via_region_data.json
E_2_0_0_L_M_N_N_1979_61_2017.bmp308278,Non-Alcohol,C:\PycharmProjects\Alcohol Detection\dataset\Grupo_2\E_2_0\Iritech\E_2_0_0\E_2_0_0_L_5\via_region_data.json
E_2_0_0_L_M_N_N_1979_62_2017.bmp308278,Non-Alcohol,C:\PycharmProjects\Alcohol Detection\dataset\Grupo_2\E_2_0\Iritech\E_2_0_0\E_2_0_0_L_5\via_region_data.json
E_2_0_0_L_M_N_N_1979_63_2017.bmp308278,Non-Alcohol,C:\PycharmProjects\Alcohol Detection\dataset\Grupo_2\E_2_0\Iritech\E_2_0_0\E_2_0_0_L_5\via_region_data.json
E_2_0_0_L_M_N_N_1979_64_2017.bmp308278,Non-Alcohol,C:\PycharmProjects\Alcohol Detection\dataset\Grupo_2\E_2_0\Iritech\E_2_0_0\E_2_0_0_L_5\via_region_data.json
E_2_0_0_L_M_N_N_1979_65_2017.bmp308278,Non-Alcohol,C:\PycharmProjects\Alcohol Detection\dataset\Grupo_2\E_2_0\Iritech\E_2_0_0\E_2_0_0_L_5\via_region_data.json
E_2_0_0_L_M_N_N_1979_66_2017.bmp308278,Non-Alcohol,C:\PycharmProjects\Alcohol Detection\dataset\Grupo_2\E_2_0\Iritech\E_2_0_0\E_2_0_0_L_5\via_region_data.json
E_2_0_0_L_M_N_N_1979_67_2017.bmp308278,Non-Alcohol,C:\PycharmProjects\Alcohol Detection\dataset\Grupo_2\E_2_0\Iritech\E_2_0_0\E_2_0_0_L_5\via_region_data.json
E_2_0_0_L_M_N_N_1979_68_2017.bmp308278,Non-Alcohol,C:\PycharmProjects\Alcohol Detection\dataset\Grupo_2\E_2_0\Iritech\E_2_0_0\E_2_0_0_L_5\via_region_data.json
E_2_0_0_L_M_N_N_1979_69_2017.bmp308278,Non-Alcohol,C:\PycharmProjects\Alcohol Detection\dataset\Grupo_2\E_2_0\Iritech\E_2_0_0\E_2_0_0_L_5\via_region_data.json
E_2_0_0_L_M_N_N_1979_70_2017.bmp308278,Non-Alcohol,C:\PycharmProjects\Alcohol Detection\dataset\Grupo_2\E_2_0\Iritech\E_2_0_0\E_2_0_0_L_5\via_region_data.json
E_2_0_0_L_M_N_N_1979_71_2017.bmp308278,Non-Alcohol,C:\PycharmProjects\Alcohol Detection\dataset\Grupo_2\E_2_0\Iritech\E_2_0_0\E_2_0_0_L_5\via_region_data.json
E_2_0_0_L_M_N_N_1979_72_2017.bmp308278,Non-Alcohol,C:\PycharmProjects\Alcohol Detection\dataset\Grupo_2\E_2_0\Iritech\E_2_0_0\E_2_0_0_L_5\via_region_data.json
E_2_0_0_L_M_N_N_1979_73_2017.bmp308278,Non-Alcohol,C:\PycharmProjects\Alcohol Detection\dataset\Grupo_2\E_2_0\Iritech\E_2_0_0\E_2_0_0_L_5\via_region_data.json
E_2_0_0_L_M_N_N_1979_74_2017.bmp308278,Non-Alcohol,C:\PycharmProjects\Alcohol Detection\dataset\Grupo_2\E_2_0\Iritech\E_2_0_0\E_2_0_0_L_5\via_region_data.json
E_2_0_0_L_M_N_N_1979_75_2017.bmp308278,Non-Alcohol,C:\PycharmProjects\Alcohol Detection\dataset\Grupo_2\E_2_0\Iritech\E_2_0_0\E_2_0_0_L_5\via_region_data.json
E_2_0_0_L_M_N_N_1979_76_2017.bmp308278,Non-Alcohol,C:\PycharmProjects\Alcohol Detection\dataset\Grupo_2\E_2_0\Iritech\E_2_0_0\E_2_0_0_L_5\via_region_data.json
E_2_0_0_L_M_N_N_1979_77_2017.bmp308278,Non-Alcohol,C:\PycharmProjects\Alcohol Detection\dataset\Grupo_2\E_2_0\Iritech\E_2_0_0\E_2_0_0_L_5\via_region_data.json
E_2_0_0_R_M_N_N_1979_0_2017.bmp308278,Non-Alcohol,C:\PycharmProjects\Alcohol Detection\dataset\Grupo_2\E_2_0\Iritech\E_2_0_0\E_2_0_0_R_5\via_region_data.json
E_2_0_0_R_M_N_N_1979_1_2017.bmp308278,Non-Alcohol,C:\PycharmProjects\Alcohol Detection\dataset\Grupo_2\E_2_0\Iritech\E_2_0_0\E_2_0_0_R_5\via_region_data.json
E_2_0_0_R_M_N_N_1979_2_2017.bmp308278,Non-Alcohol,C:\PycharmProjects\Alcohol Detection\dataset\Grupo_2\E_2_0\Iritech\E_2_0_0\E_2_0_0_R_5\via_region_data.json
E_2_0_0_R_M_N_N_1979_3_2017.bmp308278,Non-Alcohol,C:\PycharmProjects\Alcohol Detection\dataset\Grupo_2\E_2_0\Iritech\E_2_0_0\E_2_0_0_R_5\via_region_data.json
E_2_0_0_R_M_N_N_1979_4_2017.bmp308278,Non-Alcohol,C:\PycharmProjects\Alcohol Detection\dataset\Grupo_2\E_2_0\Iritech\E_2_0_0\E_2_0_0_R_5\via_region_data.json
E_2_0_0_R_M_N_N_1979_5_2017.bmp308278,Non-Alcohol,C:\PycharmProjects\Alcohol Detection\dataset\Grupo_2\E_2_0\Iritech\E_2_0_0\E_2_0_0_R_5\via_region_data.json
E_2_0_0_R_M_N_N_1979_6_2017.bmp308278,Non-Alcohol,C:\PycharmProjects\Alcohol Detection\dataset\Grupo_2\E_2_0\Iritech\E_2_0_0\E_2_0_0_R_5\via_region_data.json
E_2_0_0_R_M_N_N_1979_7_2017.bmp308278,Non-Alcohol,C:\PycharmProjects\Alcohol Detection\dataset\Grupo_2\E_2_0\Iritech\E_2_0_0\E_2_0_0_R_5\via_region_data.json
E_2_0_0_R_M_N_N_1979_8_2017.bmp308278,Non-Alcohol,C:\PycharmProjects\Alcohol Detection\dataset\Grupo_2\E_2_0\Iritech\E_2_0_0\E_2_0_0_R_5\via_region_data.json
E_2_0_0_R_M_N_N_1979_9_2017.bmp308278,Non-Alcohol,C:\PycharmProjects\Alcohol Detection\dataset\Grupo_2\E_2_0\Iritech\E_2_0_0\E_2_0_0_R_5\via_region_data.json
E_2_0_0_R_M_N_N_1979_10_2017.bmp308278,Non-Alcohol,C:\PycharmProjects\Alcohol Detection\dataset\Grupo_2\E_2_0\Iritech\E_2_0_0\E_2_0_0_R_5\via_region_data.json
E_2_0_0_R_M_N_N_1979_11_2017.bmp308278,Non-Alcohol,C:\PycharmProjects\Alcohol Detection\dataset\Grupo_2\E_2_0\Iritech\E_2_0_0\E_2_0_0_R_5\via_region_data.json
E_2_0_0_R_M_N_N_1979_12_2017.bmp308278,Non-Alcohol,C:\PycharmProjects\Alcohol Detection\dataset\Grupo_2\E_2_0\Iritech\E_2_0_0\E_2_0_0_R_5\via_region_data.json
E_2_0_0_R_M_N_N_1979_13_2017.bmp308278,Non-Alcohol,C:\PycharmProjects\Alcohol Detection\dataset\Grupo_2\E_2_0\Iritech\E_2_0_0\E_2_0_0_R_5\via_region_data.json
E_2_0_0_R_M_N_N_1979_14_2017.bmp308278,Non-Alcohol,C:\PycharmProjects\Alcohol Detection\dataset\Grupo_2\E_2_0\Iritech\E_2_0_0\E_2_0_0_R_5\via_region_data.json
E_2_0_0_R_M_N_N_1979_15_2017.bmp308278,Non-Alcohol,C:\PycharmProjects\Alcohol Detection\dataset\Grupo_2\E_2_0\Iritech\E_2_0_0\E_2_0_0_R_5\via_region_data.json
E_2_0_0_R_M_N_N_1979_16_2017.bmp308278,Non-Alcohol,C:\PycharmProjects\Alcohol Detection\dataset\Grupo_2\E_2_0\Iritech\E_2_0_0\E_2_0_0_R_5\via_region_data.json
E_2_0_0_R_M_N_N_1979_17_2017.bmp308278,Non-Alcohol,C:\PycharmProjects\Alcohol Detection\dataset\Grupo_2\E_2_0\Iritech\E_2_0_0\E_2_0_0_R_5\via_region_data.json
E_2_0_0_R_M_N_N_1979_18_2017.bmp308278,Non-Alcohol,C:\PycharmProjects\Alcohol Detection\dataset\Grupo_2\E_2_0\Iritech\E_2_0_0\E_2_0_0_R_5\via_region_data.json
E_2_0_0_R_M_N_N_1979_19_2017.bmp308278,Non-Alcohol,C:\PycharmProjects\Alcohol Detection\dataset\Grupo_2\E_2_0\Iritech\E_2_0_0\E_2_0_0_R_5\via_region_data.json
E_2_0_0_R_M_N_N_1979_20_2017.bmp308278,Non-Alcohol,C:\PycharmProjects\Alcohol Detection\dataset\Grupo_2\E_2_0\Iritech\E_2_0_0\E_2_0_0_R_5\via_region_data.json
E_2_0_0_R_M_N_N_1979_21_2017.bmp308278,Non-Alcohol,C:\PycharmProjects\Alcohol Detection\dataset\Grupo_2\E_2_0\Iritech\E_2_0_0\E_2_0_0_R_5\via_region_data.json
E_2_0_0_R_M_N_N_1979_22_2017.bmp308278,Non-Alcohol,C:\PycharmProjects\Alcohol Detection\dataset\Grupo_2\E_2_0\Iritech\E_2_0_0\E_2_0_0_R_5\via_region_data.json
E_2_0_0_R_M_N_N_1979_23_2017.bmp308278,Non-Alcohol,C:\PycharmProjects\Alcohol Detection\dataset\Grupo_2\E_2_0\Iritech\E_2_0_0\E_2_0_0_R_5\via_region_data.json
E_2_0_0_R_M_N_N_1979_24_2017.bmp308278,Non-Alcohol,C:\PycharmProjects\Alcohol Detection\dataset\Grupo_2\E_2_0\Iritech\E_2_0_0\E_2_0_0_R_5\via_region_data.json
E_2_0_0_R_M_N_N_1979_25_2017.bmp308278,Non-Alcohol,C:\PycharmProjects\Alcohol Detection\dataset\Grupo_2\E_2_0\Iritech\E_2_0_0\E_2_0_0_R_5\via_region_data.json
E_2_0_0_R_M_N_N_1979_26_2017.bmp308278,Non-Alcohol,C:\PycharmProjects\Alcohol Detection\dataset\Grupo_2\E_2_0\Iritech\E_2_0_0\E_2_0_0_R_5\via_region_data.json
E_2_0_0_R_M_N_N_1979_27_2017.bmp308278,Non-Alcohol,C:\PycharmProjects\Alcohol Detection\dataset\Grupo_2\E_2_0\Iritech\E_2_0_0\E_2_0_0_R_5\via_region_data.json
E_2_0_0_R_M_N_N_1979_28_2017.bmp308278,Non-Alcohol,C:\PycharmProjects\Alcohol Detection\dataset\Grupo_2\E_2_0\Iritech\E_2_0_0\E_2_0_0_R_5\via_region_data.json
E_2_0_0_R_M_N_N_1979_29_2017.bmp308278,Non-Alcohol,C:\PycharmProjects\Alcohol Detection\dataset\Grupo_2\E_2_0\Iritech\E_2_0_0\E_2_0_0_R_5\via_region_data.json
E_2_0_0_R_M_N_N_1979_30_2017.bmp308278,Non-Alcohol,C:\PycharmProjects\Alcohol Detection\dataset\Grupo_2\E_2_0\Iritech\E_2_0_0\E_2_0_0_R_5\via_region_data.json
E_2_0_0_R_M_N_N_1979_31_2017.bmp308278,Non-Alcohol,C:\PycharmProjects\Alcohol Detection\dataset\Grupo_2\E_2_0\Iritech\E_2_0_0\E_2_0_0_R_5\via_region_data.json
E_2_0_0_R_M_N_N_1979_32_2017.bmp308278,Non-Alcohol,C:\PycharmProjects\Alcohol Detection\dataset\Grupo_2\E_2_0\Iritech\E_2_0_0\E_2_0_0_R_5\via_region_data.json
E_2_0_0_R_M_N_N_1979_33_2017.bmp308278,Non-Alcohol,C:\PycharmProjects\Alcohol Detection\dataset\Grupo_2\E_2_0\Iritech\E_2_0_0\E_2_0_0_R_5\via_region_data.json
E_2_0_0_R_M_N_N_1979_34_2017.bmp308278,Non-Alcohol,C:\PycharmProjects\Alcohol Detection\dataset\Grupo_2\E_2_0\Iritech\E_2_0_0\E_2_0_0_R_5\via_region_data.json
E_2_0_0_R_M_N_N_1979_35_2017.bmp308278,Non-Alcohol,C:\PycharmProjects\Alcohol Detection\dataset\Grupo_2\E_2_0\Iritech\E_2_0_0\E_2_0_0_R_5\via_region_data.json
E_2_0_0_R_M_N_N_1979_36_2017.bmp308278,Non-Alcohol,C:\PycharmProjects\Alcohol Detection\dataset\Grupo_2\E_2_0\Iritech\E_2_0_0\E_2_0_0_R_5\via_region_data.json
E_2_0_0_R_M_N_N_1979_37_2017.bmp308278,Non-Alcohol,C:\PycharmProjects\Alcohol Detection\dataset\Grupo_2\E_2_0\Iritech\E_2_0_0\E_2_0_0_R_5\via_region_data.json
E_2_0_0_R_M_N_N_1979_38_2017.bmp308278,Non-Alcohol,C:\PycharmProjects\Alcohol Detection\dataset\Grupo_2\E_2_0\Iritech\E_2_0_0\E_2_0_0_R_5\via_region_data.json
E_2_0_0_R_M_N_N_1979_39_2017.bmp308278,Non-Alcohol,C:\PycharmProjects\Alcohol Detection\dataset\Grupo_2\E_2_0\Iritech\E_2_0_0\E_2_0_0_R_5\via_region_data.json
E_2_0_0_R_M_N_N_1979_40_2017.bmp308278,Non-Alcohol,C:\PycharmProjects\Alcohol Detection\dataset\Grupo_2\E_2_0\Iritech\E_2_0_0\E_2_0_0_R_5\via_region_data.json
E_2_0_0_R_M_N_N_1979_41_2017.bmp308278,Non-Alcohol,C:\PycharmProjects\Alcohol Detection\dataset\Grupo_2\E_2_0\Iritech\E_2_0_0\E_2_0_0_R_5\via_region_data.json
E_2_0_0_R_M_N_N_1979_42_2017.bmp308278,Non-Alcohol,C:\PycharmProjects\Alcohol Detection\dataset\Grupo_2\E_2_0\Iritech\E_2_0_0\E_2_0_0_R_5\via_region_data.json
E_2_0_0_R_M_N_N_1979_43_2017.bmp308278,Non-Alcohol,C:\PycharmProjects\Alcohol Detection\dataset\Grupo_2\E_2_0\Iritech\E_2_0_0\E_2_0_0_R_5\via_region_data.json
E_2_0_0_R_M_N_N_1979_44_2017.bmp308278,Non-Alcohol,C:\PycharmProjects\Alcohol Detection\dataset\Grupo_2\E_2_0\Iritech\E_2_0_0\E_2_0_0_R_5\via_region_data.json
E_2_0_0_R_M_N_N_1979_45_2017.bmp308278,Non-Alcohol,C:\PycharmProjects\Alcohol Detection\dataset\Grupo_2\E_2_0\Iritech\E_2_0_0\E_2_0_0_R_5\via_region_data.json
E_2_0_0_R_M_N_N_1979_46_2017.bmp308278,Non-Alcohol,C:\PycharmProjects\Alcohol Detection\dataset\Grupo_2\E_2_0\Iritech\E_2_0_0\E_2_0_0_R_5\via_region_data.json
E_2_0_0_R_M_N_N_1979_47_2017.bmp308278,Non-Alcohol,C:\PycharmProjects\Alcohol Detection\dataset\Grupo_2\E_2_0\Iritech\E_2_0_0\E_2_0_0_R_5\via_region_data.json
E_2_0_0_R_M_N_N_1979_48_2017.bmp308278,Non-Alcohol,C:\PycharmProjects\Alcohol Detection\dataset\Grupo_2\E_2_0\Iritech\E_2_0_0\E_2_0_0_R_5\via_region_data.json
E_2_0_0_R_M_N_N_1979_49_2017.bmp308278,Non-Alcohol,C:\PycharmProjects\Alcohol Detection\dataset\Grupo_2\E_2_0\Iritech\E_2_0_0\E_2_0_0_R_5\via_region_data.json
E_2_0_0_R_M_N_N_1979_50_2017.bmp308278,Non-Alcohol,C:\PycharmProjects\Alcohol Detection\dataset\Grupo_2\E_2_0\Iritech\E_2_0_0\E_2_0_0_R_5\via_region_data.json
E_2_0_0_R_M_N_N_1979_51_2017.bmp308278,Non-Alcohol,C:\PycharmProjects\Alcohol Detection\dataset\Grupo_2\E_2_0\Iritech\E_2_0_0\E_2_0_0_R_5\via_region_data.json
E_2_0_0_R_M_N_N_1979_52_2017.bmp308278,Non-Alcohol,C:\PycharmProjects\Alcohol Detection\dataset\Grupo_2\E_2_0\Iritech\E_2_0_0\E_2_0_0_R_5\via_region_data.json
E_2_0_0_R_M_N_N_1979_53_2017.bmp308278,Non-Alcohol,C:\PycharmProjects\Alcohol Detection\dataset\Grupo_2\E_2_0\Iritech\E_2_0_0\E_2_0_0_R_5\via_region_data.json
E_2_0_0_R_M_N_N_1979_54_2017.bmp308278,Non-Alcohol,C:\PycharmProjects\Alcohol Detection\dataset\Grupo_2\E_2_0\Iritech\E_2_0_0\E_2_0_0_R_5\via_region_data.json
E_2_0_0_R_M_N_N_1979_55_2017.bmp308278,Non-Alcohol,C:\PycharmProjects\Alcohol Detection\dataset\Grupo_2\E_2_0\Iritech\E_2_0_0\E_2_0_0_R_5\via_region_data.json
E_2_0_0_R_M_N_N_1979_56_2017.bmp308278,Non-Alcohol,C:\PycharmProjects\Alcohol Detection\dataset\Grupo_2\E_2_0\Iritech\E_2_0_0\E_2_0_0_R_5\via_region_data.json
E_2_0_0_R_M_N_N_1979_57_2017.bmp308278,Non-Alcohol,C:\PycharmProjects\Alcohol Detection\dataset\Grupo_2\E_2_0\Iritech\E_2_0_0\E_2_0_0_R_5\via_region_data.json
E_2_0_0_R_M_N_N_1979_58_2017.bmp308278,Non-Alcohol,C:\PycharmProjects\Alcohol Detection\dataset\Grupo_2\E_2_0\Iritech\E_2_0_0\E_2_0_0_R_5\via_region_data.json
E_2_0_0_R_M_N_N_1979_59_2017.bmp308278,Non-Alcohol,C:\PycharmProjects\Alcohol Detection\dataset\Grupo_2\E_2_0\Iritech\E_2_0_0\E_2_0_0_R_5\via_region_data.json
E_2_0_0_R_M_N_N_1979_60_2017.bmp308278,Non-Alcohol,C:\PycharmProjects\Alcohol Detection\dataset\Grupo_2\E_2_0\Iritech\E_2_0_0\E_2_0_0_R_5\via_region_data.json
E_2_0_0_R_M_N_N_1979_61_2017.bmp308278,Non-Alcohol,C:\PycharmProjects\Alcohol Detection\dataset\Grupo_2\E_2_0\Iritech\E_2_0_0\E_2_0_0_R_5\via_region_data.json
E_2_0_0_R_M_N_N_1979_62_2017.bmp308278,Non-Alcohol,C:\PycharmProjects\Alcohol Detection\dataset\Grupo_2\E_2_0\Iritech\E_2_0_0\E_2_0_0_R_5\via_region_data.json
E_2_0_0_R_M_N_N_1979_63_2017.bmp308278,Non-Alcohol,C:\PycharmProjects\Alcohol Detection\dataset\Grupo_2\E_2_0\Iritech\E_2_0_0\E_2_0_0_R_5\via_region_data.json
E_2_0_0_R_M_N_N_1979_64_2017.bmp308278,Non-Alcohol,C:\PycharmProjects\Alcohol Detection\dataset\Grupo_2\E_2_0\Iritech\E_2_0_0\E_2_0_0_R_5\via_region_data.json
E_2_0_0_R_M_N_N_1979_65_2017.bmp308278,Non-Alcohol,C:\PycharmProjects\Alcohol Detection\dataset\Grupo_2\E_2_0\Iritech\E_2_0_0\E_2_0_0_R_5\via_region_data.json
E_2_0_0_R_M_N_N_1979_66_2017.bmp308278,Non-Alcohol,C:\PycharmProjects\Alcohol Detection\dataset\Grupo_2\E_2_0\Iritech\E_2_0_0\E_2_0_0_R_5\via_region_data.json
E_2_0_0_R_M_N_N_1979_67_2017.bmp308278,Non-Alcohol,C:\PycharmProjects\Alcohol Detection\dataset\Grupo_2\E_2_0\Iritech\E_2_0_0\E_2_0_0_R_5\via_region_data.json
E_2_0_0_R_M_N_N_1979_68_2017.bmp308278,Non-Alcohol,C:\PycharmProjects\Alcohol Detection\dataset\Grupo_2\E_2_0\Iritech\E_2_0_0\E_2_0_0_R_5\via_region_data.json
E_2_0_0_R_M_N_N_1979_69_2017.bmp308278,Non-Alcohol,C:\PycharmProjects\Alcohol Detection\dataset\Grupo_2\E_2_0\Iritech\E_2_0_0\E_2_0_0_R_5\via_region_data.json
E_2_0_0_R_M_N_N_1979_70_2017.bmp308278,Non-Alcohol,C:\PycharmProjects\Alcohol Detection\dataset\Grupo_2\E_2_0\Iritech\E_2_0_0\E_2_0_0_R_5\via_region_data.json
E_2_0_0_R_M_N_N_1979_71_2017.bmp308278,Non-Alcohol,C:\PycharmProjects\Alcohol Detection\dataset\Grupo_2\E_2_0\Iritech\E_2_0_0\E_2_0_0_R_5\via_region_data.json
E_2_0_0_R_M_N_N_1979_72_2017.bmp308278,Non-Alcohol,C:\PycharmProjects\Alcohol Detection\dataset\Grupo_2\E_2_0\Iritech\E_2_0_0\E_2_0_0_R_5\via_region_data.json
E_2_0_0_R_M_N_N_1979_73_2017.bmp308278,Non-Alcohol,C:\PycharmProjects\Alcohol Detection\dataset\Grupo_2\E_2_0\Iritech\E_2_0_0\E_2_0_0_R_5\via_region_data.json
E_2_0_0_R_M_N_N_1979_74_2017.bmp308278,Non-Alcohol,C:\PycharmProjects\Alcohol Detection\dataset\Grupo_2\E_2_0\Iritech\E_2_0_0\E_2_0_0_R_5\via_region_data.json
E_2_0_0_R_M_N_N_1979_75_2017.bmp308278,Non-Alcohol,C:\PycharmProjects\Alcohol Detection\dataset\Grupo_2\E_2_0\Iritech\E_2_0_0\E_2_0_0_R_5\via_region_data.json
E_2_0_0_R_M_N_N_1979_76_2017.bmp308278,Non-Alcohol,C:\PycharmProjects\Alcohol Detection\dataset\Grupo_2\E_2_0\Iritech\E_2_0_0\E_2_0_0_R_5\via_region_data.json
E_2_0_0_R_M_N_N_1979_77_2017.bmp308278,Non-Alcohol,C:\PycharmProjects\Alcohol Detection\dataset\Grupo_2\E_2_0\Iritech\E_2_0_0\E_2_0_0_R_5\via_region_data.json
E_2_0_0_R_M_N_N_1979_78_2017.bmp308278,Non-Alcohol,C:\PycharmProjects\Alcohol Detection\dataset\Grupo_2\E_2_0\Iritech\E_2_0_0\E_2_0_0_R_5\via_region_data.json
E_2_0_0_R_M_N_N_1979_79_2017.bmp308278,Non-Alcohol,C:\PycharmProjects\Alcohol Detection\dataset\Grupo_2\E_2_0\Iritech\E_2_0_0\E_2_0_0_R_5\via_region_data.json
E_2_0_0_R_M_N_N_1979_80_2017.bmp308278,Non-Alcohol,C:\PycharmProjects\Alcohol Detection\dataset\Grupo_2\E_2_0\Iritech\E_2_0_0\E_2_0_0_R_5\via_region_data.json
E_2_0_1_L_M_N_N_1979_0_2017.bmp308278,Non-Alcohol,C:\PycharmProjects\Alcohol Detection\dataset\Grupo_2\E_2_0\Iritech\E_2_0_1\via_region_data.json
E_2_0_1_R_M_N_N_1979_0_2017.bmp308278,Non-Alcohol,C:\PycharmProjects\Alcohol Detection\dataset\Grupo_2\E_2_0\Iritech\E_2_0_1\via_region_data.json
E_2_0_1_L_M_N_N_1979_0_2017.bmp308278,Non-Alcohol,C:\PycharmProjects\Alcohol Detection\dataset\Grupo_2\E_2_0\Iritech\E_2_0_1\E_2_0_1_L_5\via_region_data.json
E_2_0_1_L_M_N_N_1979_1_2017.bmp308278,Non-Alcohol,C:\PycharmProjects\Alcohol Detection\dataset\Grupo_2\E_2_0\Iritech\E_2_0_1\E_2_0_1_L_5\via_region_data.json
E_2_0_1_L_M_N_N_1979_2_2017.bmp308278,Non-Alcohol,C:\PycharmProjects\Alcohol Detection\dataset\Grupo_2\E_2_0\Iritech\E_2_0_1\E_2_0_1_L_5\via_region_data.json
E_2_0_1_L_M_N_N_1979_3_2017.bmp308278,Non-Alcohol,C:\PycharmProjects\Alcohol Detection\dataset\Grupo_2\E_2_0\Iritech\E_2_0_1\E_2_0_1_L_5\via_region_data.json
E_2_0_1_L_M_N_N_1979_4_2017.bmp308278,Non-Alcohol,C:\PycharmProjects\Alcohol Detection\dataset\Grupo_2\E_2_0\Iritech\E_2_0_1\E_2_0_1_L_5\via_region_data.json
E_2_0_1_L_M_N_N_1979_5_2017.bmp308278,Non-Alcohol,C:\PycharmProjects\Alcohol Detection\dataset\Grupo_2\E_2_0\Iritech\E_2_0_1\E_2_0_1_L_5\via_region_data.json
E_2_0_1_L_M_N_N_1979_6_2017.bmp308278,Non-Alcohol,C:\PycharmProjects\Alcohol Detection\dataset\Grupo_2\E_2_0\Iritech\E_2_0_1\E_2_0_1_L_5\via_region_data.json
E_2_0_1_L_M_N_N_1979_7_2017.bmp308278,Non-Alcohol,C:\PycharmProjects\Alcohol Detection\dataset\Grupo_2\E_2_0\Iritech\E_2_0_1\E_2_0_1_L_5\via_region_data.json
E_2_0_1_L_M_N_N_1979_8_2017.bmp308278,Non-Alcohol,C:\PycharmProjects\Alcohol Detection\dataset\Grupo_2\E_2_0\Iritech\E_2_0_1\E_2_0_1_L_5\via_region_data.json
E_2_0_1_L_M_N_N_1979_9_2017.bmp308278,Non-Alcohol,C:\PycharmProjects\Alcohol Detection\dataset\Grupo_2\E_2_0\Iritech\E_2_0_1\E_2_0_1_L_5\via_region_data.json
E_2_0_1_L_M_N_N_1979_10_2017.bmp308278,Non-Alcohol,C:\PycharmProjects\Alcohol Detection\dataset\Grupo_2\E_2_0\Iritech\E_2_0_1\E_2_0_1_L_5\via_region_data.json
E_2_0_1_L_M_N_N_1979_11_2017.bmp308278,Non-Alcohol,C:\PycharmProjects\Alcohol Detection\dataset\Grupo_2\E_2_0\Iritech\E_2_0_1\E_2_0_1_L_5\via_region_data.json
E_2_0_1_L_M_N_N_1979_12_2017.bmp308278,Non-Alcohol,C:\PycharmProjects\Alcohol Detection\dataset\Grupo_2\E_2_0\Iritech\E_2_0_1\E_2_0_1_L_5\via_region_data.json
E_2_0_1_L_M_N_N_1979_13_2017.bmp308278,Non-Alcohol,C:\PycharmProjects\Alcohol Detection\dataset\Grupo_2\E_2_0\Iritech\E_2_0_1\E_2_0_1_L_5\via_region_data.json
E_2_0_1_L_M_N_N_1979_14_2017.bmp308278,Non-Alcohol,C:\PycharmProjects\Alcohol Detection\dataset\Grupo_2\E_2_0\Iritech\E_2_0_1\E_2_0_1_L_5\via_region_data.json
E_2_0_1_L_M_N_N_1979_15_2017.bmp308278,Non-Alcohol,C:\PycharmProjects\Alcohol Detection\dataset\Grupo_2\E_2_0\Iritech\E_2_0_1\E_2_0_1_L_5\via_region_data.json
E_2_0_1_L_M_N_N_1979_16_2017.bmp308278,Non-Alcohol,C:\PycharmProjects\Alcohol Detection\dataset\Grupo_2\E_2_0\Iritech\E_2_0_1\E_2_0_1_L_5\via_region_data.json
E_2_0_1_L_M_N_N_1979_17_2017.bmp308278,Non-Alcohol,C:\PycharmProjects\Alcohol Detection\dataset\Grupo_2\E_2_0\Iritech\E_2_0_1\E_2_0_1_L_5\via_region_data.json
E_2_0_1_L_M_N_N_1979_18_2017.bmp308278,Non-Alcohol,C:\PycharmProjects\Alcohol Detection\dataset\Grupo_2\E_2_0\Iritech\E_2_0_1\E_2_0_1_L_5\via_region_data.json
E_2_0_1_L_M_N_N_1979_19_2017.bmp308278,Non-Alcohol,C:\PycharmProjects\Alcohol Detection\dataset\Grupo_2\E_2_0\Iritech\E_2_0_1\E_2_0_1_L_5\via_region_data.json
E_2_0_1_L_M_N_N_1979_20_2017.bmp308278,Non-Alcohol,C:\PycharmProjects\Alcohol Detection\dataset\Grupo_2\E_2_0\Iritech\E_2_0_1\E_2_0_1_L_5\via_region_data.json
E_2_0_1_L_M_N_N_1979_21_2017.bmp308278,Non-Alcohol,C:\PycharmProjects\Alcohol Detection\dataset\Grupo_2\E_2_0\Iritech\E_2_0_1\E_2_0_1_L_5\via_region_data.json
E_2_0_1_L_M_N_N_1979_22_2017.bmp308278,Non-Alcohol,C:\PycharmProjects\Alcohol Detection\dataset\Grupo_2\E_2_0\Iritech\E_2_0_1\E_2_0_1_L_5\via_region_data.json
E_2_0_1_L_M_N_N_1979_23_2017.bmp308278,Non-Alcohol,C:\PycharmProjects\Alcohol Detection\dataset\Grupo_2\E_2_0\Iritech\E_2_0_1\E_2_0_1_L_5\via_region_data.json
E_2_0_1_L_M_N_N_1979_24_2017.bmp308278,Non-Alcohol,C:\PycharmProjects\Alcohol Detection\dataset\Grupo_2\E_2_0\Iritech\E_2_0_1\E_2_0_1_L_5\via_region_data.json
E_2_0_1_L_M_N_N_1979_25_2017.bmp308278,Non-Alcohol,C:\PycharmProjects\Alcohol Detection\dataset\Grupo_2\E_2_0\Iritech\E_2_0_1\E_2_0_1_L_5\via_region_data.json
E_2_0_1_L_M_N_N_1979_26_2017.bmp308278,Non-Alcohol,C:\PycharmProjects\Alcohol Detection\dataset\Grupo_2\E_2_0\Iritech\E_2_0_1\E_2_0_1_L_5\via_region_data.json
E_2_0_1_L_M_N_N_1979_27_2017.bmp308278,Non-Alcohol,C:\PycharmProjects\Alcohol Detection\dataset\Grupo_2\E_2_0\Iritech\E_2_0_1\E_2_0_1_L_5\via_region_data.json
E_2_0_1_L_M_N_N_1979_28_2017.bmp308278,Non-Alcohol,C:\PycharmProjects\Alcohol Detection\dataset\Grupo_2\E_2_0\Iritech\E_2_0_1\E_2_0_1_L_5\via_region_data.json
E_2_0_1_L_M_N_N_1979_29_2017.bmp308278,Non-Alcohol,C:\PycharmProjects\Alcohol Detection\dataset\Grupo_2\E_2_0\Iritech\E_2_0_1\E_2_0_1_L_5\via_region_data.json
E_2_0_1_L_M_N_N_1979_30_2017.bmp308278,Non-Alcohol,C:\PycharmProjects\Alcohol Detection\dataset\Grupo_2\E_2_0\Iritech\E_2_0_1\E_2_0_1_L_5\via_region_data.json
E_2_0_1_L_M_N_N_1979_31_2017.bmp308278,Non-Alcohol,C:\PycharmProjects\Alcohol Detection\dataset\Grupo_2\E_2_0\Iritech\E_2_0_1\E_2_0_1_L_5\via_region_data.json
E_2_0_1_L_M_N_N_1979_32_2017.bmp308278,Non-Alcohol,C:\PycharmProjects\Alcohol Detection\dataset\Grupo_2\E_2_0\Iritech\E_2_0_1\E_2_0_1_L_5\via_region_data.json
E_2_0_1_L_M_N_N_1979_33_2017.bmp308278,Non-Alcohol,C:\PycharmProjects\Alcohol Detection\dataset\Grupo_2\E_2_0\Iritech\E_2_0_1\E_2_0_1_L_5\via_region_data.json
E_2_0_1_L_M_N_N_1979_34_2017.bmp308278,Non-Alcohol,C:\PycharmProjects\Alcohol Detection\dataset\Grupo_2\E_2_0\Iritech\E_2_0_1\E_2_0_1_L_5\via_region_data.json
E_2_0_1_L_M_N_N_1979_35_2017.bmp308278,Non-Alcohol,C:\PycharmProjects\Alcohol Detection\dataset\Grupo_2\E_2_0\Iritech\E_2_0_1\E_2_0_1_L_5\via_region_data.json
E_2_0_1_L_M_N_N_1979_36_2017.bmp308278,Non-Alcohol,C:\PycharmProjects\Alcohol Detection\dataset\Grupo_2\E_2_0\Iritech\E_2_0_1\E_2_0_1_L_5\via_region_data.json
E_2_0_1_L_M_N_N_1979_37_2017.bmp308278,Non-Alcohol,C:\PycharmProjects\Alcohol Detection\dataset\Grupo_2\E_2_0\Iritech\E_2_0_1\E_2_0_1_L_5\via_region_data.json
E_2_0_1_L_M_N_N_1979_38_2017.bmp308278,Non-Alcohol,C:\PycharmProjects\Alcohol Detection\dataset\Grupo_2\E_2_0\Iritech\E_2_0_1\E_2_0_1_L_5\via_region_data.json
E_2_0_1_L_M_N_N_1979_39_2017.bmp308278,Non-Alcohol,C:\PycharmProjects\Alcohol Detection\dataset\Grupo_2\E_2_0\Iritech\E_2_0_1\E_2_0_1_L_5\via_region_data.json
E_2_0_1_L_M_N_N_1979_40_2017.bmp308278,Non-Alcohol,C:\PycharmProjects\Alcohol Detection\dataset\Grupo_2\E_2_0\Iritech\E_2_0_1\E_2_0_1_L_5\via_region_data.json
E_2_0_1_L_M_N_N_1979_41_2017.bmp308278,Non-Alcohol,C:\PycharmProjects\Alcohol Detection\dataset\Grupo_2\E_2_0\Iritech\E_2_0_1\E_2_0_1_L_5\via_region_data.json
E_2_0_1_L_M_N_N_1979_42_2017.bmp308278,Non-Alcohol,C:\PycharmProjects\Alcohol Detection\dataset\Grupo_2\E_2_0\Iritech\E_2_0_1\E_2_0_1_L_5\via_region_data.json
E_2_0_1_L_M_N_N_1979_43_2017.bmp308278,Non-Alcohol,C:\PycharmProjects\Alcohol Detection\dataset\Grupo_2\E_2_0\Iritech\E_2_0_1\E_2_0_1_L_5\via_region_data.json
E_2_0_1_L_M_N_N_1979_44_2017.bmp308278,Non-Alcohol,C:\PycharmProjects\Alcohol Detection\dataset\Grupo_2\E_2_0\Iritech\E_2_0_1\E_2_0_1_L_5\via_region_data.json
E_2_0_1_L_M_N_N_1979_45_2017.bmp308278,Non-Alcohol,C:\PycharmProjects\Alcohol Detection\dataset\Grupo_2\E_2_0\Iritech\E_2_0_1\E_2_0_1_L_5\via_region_data.json
E_2_0_1_L_M_N_N_1979_46_2017.bmp308278,Non-Alcohol,C:\PycharmProjects\Alcohol Detection\dataset\Grupo_2\E_2_0\Iritech\E_2_0_1\E_2_0_1_L_5\via_region_data.json
E_2_0_1_L_M_N_N_1979_47_2017.bmp308278,Non-Alcohol,C:\PycharmProjects\Alcohol Detection\dataset\Grupo_2\E_2_0\Iritech\E_2_0_1\E_2_0_1_L_5\via_region_data.json
E_2_0_1_L_M_N_N_1979_48_2017.bmp308278,Non-Alcohol,C:\PycharmProjects\Alcohol Detection\dataset\Grupo_2\E_2_0\Iritech\E_2_0_1\E_2_0_1_L_5\via_region_data.json
E_2_0_1_L_M_N_N_1979_49_2017.bmp308278,Non-Alcohol,C:\PycharmProjects\Alcohol Detection\dataset\Grupo_2\E_2_0\Iritech\E_2_0_1\E_2_0_1_L_5\via_region_data.json
E_2_0_1_L_M_N_N_1979_50_2017.bmp308278,Non-Alcohol,C:\PycharmProjects\Alcohol Detection\dataset\Grupo_2\E_2_0\Iritech\E_2_0_1\E_2_0_1_L_5\via_region_data.json
E_2_0_1_L_M_N_N_1979_51_2017.bmp308278,Non-Alcohol,C:\PycharmProjects\Alcohol Detection\dataset\Grupo_2\E_2_0\Iritech\E_2_0_1\E_2_0_1_L_5\via_region_data.json
E_2_0_1_L_M_N_N_1979_52_2017.bmp308278,Non-Alcohol,C:\PycharmProjects\Alcohol Detection\dataset\Grupo_2\E_2_0\Iritech\E_2_0_1\E_2_0_1_L_5\via_region_data.json
E_2_0_1_L_M_N_N_1979_53_2017.bmp308278,Non-Alcohol,C:\PycharmProjects\Alcohol Detection\dataset\Grupo_2\E_2_0\Iritech\E_2_0_1\E_2_0_1_L_5\via_region_data.json
E_2_0_1_L_M_N_N_1979_54_2017.bmp308278,Non-Alcohol,C:\PycharmProjects\Alcohol Detection\dataset\Grupo_2\E_2_0\Iritech\E_2_0_1\E_2_0_1_L_5\via_region_data.json
E_2_0_1_L_M_N_N_1979_55_2017.bmp308278,Non-Alcohol,C:\PycharmProjects\Alcohol Detection\dataset\Grupo_2\E_2_0\Iritech\E_2_0_1\E_2_0_1_L_5\via_region_data.json
E_2_0_1_L_M_N_N_1979_56_2017.bmp308278,Non-Alcohol,C:\PycharmProjects\Alcohol Detection\dataset\Grupo_2\E_2_0\Iritech\E_2_0_1\E_2_0_1_L_5\via_region_data.json
E_2_0_1_L_M_N_N_1979_57_2017.bmp308278,Non-Alcohol,C:\PycharmProjects\Alcohol Detection\dataset\Grupo_2\E_2_0\Iritech\E_2_0_1\E_2_0_1_L_5\via_region_data.json
E_2_0_1_L_M_N_N_1979_58_2017.bmp308278,Non-Alcohol,C:\PycharmProjects\Alcohol Detection\dataset\Grupo_2\E_2_0\Iritech\E_2_0_1\E_2_0_1_L_5\via_region_data.json
E_2_0_1_L_M_N_N_1979_59_2017.bmp308278,Non-Alcohol,C:\PycharmProjects\Alcohol Detection\dataset\Grupo_2\E_2_0\Iritech\E_2_0_1\E_2_0_1_L_5\via_region_data.json
E_2_0_1_L_M_N_N_1979_60_2017.bmp308278,Non-Alcohol,C:\PycharmProjects\Alcohol Detection\dataset\Grupo_2\E_2_0\Iritech\E_2_0_1\E_2_0_1_L_5\via_region_data.json
E_2_0_1_L_M_N_N_1979_61_2017.bmp308278,Non-Alcohol,C:\PycharmProjects\Alcohol Detection\dataset\Grupo_2\E_2_0\Iritech\E_2_0_1\E_2_0_1_L_5\via_region_data.json
E_2_0_1_L_M_N_N_1979_62_2017.bmp308278,Non-Alcohol,C:\PycharmProjects\Alcohol Detection\dataset\Grupo_2\E_2_0\Iritech\E_2_0_1\E_2_0_1_L_5\via_region_data.json
E_2_0_1_L_M_N_N_1979_63_2017.bmp308278,Non-Alcohol,C:\PycharmProjects\Alcohol Detection\dataset\Grupo_2\E_2_0\Iritech\E_2_0_1\E_2_0_1_L_5\via_region_data.json
E_2_0_1_L_M_N_N_1979_64_2017.bmp308278,Non-Alcohol,C:\PycharmProjects\Alcohol Detection\dataset\Grupo_2\E_2_0\Iritech\E_2_0_1\E_2_0_1_L_5\via_region_data.json
E_2_0_1_L_M_N_N_1979_65_2017.bmp308278,Non-Alcohol,C:\PycharmProjects\Alcohol Detection\dataset\Grupo_2\E_2_0\Iritech\E_2_0_1\E_2_0_1_L_5\via_region_data.json
E_2_0_1_L_M_N_N_1979_66_2017.bmp308278,Non-Alcohol,C:\PycharmProjects\Alcohol Detection\dataset\Grupo_2\E_2_0\Iritech\E_2_0_1\E_2_0_1_L_5\via_region_data.json
E_2_0_1_L_M_N_N_1979_67_2017.bmp308278,Non-Alcohol,C:\PycharmProjects\Alcohol Detection\dataset\Grupo_2\E_2_0\Iritech\E_2_0_1\E_2_0_1_L_5\via_region_data.json
E_2_0_1_L_M_N_N_1979_68_2017.bmp308278,Non-Alcohol,C:\PycharmProjects\Alcohol Detection\dataset\Grupo_2\E_2_0\Iritech\E_2_0_1\E_2_0_1_L_5\via_region_data.json
E_2_0_1_L_M_N_N_1979_69_2017.bmp308278,Non-Alcohol,C:\PycharmProjects\Alcohol Detection\dataset\Grupo_2\E_2_0\Iritech\E_2_0_1\E_2_0_1_L_5\via_region_data.json
E_2_0_1_L_M_N_N_1979_70_2017.bmp308278,Non-Alcohol,C:\PycharmProjects\Alcohol Detection\dataset\Grupo_2\E_2_0\Iritech\E_2_0_1\E_2_0_1_L_5\via_region_data.json
E_2_0_1_L_M_N_N_1979_71_2017.bmp308278,Non-Alcohol,C:\PycharmProjects\Alcohol Detection\dataset\Grupo_2\E_2_0\Iritech\E_2_0_1\E_2_0_1_L_5\via_region_data.json
E_2_0_1_L_M_N_N_1979_72_2017.bmp308278,Non-Alcohol,C:\PycharmProjects\Alcohol Detection\dataset\Grupo_2\E_2_0\Iritech\E_2_0_1\E_2_0_1_L_5\via_region_data.json
E_2_0_1_L_M_N_N_1979_73_2017.bmp308278,Non-Alcohol,C:\PycharmProjects\Alcohol Detection\dataset\Grupo_2\E_2_0\Iritech\E_2_0_1\E_2_0_1_L_5\via_region_data.json
E_2_0_1_L_M_N_N_1979_74_2017.bmp308278,Non-Alcohol,C:\PycharmProjects\Alcohol Detection\dataset\Grupo_2\E_2_0\Iritech\E_2_0_1\E_2_0_1_L_5\via_region_data.json
E_2_0_1_L_M_N_N_1979_75_2017.bmp308278,Non-Alcohol,C:\PycharmProjects\Alcohol Detection\dataset\Grupo_2\E_2_0\Iritech\E_2_0_1\E_2_0_1_L_5\via_region_data.json
E_2_0_1_L_M_N_N_1979_76_2017.bmp308278,Non-Alcohol,C:\PycharmProjects\Alcohol Detection\dataset\Grupo_2\E_2_0\Iritech\E_2_0_1\E_2_0_1_L_5\via_region_data.json
E_2_0_1_L_M_N_N_1979_77_2017.bmp308278,Non-Alcohol,C:\PycharmProjects\Alcohol Detection\dataset\Grupo_2\E_2_0\Iritech\E_2_0_1\E_2_0_1_L_5\via_region_data.json
E_2_0_1_L_M_N_N_1979_78_2017.bmp308278,Non-Alcohol,C:\PycharmProjects\Alcohol Detection\dataset\Grupo_2\E_2_0\Iritech\E_2_0_1\E_2_0_1_L_5\via_region_data.json
E_2_0_1_L_M_N_N_1979_79_2017.bmp308278,Non-Alcohol,C:\PycharmProjects\Alcohol Detection\dataset\Grupo_2\E_2_0\Iritech\E_2_0_1\E_2_0_1_L_5\via_region_data.json
E_2_0_1_L_M_N_N_1979_80_2017.bmp308278,Non-Alcohol,C:\PycharmProjects\Alcohol Detection\dataset\Grupo_2\E_2_0\Iritech\E_2_0_1\E_2_0_1_L_5\via_region_data.json
E_2_0_1_L_M_N_N_1979_81_2017.bmp308278,Non-Alcohol,C:\PycharmProjects\Alcohol Detection\dataset\Grupo_2\E_2_0\Iritech\E_2_0_1\E_2_0_1_L_5\via_region_data.json
E_2_0_1_L_M_N_N_1979_82_2017.bmp308278,Non-Alcohol,C:\PycharmProjects\Alcohol Detection\dataset\Grupo_2\E_2_0\Iritech\E_2_0_1\E_2_0_1_L_5\via_region_data.json
E_2_0_1_L_M_N_N_1979_83_2017.bmp308278,Non-Alcohol,C:\PycharmProjects\Alcohol Detection\dataset\Grupo_2\E_2_0\Iritech\E_2_0_1\E_2_0_1_L_5\via_region_data.json
E_2_0_1_L_M_N_N_1979_84_2017.bmp308278,Non-Alcohol,C:\PycharmProjects\Alcohol Detection\dataset\Grupo_2\E_2_0\Iritech\E_2_0_1\E_2_0_1_L_5\via_region_data.json
E_2_0_1_L_M_N_N_1979_85_2017.bmp308278,Non-Alcohol,C:\PycharmProjects\Alcohol Detection\dataset\Grupo_2\E_2_0\Iritech\E_2_0_1\E_2_0_1_L_5\via_region_data.json
E_2_0_1_L_M_N_N_1979_86_2017.bmp308278,Non-Alcohol,C:\PycharmProjects\Alcohol Detection\dataset\Grupo_2\E_2_0\Iritech\E_2_0_1\E_2_0_1_L_5\via_region_data.json
E_2_0_1_L_M_N_N_1979_87_2017.bmp308278,Non-Alcohol,C:\PycharmProjects\Alcohol Detection\dataset\Grupo_2\E_2_0\Iritech\E_2_0_1\E_2_0_1_L_5\via_region_data.json
E_2_0_1_L_M_N_N_1979_88_2017.bmp308278,Non-Alcohol,C:\PycharmProjects\Alcohol Detection\dataset\Grupo_2\E_2_0\Iritech\E_2_0_1\E_2_0_1_L_5\via_region_data.json
E_2_0_1_L_M_N_N_1979_89_2017.bmp308278,Non-Alcohol,C:\PycharmProjects\Alcohol Detection\dataset\Grupo_2\E_2_0\Iritech\E_2_0_1\E_2_0_1_L_5\via_region_data.json
E_2_0_1_L_M_N_N_1979_90_2017.bmp308278,Non-Alcohol,C:\PycharmProjects\Alcohol Detection\dataset\Grupo_2\E_2_0\Iritech\E_2_0_1\E_2_0_1_L_5\via_region_data.json
E_2_0_1_L_M_N_N_1979_91_2017.bmp308278,Non-Alcohol,C:\PycharmProjects\Alcohol Detection\dataset\Grupo_2\E_2_0\Iritech\E_2_0_1\E_2_0_1_L_5\via_region_data.json
E_2_0_1_L_M_N_N_1979_92_2017.bmp308278,Non-Alcohol,C:\PycharmProjects\Alcohol Detection\dataset\Grupo_2\E_2_0\Iritech\E_2_0_1\E_2_0_1_L_5\via_region_data.json
E_2_0_1_L_M_N_N_1979_93_2017.bmp308278,Non-Alcohol,C:\PycharmProjects\Alcohol Detection\dataset\Grupo_2\E_2_0\Iritech\E_2_0_1\E_2_0_1_L_5\via_region_data.json
E_2_0_1_L_M_N_N_1979_94_2017.bmp308278,Non-Alcohol,C:\PycharmProjects\Alcohol Detection\dataset\Grupo_2\E_2_0\Iritech\E_2_0_1\E_2_0_1_L_5\via_region_data.json
E_2_0_1_L_M_N_N_1979_95_2017.bmp308278,Non-Alcohol,C:\PycharmProjects\Alcohol Detection\dataset\Grupo_2\E_2_0\Iritech\E_2_0_1\E_2_0_1_L_5\via_region_data.json
E_2_0_1_L_M_N_N_1979_96_2017.bmp308278,Non-Alcohol,C:\PycharmProjects\Alcohol Detection\dataset\Grupo_2\E_2_0\Iritech\E_2_0_1\E_2_0_1_L_5\via_region_data.json
E_2_0_1_L_M_N_N_1979_97_2017.bmp308278,Non-Alcohol,C:\PycharmProjects\Alcohol Detection\dataset\Grupo_2\E_2_0\Iritech\E_2_0_1\E_2_0_1_L_5\via_region_data.json
E_2_0_1_L_M_N_N_1979_98_2017.bmp308278,Non-Alcohol,C:\PycharmProjects\Alcohol Detection\dataset\Grupo_2\E_2_0\Iritech\E_2_0_1\E_2_0_1_L_5\via_region_data.json
E_2_0_1_L_M_N_N_1979_99_2017.bmp308278,Non-Alcohol,C:\PycharmProjects\Alcohol Detection\dataset\Grupo_2\E_2_0\Iritech\E_2_0_1\E_2_0_1_L_5\via_region_data.json
E_2_0_1_L_M_N_N_1979_100_2017.bmp308278,Non-Alcohol,C:\PycharmProjects\Alcohol Detection\dataset\Grupo_2\E_2_0\Iritech\E_2_0_1\E_2_0_1_L_5\via_region_data.json
E_2_0_1_L_M_N_N_1979_101_2017.bmp308278,Non-Alcohol,C:\PycharmProjects\Alcohol Detection\dataset\Grupo_2\E_2_0\Iritech\E_2_0_1\E_2_0_1_L_5\via_region_data.json
E_2_0_1_L_M_N_N_1979_102_2017.bmp308278,Non-Alcohol,C:\PycharmProjects\Alcohol Detection\dataset\Grupo_2\E_2_0\Iritech\E_2_0_1\E_2_0_1_L_5\via_region_data.json
E_2_0_1_L_M_N_N_1979_103_2017.bmp308278,Non-Alcohol,C:\PycharmProjects\Alcohol Detection\dataset\Grupo_2\E_2_0\Iritech\E_2_0_1\E_2_0_1_L_5\via_region_data.json
E_2_0_1_L_M_N_N_1979_104_2017.bmp308278,Non-Alcohol,C:\PycharmProjects\Alcohol Detection\dataset\Grupo_2\E_2_0\Iritech\E_2_0_1\E_2_0_1_L_5\via_region_data.json
E_2_0_1_L_M_N_N_1979_105_2017.bmp308278,Non-Alcohol,C:\PycharmProjects\Alcohol Detection\dataset\Grupo_2\E_2_0\Iritech\E_2_0_1\E_2_0_1_L_5\via_region_data.json
E_2_0_1_L_M_N_N_1979_106_2017.bmp308278,Non-Alcohol,C:\PycharmProjects\Alcohol Detection\dataset\Grupo_2\E_2_0\Iritech\E_2_0_1\E_2_0_1_L_5\via_region_data.json
E_2_0_1_L_M_N_N_1979_107_2017.bmp308278,Non-Alcohol,C:\PycharmProjects\Alcohol Detection\dataset\Grupo_2\E_2_0\Iritech\E_2_0_1\E_2_0_1_L_5\via_region_data.json
E_2_0_1_L_M_N_N_1979_108_2017.bmp308278,Non-Alcohol,C:\PycharmProjects\Alcohol Detection\dataset\Grupo_2\E_2_0\Iritech\E_2_0_1\E_2_0_1_L_5\via_region_data.json
E_2_0_1_L_M_N_N_1979_109_2017.bmp308278,Non-Alcohol,C:\PycharmProjects\Alcohol Detection\dataset\Grupo_2\E_2_0\Iritech\E_2_0_1\E_2_0_1_L_5\via_region_data.json
E_2_0_1_L_M_N_N_1979_110_2017.bmp308278,Non-Alcohol,C:\PycharmProjects\Alcohol Detection\dataset\Grupo_2\E_2_0\Iritech\E_2_0_1\E_2_0_1_L_5\via_region_data.json
E_2_0_1_L_M_N_N_1979_111_2017.bmp308278,Non-Alcohol,C:\PycharmProjects\Alcohol Detection\dataset\Grupo_2\E_2_0\Iritech\E_2_0_1\E_2_0_1_L_5\via_region_data.json
E_2_0_1_L_M_N_N_1979_112_2017.bmp308278,Non-Alcohol,C:\PycharmProjects\Alcohol Detection\dataset\Grupo_2\E_2_0\Iritech\E_2_0_1\E_2_0_1_L_5\via_region_data.json
E_2_0_1_L_M_N_N_1979_113_2017.bmp308278,Non-Alcohol,C:\PycharmProjects\Alcohol Detection\dataset\Grupo_2\E_2_0\Iritech\E_2_0_1\E_2_0_1_L_5\via_region_data.json
E_2_0_1_L_M_N_N_1979_114_2017.bmp308278,Non-Alcohol,C:\PycharmProjects\Alcohol Detection\dataset\Grupo_2\E_2_0\Iritech\E_2_0_1\E_2_0_1_L_5\via_region_data.json
E_2_0_1_L_M_N_N_1979_115_2017.bmp308278,Non-Alcohol,C:\PycharmProjects\Alcohol Detection\dataset\Grupo_2\E_2_0\Iritech\E_2_0_1\E_2_0_1_L_5\via_region_data.json
E_2_0_1_L_M_N_N_1979_116_2017.bmp308278,Non-Alcohol,C:\PycharmProjects\Alcohol Detection\dataset\Grupo_2\E_2_0\Iritech\E_2_0_1\E_2_0_1_L_5\via_region_data.json
E_2_0_1_L_M_N_N_1979_117_2017.bmp308278,Non-Alcohol,C:\PycharmProjects\Alcohol Detection\dataset\Grupo_2\E_2_0\Iritech\E_2_0_1\E_2_0_1_L_5\via_region_data.json
E_2_0_1_L_M_N_N_1979_118_2017.bmp308278,Non-Alcohol,C:\PycharmProjects\Alcohol Detection\dataset\Grupo_2\E_2_0\Iritech\E_2_0_1\E_2_0_1_L_5\via_region_data.json
E_2_0_1_L_M_N_N_1979_119_2017.bmp308278,Non-Alcohol,C:\PycharmProjects\Alcohol Detection\dataset\Grupo_2\E_2_0\Iritech\E_2_0_1\E_2_0_1_L_5\via_region_data.json
E_2_0_1_L_M_N_N_1979_120_2017.bmp308278,Non-Alcohol,C:\PycharmProjects\Alcohol Detection\dataset\Grupo_2\E_2_0\Iritech\E_2_0_1\E_2_0_1_L_5\via_region_data.json
E_2_0_1_L_M_N_N_1979_121_2017.bmp308278,Non-Alcohol,C:\PycharmProjects\Alcohol Detection\dataset\Grupo_2\E_2_0\Iritech\E_2_0_1\E_2_0_1_L_5\via_region_data.json
E_2_0_1_L_M_N_N_1979_122_2017.bmp308278,Non-Alcohol,C:\PycharmProjects\Alcohol Detection\dataset\Grupo_2\E_2_0\Iritech\E_2_0_1\E_2_0_1_L_5\via_region_data.json
E_2_0_1_L_M_N_N_1979_123_2017.bmp308278,Non-Alcohol,C:\PycharmProjects\Alcohol Detection\dataset\Grupo_2\E_2_0\Iritech\E_2_0_1\E_2_0_1_L_5\via_region_data.json
E_2_0_1_L_M_N_N_1979_124_2017.bmp308278,Non-Alcohol,C:\PycharmProjects\Alcohol Detection\dataset\Grupo_2\E_2_0\Iritech\E_2_0_1\E_2_0_1_L_5\via_region_data.json
E_2_0_1_L_M_N_N_1979_125_2017.bmp308278,Non-Alcohol,C:\PycharmProjects\Alcohol Detection\dataset\Grupo_2\E_2_0\Iritech\E_2_0_1\E_2_0_1_L_5\via_region_data.json
E_2_0_1_L_M_N_N_1979_126_2017.bmp308278,Non-Alcohol,C:\PycharmProjects\Alcohol Detection\dataset\Grupo_2\E_2_0\Iritech\E_2_0_1\E_2_0_1_L_5\via_region_data.json
E_2_0_1_L_M_N_N_1979_127_2017.bmp308278,Non-Alcohol,C:\PycharmProjects\Alcohol Detection\dataset\Grupo_2\E_2_0\Iritech\E_2_0_1\E_2_0_1_L_5\via_region_data.json
E_2_0_1_L_M_N_N_1979_128_2017.bmp308278,Non-Alcohol,C:\PycharmProjects\Alcohol Detection\dataset\Grupo_2\E_2_0\Iritech\E_2_0_1\E_2_0_1_L_5\via_region_data.json
E_2_0_1_L_M_N_N_1979_129_2017.bmp308278,Non-Alcohol,C:\PycharmProjects\Alcohol Detection\dataset\Grupo_2\E_2_0\Iritech\E_2_0_1\E_2_0_1_L_5\via_region_data.json
E_2_0_1_L_M_N_N_1979_130_2017.bmp308278,Non-Alcohol,C:\PycharmProjects\Alcohol Detection\dataset\Grupo_2\E_2_0\Iritech\E_2_0_1\E_2_0_1_L_5\via_region_data.json
E_2_0_1_L_M_N_N_1979_131_2017.bmp308278,Non-Alcohol,C:\PycharmProjects\Alcohol Detection\dataset\Grupo_2\E_2_0\Iritech\E_2_0_1\E_2_0_1_L_5\via_region_data.json
E_2_0_1_L_M_N_N_1979_132_2017.bmp308278,Non-Alcohol,C:\PycharmProjects\Alcohol Detection\dataset\Grupo_2\E_2_0\Iritech\E_2_0_1\E_2_0_1_L_5\via_region_data.json
E_2_0_1_L_M_N_N_1979_133_2017.bmp308278,Non-Alcohol,C:\PycharmProjects\Alcohol Detection\dataset\Grupo_2\E_2_0\Iritech\E_2_0_1\E_2_0_1_L_5\via_region_data.json
E_2_0_1_L_M_N_N_1979_134_2017.bmp308278,Non-Alcohol,C:\PycharmProjects\Alcohol Detection\dataset\Grupo_2\E_2_0\Iritech\E_2_0_1\E_2_0_1_L_5\via_region_data.json
E_2_0_1_L_M_N_N_1979_135_2017.bmp308278,Non-Alcohol,C:\PycharmProjects\Alcohol Detection\dataset\Grupo_2\E_2_0\Iritech\E_2_0_1\E_2_0_1_L_5\via_region_data.json
E_2_0_1_L_M_N_N_1979_136_2017.bmp308278,Non-Alcohol,C:\PycharmProjects\Alcohol Detection\dataset\Grupo_2\E_2_0\Iritech\E_2_0_1\E_2_0_1_L_5\via_region_data.json
E_2_0_1_L_M_N_N_1979_137_2017.bmp308278,Non-Alcohol,C:\PycharmProjects\Alcohol Detection\dataset\Grupo_2\E_2_0\Iritech\E_2_0_1\E_2_0_1_L_5\via_region_data.json
E_2_0_1_L_M_N_N_1979_138_2017.bmp308278,Non-Alcohol,C:\PycharmProjects\Alcohol Detection\dataset\Grupo_2\E_2_0\Iritech\E_2_0_1\E_2_0_1_L_5\via_region_data.json
E_2_0_1_L_M_N_N_1979_139_2017.bmp308278,Non-Alcohol,C:\PycharmProjects\Alcohol Detection\dataset\Grupo_2\E_2_0\Iritech\E_2_0_1\E_2_0_1_L_5\via_region_data.json
E_2_0_1_L_M_N_N_1979_140_2017.bmp308278,Non-Alcohol,C:\PycharmProjects\Alcohol Detection\dataset\Grupo_2\E_2_0\Iritech\E_2_0_1\E_2_0_1_L_5\via_region_data.json
E_2_0_1_L_M_N_N_1979_141_2017.bmp308278,Non-Alcohol,C:\PycharmProjects\Alcohol Detection\dataset\Grupo_2\E_2_0\Iritech\E_2_0_1\E_2_0_1_L_5\via_region_data.json
E_2_0_1_L_M_N_N_1979_142_2017.bmp308278,Non-Alcohol,C:\PycharmProjects\Alcohol Detection\dataset\Grupo_2\E_2_0\Iritech\E_2_0_1\E_2_0_1_L_5\via_region_data.json
E_2_0_1_L_M_N_N_1979_143_2017.bmp308278,Non-Alcohol,C:\PycharmProjects\Alcohol Detection\dataset\Grupo_2\E_2_0\Iritech\E_2_0_1\E_2_0_1_L_5\via_region_data.json
E_2_0_1_L_M_N_N_1979_144_2017.bmp308278,Non-Alcohol,C:\PycharmProjects\Alcohol Detection\dataset\Grupo_2\E_2_0\Iritech\E_2_0_1\E_2_0_1_L_5\via_region_data.json
E_2_0_1_L_M_N_N_1979_145_2017.bmp308278,Non-Alcohol,C:\PycharmProjects\Alcohol Detection\dataset\Grupo_2\E_2_0\Iritech\E_2_0_1\E_2_0_1_L_5\via_region_data.json
E_2_0_1_L_M_N_N_1979_146_2017.bmp308278,Non-Alcohol,C:\PycharmProjects\Alcohol Detection\dataset\Grupo_2\E_2_0\Iritech\E_2_0_1\E_2_0_1_L_5\via_region_data.json
E_2_0_1_L_M_N_N_1979_147_2017.bmp308278,Non-Alcohol,C:\PycharmProjects\Alcohol Detection\dataset\Grupo_2\E_2_0\Iritech\E_2_0_1\E_2_0_1_L_5\via_region_data.json
E_2_0_1_L_M_N_N_1979_148_2017.bmp308278,Non-Alcohol,C:\PycharmProjects\Alcohol Detection\dataset\Grupo_2\E_2_0\Iritech\E_2_0_1\E_2_0_1_L_5\via_region_data.json
E_2_0_1_L_M_N_N_1979_149_2017.bmp308278,Non-Alcohol,C:\PycharmProjects\Alcohol Detection\dataset\Grupo_2\E_2_0\Iritech\E_2_0_1\E_2_0_1_L_5\via_region_data.json
E_2_0_1_L_M_N_N_1979_150_2017.bmp308278,Non-Alcohol,C:\PycharmProjects\Alcohol Detection\dataset\Grupo_2\E_2_0\Iritech\E_2_0_1\E_2_0_1_L_5\via_region_data.json
E_2_0_1_L_M_N_N_1979_151_2017.bmp308278,Non-Alcohol,C:\PycharmProjects\Alcohol Detection\dataset\Grupo_2\E_2_0\Iritech\E_2_0_1\E_2_0_1_L_5\via_region_data.json
E_2_0_1_L_M_N_N_1979_152_2017.bmp308278,Non-Alcohol,C:\PycharmProjects\Alcohol Detection\dataset\Grupo_2\E_2_0\Iritech\E_2_0_1\E_2_0_1_L_5\via_region_data.json
E_2_0_1_L_M_N_N_1979_153_2017.bmp308278,Non-Alcohol,C:\PycharmProjects\Alcohol Detection\dataset\Grupo_2\E_2_0\Iritech\E_2_0_1\E_2_0_1_L_5\via_region_data.json
E_2_0_1_L_M_N_N_1979_154_2017.bmp308278,Non-Alcohol,C:\PycharmProjects\Alcohol Detection\dataset\Grupo_2\E_2_0\Iritech\E_2_0_1\E_2_0_1_L_5\via_region_data.json
E_2_0_1_L_M_N_N_1979_155_2017.bmp308278,Non-Alcohol,C:\PycharmProjects\Alcohol Detection\dataset\Grupo_2\E_2_0\Iritech\E_2_0_1\E_2_0_1_L_5\via_region_data.json
E_2_0_1_L_M_N_N_1979_156_2017.bmp308278,Non-Alcohol,C:\PycharmProjects\Alcohol Detection\dataset\Grupo_2\E_2_0\Iritech\E_2_0_1\E_2_0_1_L_5\via_region_data.json
E_2_0_1_L_M_N_N_1979_157_2017.bmp308278,Non-Alcohol,C:\PycharmProjects\Alcohol Detection\dataset\Grupo_2\E_2_0\Iritech\E_2_0_1\E_2_0_1_L_5\via_region_data.json
E_2_0_1_L_M_N_N_1979_158_2017.bmp308278,Non-Alcohol,C:\PycharmProjects\Alcohol Detection\dataset\Grupo_2\E_2_0\Iritech\E_2_0_1\E_2_0_1_L_5\via_region_data.json
E_2_0_1_L_M_N_N_1979_159_2017.bmp308278,Non-Alcohol,C:\PycharmProjects\Alcohol Detection\dataset\Grupo_2\E_2_0\Iritech\E_2_0_1\E_2_0_1_L_5\via_region_data.json
E_2_0_1_L_M_N_N_1979_160_2017.bmp308278,Non-Alcohol,C:\PycharmProjects\Alcohol Detection\dataset\Grupo_2\E_2_0\Iritech\E_2_0_1\E_2_0_1_L_5\via_region_data.json
E_2_0_1_L_M_N_N_1979_161_2017.bmp308278,Non-Alcohol,C:\PycharmProjects\Alcohol Detection\dataset\Grupo_2\E_2_0\Iritech\E_2_0_1\E_2_0_1_L_5\via_region_data.json
E_2_0_1_L_M_N_N_1979_162_2017.bmp308278,Non-Alcohol,C:\PycharmProjects\Alcohol Detection\dataset\Grupo_2\E_2_0\Iritech\E_2_0_1\E_2_0_1_L_5\via_region_data.json
E_2_0_1_R_M_N_N_1979_0_2017.bmp308278,Non-Alcohol,C:\PycharmProjects\Alcohol Detection\dataset\Grupo_2\E_2_0\Iritech\E_2_0_1\E_2_0_1_R_5\via_region_data.json
E_2_0_1_R_M_N_N_1979_1_2017.bmp308278,Non-Alcohol,C:\PycharmProjects\Alcohol Detection\dataset\Grupo_2\E_2_0\Iritech\E_2_0_1\E_2_0_1_R_5\via_region_data.json
E_2_0_1_R_M_N_N_1979_2_2017.bmp308278,Non-Alcohol,C:\PycharmProjects\Alcohol Detection\dataset\Grupo_2\E_2_0\Iritech\E_2_0_1\E_2_0_1_R_5\via_region_data.json
E_2_0_1_R_M_N_N_1979_3_2017.bmp308278,Non-Alcohol,C:\PycharmProjects\Alcohol Detection\dataset\Grupo_2\E_2_0\Iritech\E_2_0_1\E_2_0_1_R_5\via_region_data.json
E_2_0_1_R_M_N_N_1979_4_2017.bmp308278,Non-Alcohol,C:\PycharmProjects\Alcohol Detection\dataset\Grupo_2\E_2_0\Iritech\E_2_0_1\E_2_0_1_R_5\via_region_data.json
E_2_0_1_R_M_N_N_1979_5_2017.bmp308278,Non-Alcohol,C:\PycharmProjects\Alcohol Detection\dataset\Grupo_2\E_2_0\Iritech\E_2_0_1\E_2_0_1_R_5\via_region_data.json
E_2_0_1_R_M_N_N_1979_6_2017.bmp308278,Non-Alcohol,C:\PycharmProjects\Alcohol Detection\dataset\Grupo_2\E_2_0\Iritech\E_2_0_1\E_2_0_1_R_5\via_region_data.json
E_2_0_1_R_M_N_N_1979_7_2017.bmp308278,Non-Alcohol,C:\PycharmProjects\Alcohol Detection\dataset\Grupo_2\E_2_0\Iritech\E_2_0_1\E_2_0_1_R_5\via_region_data.json
E_2_0_1_R_M_N_N_1979_8_2017.bmp308278,Non-Alcohol,C:\PycharmProjects\Alcohol Detection\dataset\Grupo_2\E_2_0\Iritech\E_2_0_1\E_2_0_1_R_5\via_region_data.json
E_2_0_1_R_M_N_N_1979_9_2017.bmp308278,Non-Alcohol,C:\PycharmProjects\Alcohol Detection\dataset\Grupo_2\E_2_0\Iritech\E_2_0_1\E_2_0_1_R_5\via_region_data.json
E_2_0_1_R_M_N_N_1979_10_2017.bmp308278,Non-Alcohol,C:\PycharmProjects\Alcohol Detection\dataset\Grupo_2\E_2_0\Iritech\E_2_0_1\E_2_0_1_R_5\via_region_data.json
E_2_0_1_R_M_N_N_1979_11_2017.bmp308278,Non-Alcohol,C:\PycharmProjects\Alcohol Detection\dataset\Grupo_2\E_2_0\Iritech\E_2_0_1\E_2_0_1_R_5\via_region_data.json
E_2_0_1_R_M_N_N_1979_12_2017.bmp308278,Non-Alcohol,C:\PycharmProjects\Alcohol Detection\dataset\Grupo_2\E_2_0\Iritech\E_2_0_1\E_2_0_1_R_5\via_region_data.json
E_2_0_1_R_M_N_N_1979_13_2017.bmp308278,Non-Alcohol,C:\PycharmProjects\Alcohol Detection\dataset\Grupo_2\E_2_0\Iritech\E_2_0_1\E_2_0_1_R_5\via_region_data.json
E_2_0_1_R_M_N_N_1979_14_2017.bmp308278,Non-Alcohol,C:\PycharmProjects\Alcohol Detection\dataset\Grupo_2\E_2_0\Iritech\E_2_0_1\E_2_0_1_R_5\via_region_data.json
E_2_0_1_R_M_N_N_1979_15_2017.bmp308278,Non-Alcohol,C:\PycharmProjects\Alcohol Detection\dataset\Grupo_2\E_2_0\Iritech\E_2_0_1\E_2_0_1_R_5\via_region_data.json
E_2_0_1_R_M_N_N_1979_16_2017.bmp308278,Non-Alcohol,C:\PycharmProjects\Alcohol Detection\dataset\Grupo_2\E_2_0\Iritech\E_2_0_1\E_2_0_1_R_5\via_region_data.json
E_2_0_1_R_M_N_N_1979_17_2017.bmp308278,Non-Alcohol,C:\PycharmProjects\Alcohol Detection\dataset\Grupo_2\E_2_0\Iritech\E_2_0_1\E_2_0_1_R_5\via_region_data.json
E_2_0_1_R_M_N_N_1979_18_2017.bmp308278,Non-Alcohol,C:\PycharmProjects\Alcohol Detection\dataset\Grupo_2\E_2_0\Iritech\E_2_0_1\E_2_0_1_R_5\via_region_data.json
E_2_0_1_R_M_N_N_1979_19_2017.bmp308278,Non-Alcohol,C:\PycharmProjects\Alcohol Detection\dataset\Grupo_2\E_2_0\Iritech\E_2_0_1\E_2_0_1_R_5\via_region_data.json
E_2_0_1_R_M_N_N_1979_20_2017.bmp308278,Non-Alcohol,C:\PycharmProjects\Alcohol Detection\dataset\Grupo_2\E_2_0\Iritech\E_2_0_1\E_2_0_1_R_5\via_region_data.json
E_2_0_1_R_M_N_N_1979_21_2017.bmp308278,Non-Alcohol,C:\PycharmProjects\Alcohol Detection\dataset\Grupo_2\E_2_0\Iritech\E_2_0_1\E_2_0_1_R_5\via_region_data.json
E_2_0_1_R_M_N_N_1979_22_2017.bmp308278,Non-Alcohol,C:\PycharmProjects\Alcohol Detection\dataset\Grupo_2\E_2_0\Iritech\E_2_0_1\E_2_0_1_R_5\via_region_data.json
E_2_0_1_R_M_N_N_1979_23_2017.bmp308278,Non-Alcohol,C:\PycharmProjects\Alcohol Detection\dataset\Grupo_2\E_2_0\Iritech\E_2_0_1\E_2_0_1_R_5\via_region_data.json
E_2_0_1_R_M_N_N_1979_24_2017.bmp308278,Non-Alcohol,C:\PycharmProjects\Alcohol Detection\dataset\Grupo_2\E_2_0\Iritech\E_2_0_1\E_2_0_1_R_5\via_region_data.json
E_2_0_1_R_M_N_N_1979_25_2017.bmp308278,Non-Alcohol,C:\PycharmProjects\Alcohol Detection\dataset\Grupo_2\E_2_0\Iritech\E_2_0_1\E_2_0_1_R_5\via_region_data.json
E_2_0_1_R_M_N_N_1979_26_2017.bmp308278,Non-Alcohol,C:\PycharmProjects\Alcohol Detection\dataset\Grupo_2\E_2_0\Iritech\E_2_0_1\E_2_0_1_R_5\via_region_data.json
E_2_0_1_R_M_N_N_1979_27_2017.bmp308278,Non-Alcohol,C:\PycharmProjects\Alcohol Detection\dataset\Grupo_2\E_2_0\Iritech\E_2_0_1\E_2_0_1_R_5\via_region_data.json
E_2_0_1_R_M_N_N_1979_28_2017.bmp308278,Non-Alcohol,C:\PycharmProjects\Alcohol Detection\dataset\Grupo_2\E_2_0\Iritech\E_2_0_1\E_2_0_1_R_5\via_region_data.json
E_2_0_1_R_M_N_N_1979_29_2017.bmp308278,Non-Alcohol,C:\PycharmProjects\Alcohol Detection\dataset\Grupo_2\E_2_0\Iritech\E_2_0_1\E_2_0_1_R_5\via_region_data.json
E_2_0_1_R_M_N_N_1979_30_2017.bmp308278,Non-Alcohol,C:\PycharmProjects\Alcohol Detection\dataset\Grupo_2\E_2_0\Iritech\E_2_0_1\E_2_0_1_R_5\via_region_data.json
E_2_0_1_R_M_N_N_1979_31_2017.bmp308278,Non-Alcohol,C:\PycharmProjects\Alcohol Detection\dataset\Grupo_2\E_2_0\Iritech\E_2_0_1\E_2_0_1_R_5\via_region_data.json
E_2_0_1_R_M_N_N_1979_32_2017.bmp308278,Non-Alcohol,C:\PycharmProjects\Alcohol Detection\dataset\Grupo_2\E_2_0\Iritech\E_2_0_1\E_2_0_1_R_5\via_region_data.json
E_2_0_1_R_M_N_N_1979_33_2017.bmp308278,Non-Alcohol,C:\PycharmProjects\Alcohol Detection\dataset\Grupo_2\E_2_0\Iritech\E_2_0_1\E_2_0_1_R_5\via_region_data.json
E_2_0_1_R_M_N_N_1979_34_2017.bmp308278,Non-Alcohol,C:\PycharmProjects\Alcohol Detection\dataset\Grupo_2\E_2_0\Iritech\E_2_0_1\E_2_0_1_R_5\via_region_data.json
E_2_0_1_R_M_N_N_1979_35_2017.bmp308278,Non-Alcohol,C:\PycharmProjects\Alcohol Detection\dataset\Grupo_2\E_2_0\Iritech\E_2_0_1\E_2_0_1_R_5\via_region_data.json
E_2_0_1_R_M_N_N_1979_36_2017.bmp308278,Non-Alcohol,C:\PycharmProjects\Alcohol Detection\dataset\Grupo_2\E_2_0\Iritech\E_2_0_1\E_2_0_1_R_5\via_region_data.json
E_2_0_1_R_M_N_N_1979_37_2017.bmp308278,Non-Alcohol,C:\PycharmProjects\Alcohol Detection\dataset\Grupo_2\E_2_0\Iritech\E_2_0_1\E_2_0_1_R_5\via_region_data.json
E_2_0_1_R_M_N_N_1979_38_2017.bmp308278,Non-Alcohol,C:\PycharmProjects\Alcohol Detection\dataset\Grupo_2\E_2_0\Iritech\E_2_0_1\E_2_0_1_R_5\via_region_data.json
E_2_0_1_R_M_N_N_1979_39_2017.bmp308278,Non-Alcohol,C:\PycharmProjects\Alcohol Detection\dataset\Grupo_2\E_2_0\Iritech\E_2_0_1\E_2_0_1_R_5\via_region_data.json
E_2_0_1_R_M_N_N_1979_40_2017.bmp308278,Non-Alcohol,C:\PycharmProjects\Alcohol Detection\dataset\Grupo_2\E_2_0\Iritech\E_2_0_1\E_2_0_1_R_5\via_region_data.json
E_2_0_1_R_M_N_N_1979_41_2017.bmp308278,Non-Alcohol,C:\PycharmProjects\Alcohol Detection\dataset\Grupo_2\E_2_0\Iritech\E_2_0_1\E_2_0_1_R_5\via_region_data.json
E_2_0_1_R_M_N_N_1979_42_2017.bmp308278,Non-Alcohol,C:\PycharmProjects\Alcohol Detection\dataset\Grupo_2\E_2_0\Iritech\E_2_0_1\E_2_0_1_R_5\via_region_data.json
E_2_0_1_R_M_N_N_1979_43_2017.bmp308278,Non-Alcohol,C:\PycharmProjects\Alcohol Detection\dataset\Grupo_2\E_2_0\Iritech\E_2_0_1\E_2_0_1_R_5\via_region_data.json
E_2_0_1_R_M_N_N_1979_44_2017.bmp308278,Non-Alcohol,C:\PycharmProjects\Alcohol Detection\dataset\Grupo_2\E_2_0\Iritech\E_2_0_1\E_2_0_1_R_5\via_region_data.json
E_2_0_1_R_M_N_N_1979_45_2017.bmp308278,Non-Alcohol,C:\PycharmProjects\Alcohol Detection\dataset\Grupo_2\E_2_0\Iritech\E_2_0_1\E_2_0_1_R_5\via_region_data.json
E_2_0_1_R_M_N_N_1979_46_2017.bmp308278,Non-Alcohol,C:\PycharmProjects\Alcohol Detection\dataset\Grupo_2\E_2_0\Iritech\E_2_0_1\E_2_0_1_R_5\via_region_data.json
E_2_0_1_R_M_N_N_1979_47_2017.bmp308278,Non-Alcohol,C:\PycharmProjects\Alcohol Detection\dataset\Grupo_2\E_2_0\Iritech\E_2_0_1\E_2_0_1_R_5\via_region_data.json
E_2_0_1_R_M_N_N_1979_48_2017.bmp308278,Non-Alcohol,C:\PycharmProjects\Alcohol Detection\dataset\Grupo_2\E_2_0\Iritech\E_2_0_1\E_2_0_1_R_5\via_region_data.json
E_2_0_1_R_M_N_N_1979_49_2017.bmp308278,Non-Alcohol,C:\PycharmProjects\Alcohol Detection\dataset\Grupo_2\E_2_0\Iritech\E_2_0_1\E_2_0_1_R_5\via_region_data.json
E_2_0_1_R_M_N_N_1979_50_2017.bmp308278,Non-Alcohol,C:\PycharmProjects\Alcohol Detection\dataset\Grupo_2\E_2_0\Iritech\E_2_0_1\E_2_0_1_R_5\via_region_data.json
E_2_0_1_R_M_N_N_1979_51_2017.bmp308278,Non-Alcohol,C:\PycharmProjects\Alcohol Detection\dataset\Grupo_2\E_2_0\Iritech\E_2_0_1\E_2_0_1_R_5\via_region_data.json
E_2_0_1_R_M_N_N_1979_52_2017.bmp308278,Non-Alcohol,C:\PycharmProjects\Alcohol Detection\dataset\Grupo_2\E_2_0\Iritech\E_2_0_1\E_2_0_1_R_5\via_region_data.json
E_2_0_1_R_M_N_N_1979_53_2017.bmp308278,Non-Alcohol,C:\PycharmProjects\Alcohol Detection\dataset\Grupo_2\E_2_0\Iritech\E_2_0_1\E_2_0_1_R_5\via_region_data.json
E_2_0_1_R_M_N_N_1979_54_2017.bmp308278,Non-Alcohol,C:\PycharmProjects\Alcohol Detection\dataset\Grupo_2\E_2_0\Iritech\E_2_0_1\E_2_0_1_R_5\via_region_data.json
E_2_0_1_R_M_N_N_1979_55_2017.bmp308278,Non-Alcohol,C:\PycharmProjects\Alcohol Detection\dataset\Grupo_2\E_2_0\Iritech\E_2_0_1\E_2_0_1_R_5\via_region_data.json
E_2_0_1_R_M_N_N_1979_56_2017.bmp308278,Non-Alcohol,C:\PycharmProjects\Alcohol Detection\dataset\Grupo_2\E_2_0\Iritech\E_2_0_1\E_2_0_1_R_5\via_region_data.json
E_2_0_1_R_M_N_N_1979_57_2017.bmp308278,Non-Alcohol,C:\PycharmProjects\Alcohol Detection\dataset\Grupo_2\E_2_0\Iritech\E_2_0_1\E_2_0_1_R_5\via_region_data.json
E_2_0_1_R_M_N_N_1979_58_2017.bmp308278,Non-Alcohol,C:\PycharmProjects\Alcohol Detection\dataset\Grupo_2\E_2_0\Iritech\E_2_0_1\E_2_0_1_R_5\via_region_data.json
E_2_0_1_R_M_N_N_1979_59_2017.bmp308278,Non-Alcohol,C:\PycharmProjects\Alcohol Detection\dataset\Grupo_2\E_2_0\Iritech\E_2_0_1\E_2_0_1_R_5\via_region_data.json
E_2_0_1_R_M_N_N_1979_60_2017.bmp308278,Non-Alcohol,C:\PycharmProjects\Alcohol Detection\dataset\Grupo_2\E_2_0\Iritech\E_2_0_1\E_2_0_1_R_5\via_region_data.json
E_2_0_1_R_M_N_N_1979_61_2017.bmp308278,Non-Alcohol,C:\PycharmProjects\Alcohol Detection\dataset\Grupo_2\E_2_0\Iritech\E_2_0_1\E_2_0_1_R_5\via_region_data.json
E_2_0_1_R_M_N_N_1979_62_2017.bmp308278,Non-Alcohol,C:\PycharmProjects\Alcohol Detection\dataset\Grupo_2\E_2_0\Iritech\E_2_0_1\E_2_0_1_R_5\via_region_data.json
E_2_0_1_R_M_N_N_1979_63_2017.bmp308278,Non-Alcohol,C:\PycharmProjects\Alcohol Detection\dataset\Grupo_2\E_2_0\Iritech\E_2_0_1\E_2_0_1_R_5\via_region_data.json
E_2_0_1_R_M_N_N_1979_64_2017.bmp308278,Non-Alcohol,C:\PycharmProjects\Alcohol Detection\dataset\Grupo_2\E_2_0\Iritech\E_2_0_1\E_2_0_1_R_5\via_region_data.json
E_2_0_1_R_M_N_N_1979_65_2017.bmp308278,Non-Alcohol,C:\PycharmProjects\Alcohol Detection\dataset\Grupo_2\E_2_0\Iritech\E_2_0_1\E_2_0_1_R_5\via_region_data.json
E_2_0_1_R_M_N_N_1979_66_2017.bmp308278,Non-Alcohol,C:\PycharmProjects\Alcohol Detection\dataset\Grupo_2\E_2_0\Iritech\E_2_0_1\E_2_0_1_R_5\via_region_data.json
E_2_0_1_R_M_N_N_1979_67_2017.bmp308278,Non-Alcohol,C:\PycharmProjects\Alcohol Detection\dataset\Grupo_2\E_2_0\Iritech\E_2_0_1\E_2_0_1_R_5\via_region_data.json
E_2_0_1_R_M_N_N_1979_68_2017.bmp308278,Non-Alcohol,C:\PycharmProjects\Alcohol Detection\dataset\Grupo_2\E_2_0\Iritech\E_2_0_1\E_2_0_1_R_5\via_region_data.json
E_2_0_1_R_M_N_N_1979_69_2017.bmp308278,Non-Alcohol,C:\PycharmProjects\Alcohol Detection\dataset\Grupo_2\E_2_0\Iritech\E_2_0_1\E_2_0_1_R_5\via_region_data.json
E_2_0_1_R_M_N_N_1979_70_2017.bmp308278,Non-Alcohol,C:\PycharmProjects\Alcohol Detection\dataset\Grupo_2\E_2_0\Iritech\E_2_0_1\E_2_0_1_R_5\via_region_data.json
E_2_0_1_R_M_N_N_1979_71_2017.bmp308278,Non-Alcohol,C:\PycharmProjects\Alcohol Detection\dataset\Grupo_2\E_2_0\Iritech\E_2_0_1\E_2_0_1_R_5\via_region_data.json
E_2_0_1_R_M_N_N_1979_72_2017.bmp308278,Non-Alcohol,C:\PycharmProjects\Alcohol Detection\dataset\Grupo_2\E_2_0\Iritech\E_2_0_1\E_2_0_1_R_5\via_region_data.json
E_2_0_1_R_M_N_N_1979_73_2017.bmp308278,Non-Alcohol,C:\PycharmProjects\Alcohol Detection\dataset\Grupo_2\E_2_0\Iritech\E_2_0_1\E_2_0_1_R_5\via_region_data.json
E_2_0_1_R_M_N_N_1979_74_2017.bmp308278,Non-Alcohol,C:\PycharmProjects\Alcohol Detection\dataset\Grupo_2\E_2_0\Iritech\E_2_0_1\E_2_0_1_R_5\via_region_data.json
E_2_0_1_R_M_N_N_1979_75_2017.bmp308278,Non-Alcohol,C:\PycharmProjects\Alcohol Detection\dataset\Grupo_2\E_2_0\Iritech\E_2_0_1\E_2_0_1_R_5\via_region_data.json
E_2_0_1_R_M_N_N_1979_76_2017.bmp308278,Non-Alcohol,C:\PycharmProjects\Alcohol Detection\dataset\Grupo_2\E_2_0\Iritech\E_2_0_1\E_2_0_1_R_5\via_region_data.json
E_2_0_1_R_M_N_N_1979_77_2017.bmp308278,Non-Alcohol,C:\PycharmProjects\Alcohol Detection\dataset\Grupo_2\E_2_0\Iritech\E_2_0_1\E_2_0_1_R_5\via_region_data.json
E_2_0_2_L_M_N_N_1979_0_2017.bmp308278,Non-Alcohol,C:\PycharmProjects\Alcohol Detection\dataset\Grupo_2\E_2_0\Iritech\E_2_0_2\via_region_data.json
E_2_0_2_R_M_N_N_1979_0_2017.bmp308278,Non-Alcohol,C:\PycharmProjects\Alcohol Detection\dataset\Grupo_2\E_2_0\Iritech\E_2_0_2\via_region_data.json
E_2_0_2_L_M_N_N_1979_0_2017.bmp308278,Non-Alcohol,C:\PycharmProjects\Alcohol Detection\dataset\Grupo_2\E_2_0\Iritech\E_2_0_2\E_2_0_2_L_5\via_region_data.json
E_2_0_2_L_M_N_N_1979_1_2017.bmp308278,Non-Alcohol,C:\PycharmProjects\Alcohol Detection\dataset\Grupo_2\E_2_0\Iritech\E_2_0_2\E_2_0_2_L_5\via_region_data.json
E_2_0_2_L_M_N_N_1979_2_2017.bmp308278,Non-Alcohol,C:\PycharmProjects\Alcohol Detection\dataset\Grupo_2\E_2_0\Iritech\E_2_0_2\E_2_0_2_L_5\via_region_data.json
E_2_0_2_L_M_N_N_1979_3_2017.bmp308278,Non-Alcohol,C:\PycharmProjects\Alcohol Detection\dataset\Grupo_2\E_2_0\Iritech\E_2_0_2\E_2_0_2_L_5\via_region_data.json
E_2_0_2_L_M_N_N_1979_4_2017.bmp308278,Non-Alcohol,C:\PycharmProjects\Alcohol Detection\dataset\Grupo_2\E_2_0\Iritech\E_2_0_2\E_2_0_2_L_5\via_region_data.json
E_2_0_2_L_M_N_N_1979_5_2017.bmp308278,Non-Alcohol,C:\PycharmProjects\Alcohol Detection\dataset\Grupo_2\E_2_0\Iritech\E_2_0_2\E_2_0_2_L_5\via_region_data.json
E_2_0_2_L_M_N_N_1979_6_2017.bmp308278,Non-Alcohol,C:\PycharmProjects\Alcohol Detection\dataset\Grupo_2\E_2_0\Iritech\E_2_0_2\E_2_0_2_L_5\via_region_data.json
E_2_0_2_L_M_N_N_1979_7_2017.bmp308278,Non-Alcohol,C:\PycharmProjects\Alcohol Detection\dataset\Grupo_2\E_2_0\Iritech\E_2_0_2\E_2_0_2_L_5\via_region_data.json
E_2_0_2_L_M_N_N_1979_8_2017.bmp308278,Non-Alcohol,C:\PycharmProjects\Alcohol Detection\dataset\Grupo_2\E_2_0\Iritech\E_2_0_2\E_2_0_2_L_5\via_region_data.json
E_2_0_2_L_M_N_N_1979_9_2017.bmp308278,Non-Alcohol,C:\PycharmProjects\Alcohol Detection\dataset\Grupo_2\E_2_0\Iritech\E_2_0_2\E_2_0_2_L_5\via_region_data.json
E_2_0_2_L_M_N_N_1979_10_2017.bmp308278,Non-Alcohol,C:\PycharmProjects\Alcohol Detection\dataset\Grupo_2\E_2_0\Iritech\E_2_0_2\E_2_0_2_L_5\via_region_data.json
E_2_0_2_L_M_N_N_1979_11_2017.bmp308278,Non-Alcohol,C:\PycharmProjects\Alcohol Detection\dataset\Grupo_2\E_2_0\Iritech\E_2_0_2\E_2_0_2_L_5\via_region_data.json
E_2_0_2_L_M_N_N_1979_12_2017.bmp308278,Non-Alcohol,C:\PycharmProjects\Alcohol Detection\dataset\Grupo_2\E_2_0\Iritech\E_2_0_2\E_2_0_2_L_5\via_region_data.json
E_2_0_2_L_M_N_N_1979_13_2017.bmp308278,Non-Alcohol,C:\PycharmProjects\Alcohol Detection\dataset\Grupo_2\E_2_0\Iritech\E_2_0_2\E_2_0_2_L_5\via_region_data.json
E_2_0_2_L_M_N_N_1979_14_2017.bmp308278,Non-Alcohol,C:\PycharmProjects\Alcohol Detection\dataset\Grupo_2\E_2_0\Iritech\E_2_0_2\E_2_0_2_L_5\via_region_data.json
E_2_0_2_L_M_N_N_1979_15_2017.bmp308278,Non-Alcohol,C:\PycharmProjects\Alcohol Detection\dataset\Grupo_2\E_2_0\Iritech\E_2_0_2\E_2_0_2_L_5\via_region_data.json
E_2_0_2_L_M_N_N_1979_16_2017.bmp308278,Non-Alcohol,C:\PycharmProjects\Alcohol Detection\dataset\Grupo_2\E_2_0\Iritech\E_2_0_2\E_2_0_2_L_5\via_region_data.json
E_2_0_2_L_M_N_N_1979_17_2017.bmp308278,Non-Alcohol,C:\PycharmProjects\Alcohol Detection\dataset\Grupo_2\E_2_0\Iritech\E_2_0_2\E_2_0_2_L_5\via_region_data.json
E_2_0_2_L_M_N_N_1979_18_2017.bmp308278,Non-Alcohol,C:\PycharmProjects\Alcohol Detection\dataset\Grupo_2\E_2_0\Iritech\E_2_0_2\E_2_0_2_L_5\via_region_data.json
E_2_0_2_L_M_N_N_1979_19_2017.bmp308278,Non-Alcohol,C:\PycharmProjects\Alcohol Detection\dataset\Grupo_2\E_2_0\Iritech\E_2_0_2\E_2_0_2_L_5\via_region_data.json
E_2_0_2_L_M_N_N_1979_20_2017.bmp308278,Non-Alcohol,C:\PycharmProjects\Alcohol Detection\dataset\Grupo_2\E_2_0\Iritech\E_2_0_2\E_2_0_2_L_5\via_region_data.json
E_2_0_2_L_M_N_N_1979_21_2017.bmp308278,Non-Alcohol,C:\PycharmProjects\Alcohol Detection\dataset\Grupo_2\E_2_0\Iritech\E_2_0_2\E_2_0_2_L_5\via_region_data.json
E_2_0_2_L_M_N_N_1979_22_2017.bmp308278,Non-Alcohol,C:\PycharmProjects\Alcohol Detection\dataset\Grupo_2\E_2_0\Iritech\E_2_0_2\E_2_0_2_L_5\via_region_data.json
E_2_0_2_L_M_N_N_1979_23_2017.bmp308278,Non-Alcohol,C:\PycharmProjects\Alcohol Detection\dataset\Grupo_2\E_2_0\Iritech\E_2_0_2\E_2_0_2_L_5\via_region_data.json
E_2_0_2_L_M_N_N_1979_24_2017.bmp308278,Non-Alcohol,C:\PycharmProjects\Alcohol Detection\dataset\Grupo_2\E_2_0\Iritech\E_2_0_2\E_2_0_2_L_5\via_region_data.json
E_2_0_2_L_M_N_N_1979_25_2017.bmp308278,Non-Alcohol,C:\PycharmProjects\Alcohol Detection\dataset\Grupo_2\E_2_0\Iritech\E_2_0_2\E_2_0_2_L_5\via_region_data.json
E_2_0_2_L_M_N_N_1979_26_2017.bmp308278,Non-Alcohol,C:\PycharmProjects\Alcohol Detection\dataset\Grupo_2\E_2_0\Iritech\E_2_0_2\E_2_0_2_L_5\via_region_data.json
E_2_0_2_L_M_N_N_1979_27_2017.bmp308278,Non-Alcohol,C:\PycharmProjects\Alcohol Detection\dataset\Grupo_2\E_2_0\Iritech\E_2_0_2\E_2_0_2_L_5\via_region_data.json
E_2_0_2_L_M_N_N_1979_28_2017.bmp308278,Non-Alcohol,C:\PycharmProjects\Alcohol Detection\dataset\Grupo_2\E_2_0\Iritech\E_2_0_2\E_2_0_2_L_5\via_region_data.json
E_2_0_2_L_M_N_N_1979_29_2017.bmp308278,Non-Alcohol,C:\PycharmProjects\Alcohol Detection\dataset\Grupo_2\E_2_0\Iritech\E_2_0_2\E_2_0_2_L_5\via_region_data.json
E_2_0_2_L_M_N_N_1979_30_2017.bmp308278,Non-Alcohol,C:\PycharmProjects\Alcohol Detection\dataset\Grupo_2\E_2_0\Iritech\E_2_0_2\E_2_0_2_L_5\via_region_data.json
E_2_0_2_L_M_N_N_1979_31_2017.bmp308278,Non-Alcohol,C:\PycharmProjects\Alcohol Detection\dataset\Grupo_2\E_2_0\Iritech\E_2_0_2\E_2_0_2_L_5\via_region_data.json
E_2_0_2_L_M_N_N_1979_32_2017.bmp308278,Non-Alcohol,C:\PycharmProjects\Alcohol Detection\dataset\Grupo_2\E_2_0\Iritech\E_2_0_2\E_2_0_2_L_5\via_region_data.json
E_2_0_2_L_M_N_N_1979_33_2017.bmp308278,Non-Alcohol,C:\PycharmProjects\Alcohol Detection\dataset\Grupo_2\E_2_0\Iritech\E_2_0_2\E_2_0_2_L_5\via_region_data.json
E_2_0_2_L_M_N_N_1979_34_2017.bmp308278,Non-Alcohol,C:\PycharmProjects\Alcohol Detection\dataset\Grupo_2\E_2_0\Iritech\E_2_0_2\E_2_0_2_L_5\via_region_data.json
E_2_0_2_L_M_N_N_1979_35_2017.bmp308278,Non-Alcohol,C:\PycharmProjects\Alcohol Detection\dataset\Grupo_2\E_2_0\Iritech\E_2_0_2\E_2_0_2_L_5\via_region_data.json
E_2_0_2_L_M_N_N_1979_36_2017.bmp308278,Non-Alcohol,C:\PycharmProjects\Alcohol Detection\dataset\Grupo_2\E_2_0\Iritech\E_2_0_2\E_2_0_2_L_5\via_region_data.json
E_2_0_2_L_M_N_N_1979_37_2017.bmp308278,Non-Alcohol,C:\PycharmProjects\Alcohol Detection\dataset\Grupo_2\E_2_0\Iritech\E_2_0_2\E_2_0_2_L_5\via_region_data.json
E_2_0_2_L_M_N_N_1979_38_2017.bmp308278,Non-Alcohol,C:\PycharmProjects\Alcohol Detection\dataset\Grupo_2\E_2_0\Iritech\E_2_0_2\E_2_0_2_L_5\via_region_data.json
E_2_0_2_L_M_N_N_1979_39_2017.bmp308278,Non-Alcohol,C:\PycharmProjects\Alcohol Detection\dataset\Grupo_2\E_2_0\Iritech\E_2_0_2\E_2_0_2_L_5\via_region_data.json
E_2_0_2_L_M_N_N_1979_40_2017.bmp308278,Non-Alcohol,C:\PycharmProjects\Alcohol Detection\dataset\Grupo_2\E_2_0\Iritech\E_2_0_2\E_2_0_2_L_5\via_region_data.json
E_2_0_2_L_M_N_N_1979_41_2017.bmp308278,Non-Alcohol,C:\PycharmProjects\Alcohol Detection\dataset\Grupo_2\E_2_0\Iritech\E_2_0_2\E_2_0_2_L_5\via_region_data.json
E_2_0_2_L_M_N_N_1979_42_2017.bmp308278,Non-Alcohol,C:\PycharmProjects\Alcohol Detection\dataset\Grupo_2\E_2_0\Iritech\E_2_0_2\E_2_0_2_L_5\via_region_data.json
E_2_0_2_L_M_N_N_1979_43_2017.bmp308278,Non-Alcohol,C:\PycharmProjects\Alcohol Detection\dataset\Grupo_2\E_2_0\Iritech\E_2_0_2\E_2_0_2_L_5\via_region_data.json
E_2_0_2_L_M_N_N_1979_44_2017.bmp308278,Non-Alcohol,C:\PycharmProjects\Alcohol Detection\dataset\Grupo_2\E_2_0\Iritech\E_2_0_2\E_2_0_2_L_5\via_region_data.json
E_2_0_2_L_M_N_N_1979_45_2017.bmp308278,Non-Alcohol,C:\PycharmProjects\Alcohol Detection\dataset\Grupo_2\E_2_0\Iritech\E_2_0_2\E_2_0_2_L_5\via_region_data.json
E_2_0_2_L_M_N_N_1979_46_2017.bmp308278,Non-Alcohol,C:\PycharmProjects\Alcohol Detection\dataset\Grupo_2\E_2_0\Iritech\E_2_0_2\E_2_0_2_L_5\via_region_data.json
E_2_0_2_L_M_N_N_1979_47_2017.bmp308278,Non-Alcohol,C:\PycharmProjects\Alcohol Detection\dataset\Grupo_2\E_2_0\Iritech\E_2_0_2\E_2_0_2_L_5\via_region_data.json
E_2_0_2_L_M_N_N_1979_48_2017.bmp308278,Non-Alcohol,C:\PycharmProjects\Alcohol Detection\dataset\Grupo_2\E_2_0\Iritech\E_2_0_2\E_2_0_2_L_5\via_region_data.json
E_2_0_2_L_M_N_N_1979_49_2017.bmp308278,Non-Alcohol,C:\PycharmProjects\Alcohol Detection\dataset\Grupo_2\E_2_0\Iritech\E_2_0_2\E_2_0_2_L_5\via_region_data.json
E_2_0_2_L_M_N_N_1979_50_2017.bmp308278,Non-Alcohol,C:\PycharmProjects\Alcohol Detection\dataset\Grupo_2\E_2_0\Iritech\E_2_0_2\E_2_0_2_L_5\via_region_data.json
E_2_0_2_L_M_N_N_1979_51_2017.bmp308278,Non-Alcohol,C:\PycharmProjects\Alcohol Detection\dataset\Grupo_2\E_2_0\Iritech\E_2_0_2\E_2_0_2_L_5\via_region_data.json
E_2_0_2_L_M_N_N_1979_52_2017.bmp308278,Non-Alcohol,C:\PycharmProjects\Alcohol Detection\dataset\Grupo_2\E_2_0\Iritech\E_2_0_2\E_2_0_2_L_5\via_region_data.json
E_2_0_2_L_M_N_N_1979_53_2017.bmp308278,Non-Alcohol,C:\PycharmProjects\Alcohol Detection\dataset\Grupo_2\E_2_0\Iritech\E_2_0_2\E_2_0_2_L_5\via_region_data.json
E_2_0_2_L_M_N_N_1979_54_2017.bmp308278,Non-Alcohol,C:\PycharmProjects\Alcohol Detection\dataset\Grupo_2\E_2_0\Iritech\E_2_0_2\E_2_0_2_L_5\via_region_data.json
E_2_0_2_L_M_N_N_1979_55_2017.bmp308278,Non-Alcohol,C:\PycharmProjects\Alcohol Detection\dataset\Grupo_2\E_2_0\Iritech\E_2_0_2\E_2_0_2_L_5\via_region_data.json
E_2_0_2_L_M_N_N_1979_56_2017.bmp308278,Non-Alcohol,C:\PycharmProjects\Alcohol Detection\dataset\Grupo_2\E_2_0\Iritech\E_2_0_2\E_2_0_2_L_5\via_region_data.json
E_2_0_2_L_M_N_N_1979_57_2017.bmp308278,Non-Alcohol,C:\PycharmProjects\Alcohol Detection\dataset\Grupo_2\E_2_0\Iritech\E_2_0_2\E_2_0_2_L_5\via_region_data.json
E_2_0_2_L_M_N_N_1979_58_2017.bmp308278,Non-Alcohol,C:\PycharmProjects\Alcohol Detection\dataset\Grupo_2\E_2_0\Iritech\E_2_0_2\E_2_0_2_L_5\via_region_data.json
E_2_0_2_L_M_N_N_1979_59_2017.bmp308278,Non-Alcohol,C:\PycharmProjects\Alcohol Detection\dataset\Grupo_2\E_2_0\Iritech\E_2_0_2\E_2_0_2_L_5\via_region_data.json
E_2_0_2_L_M_N_N_1979_60_2017.bmp308278,Non-Alcohol,C:\PycharmProjects\Alcohol Detection\dataset\Grupo_2\E_2_0\Iritech\E_2_0_2\E_2_0_2_L_5\via_region_data.json
E_2_0_2_L_M_N_N_1979_61_2017.bmp308278,Non-Alcohol,C:\PycharmProjects\Alcohol Detection\dataset\Grupo_2\E_2_0\Iritech\E_2_0_2\E_2_0_2_L_5\via_region_data.json
E_2_0_2_L_M_N_N_1979_62_2017.bmp308278,Non-Alcohol,C:\PycharmProjects\Alcohol Detection\dataset\Grupo_2\E_2_0\Iritech\E_2_0_2\E_2_0_2_L_5\via_region_data.json
E_2_0_2_L_M_N_N_1979_63_2017.bmp308278,Non-Alcohol,C:\PycharmProjects\Alcohol Detection\dataset\Grupo_2\E_2_0\Iritech\E_2_0_2\E_2_0_2_L_5\via_region_data.json
E_2_0_2_L_M_N_N_1979_64_2017.bmp308278,Non-Alcohol,C:\PycharmProjects\Alcohol Detection\dataset\Grupo_2\E_2_0\Iritech\E_2_0_2\E_2_0_2_L_5\via_region_data.json
E_2_0_2_L_M_N_N_1979_65_2017.bmp308278,Non-Alcohol,C:\PycharmProjects\Alcohol Detection\dataset\Grupo_2\E_2_0\Iritech\E_2_0_2\E_2_0_2_L_5\via_region_data.json
E_2_0_2_L_M_N_N_1979_66_2017.bmp308278,Non-Alcohol,C:\PycharmProjects\Alcohol Detection\dataset\Grupo_2\E_2_0\Iritech\E_2_0_2\E_2_0_2_L_5\via_region_data.json
E_2_0_2_L_M_N_N_1979_67_2017.bmp308278,Non-Alcohol,C:\PycharmProjects\Alcohol Detection\dataset\Grupo_2\E_2_0\Iritech\E_2_0_2\E_2_0_2_L_5\via_region_data.json
E_2_0_2_L_M_N_N_1979_68_2017.bmp308278,Non-Alcohol,C:\PycharmProjects\Alcohol Detection\dataset\Grupo_2\E_2_0\Iritech\E_2_0_2\E_2_0_2_L_5\via_region_data.json
E_2_0_2_L_M_N_N_1979_69_2017.bmp308278,Non-Alcohol,C:\PycharmProjects\Alcohol Detection\dataset\Grupo_2\E_2_0\Iritech\E_2_0_2\E_2_0_2_L_5\via_region_data.json
E_2_0_2_L_M_N_N_1979_70_2017.bmp308278,Non-Alcohol,C:\PycharmProjects\Alcohol Detection\dataset\Grupo_2\E_2_0\Iritech\E_2_0_2\E_2_0_2_L_5\via_region_data.json
E_2_0_2_L_M_N_N_1979_71_2017.bmp308278,Non-Alcohol,C:\PycharmProjects\Alcohol Detection\dataset\Grupo_2\E_2_0\Iritech\E_2_0_2\E_2_0_2_L_5\via_region_data.json
E_2_0_2_L_M_N_N_1979_72_2017.bmp308278,Non-Alcohol,C:\PycharmProjects\Alcohol Detection\dataset\Grupo_2\E_2_0\Iritech\E_2_0_2\E_2_0_2_L_5\via_region_data.json
E_2_0_2_L_M_N_N_1979_73_2017.bmp308278,Non-Alcohol,C:\PycharmProjects\Alcohol Detection\dataset\Grupo_2\E_2_0\Iritech\E_2_0_2\E_2_0_2_L_5\via_region_data.json
E_2_0_2_L_M_N_N_1979_74_2017.bmp308278,Non-Alcohol,C:\PycharmProjects\Alcohol Detection\dataset\Grupo_2\E_2_0\Iritech\E_2_0_2\E_2_0_2_L_5\via_region_data.json
E_2_0_2_L_M_N_N_1979_75_2017.bmp308278,Non-Alcohol,C:\PycharmProjects\Alcohol Detection\dataset\Grupo_2\E_2_0\Iritech\E_2_0_2\E_2_0_2_L_5\via_region_data.json
E_2_0_2_L_M_N_N_1979_76_2017.bmp308278,Non-Alcohol,C:\PycharmProjects\Alcohol Detection\dataset\Grupo_2\E_2_0\Iritech\E_2_0_2\E_2_0_2_L_5\via_region_data.json
E_2_0_2_R_M_N_N_1979_0_2017.bmp308278,Non-Alcohol,C:\PycharmProjects\Alcohol Detection\dataset\Grupo_2\E_2_0\Iritech\E_2_0_2\E_2_0_2_R_5\via_region_data.json
E_2_0_2_R_M_N_N_1979_1_2017.bmp308278,Non-Alcohol,C:\PycharmProjects\Alcohol Detection\dataset\Grupo_2\E_2_0\Iritech\E_2_0_2\E_2_0_2_R_5\via_region_data.json
E_2_0_2_R_M_N_N_1979_2_2017.bmp308278,Non-Alcohol,C:\PycharmProjects\Alcohol Detection\dataset\Grupo_2\E_2_0\Iritech\E_2_0_2\E_2_0_2_R_5\via_region_data.json
E_2_0_2_R_M_N_N_1979_3_2017.bmp308278,Non-Alcohol,C:\PycharmProjects\Alcohol Detection\dataset\Grupo_2\E_2_0\Iritech\E_2_0_2\E_2_0_2_R_5\via_region_data.json
E_2_0_2_R_M_N_N_1979_4_2017.bmp308278,Non-Alcohol,C:\PycharmProjects\Alcohol Detection\dataset\Grupo_2\E_2_0\Iritech\E_2_0_2\E_2_0_2_R_5\via_region_data.json
E_2_0_2_R_M_N_N_1979_5_2017.bmp308278,Non-Alcohol,C:\PycharmProjects\Alcohol Detection\dataset\Grupo_2\E_2_0\Iritech\E_2_0_2\E_2_0_2_R_5\via_region_data.json
E_2_0_2_R_M_N_N_1979_6_2017.bmp308278,Non-Alcohol,C:\PycharmProjects\Alcohol Detection\dataset\Grupo_2\E_2_0\Iritech\E_2_0_2\E_2_0_2_R_5\via_region_data.json
E_2_0_2_R_M_N_N_1979_7_2017.bmp308278,Non-Alcohol,C:\PycharmProjects\Alcohol Detection\dataset\Grupo_2\E_2_0\Iritech\E_2_0_2\E_2_0_2_R_5\via_region_data.json
E_2_0_2_R_M_N_N_1979_8_2017.bmp308278,Non-Alcohol,C:\PycharmProjects\Alcohol Detection\dataset\Grupo_2\E_2_0\Iritech\E_2_0_2\E_2_0_2_R_5\via_region_data.json
E_2_0_2_R_M_N_N_1979_9_2017.bmp308278,Non-Alcohol,C:\PycharmProjects\Alcohol Detection\dataset\Grupo_2\E_2_0\Iritech\E_2_0_2\E_2_0_2_R_5\via_region_data.json
E_2_0_2_R_M_N_N_1979_10_2017.bmp308278,Non-Alcohol,C:\PycharmProjects\Alcohol Detection\dataset\Grupo_2\E_2_0\Iritech\E_2_0_2\E_2_0_2_R_5\via_region_data.json
E_2_0_2_R_M_N_N_1979_11_2017.bmp308278,Non-Alcohol,C:\PycharmProjects\Alcohol Detection\dataset\Grupo_2\E_2_0\Iritech\E_2_0_2\E_2_0_2_R_5\via_region_data.json
E_2_0_2_R_M_N_N_1979_12_2017.bmp308278,Non-Alcohol,C:\PycharmProjects\Alcohol Detection\dataset\Grupo_2\E_2_0\Iritech\E_2_0_2\E_2_0_2_R_5\via_region_data.json
E_2_0_2_R_M_N_N_1979_13_2017.bmp308278,Non-Alcohol,C:\PycharmProjects\Alcohol Detection\dataset\Grupo_2\E_2_0\Iritech\E_2_0_2\E_2_0_2_R_5\via_region_data.json
E_2_0_2_R_M_N_N_1979_14_2017.bmp308278,Non-Alcohol,C:\PycharmProjects\Alcohol Detection\dataset\Grupo_2\E_2_0\Iritech\E_2_0_2\E_2_0_2_R_5\via_region_data.json
E_2_0_2_R_M_N_N_1979_15_2017.bmp308278,Non-Alcohol,C:\PycharmProjects\Alcohol Detection\dataset\Grupo_2\E_2_0\Iritech\E_2_0_2\E_2_0_2_R_5\via_region_data.json
E_2_0_2_R_M_N_N_1979_16_2017.bmp308278,Non-Alcohol,C:\PycharmProjects\Alcohol Detection\dataset\Grupo_2\E_2_0\Iritech\E_2_0_2\E_2_0_2_R_5\via_region_data.json
E_2_0_2_R_M_N_N_1979_17_2017.bmp308278,Non-Alcohol,C:\PycharmProjects\Alcohol Detection\dataset\Grupo_2\E_2_0\Iritech\E_2_0_2\E_2_0_2_R_5\via_region_data.json
E_2_0_2_R_M_N_N_1979_18_2017.bmp308278,Non-Alcohol,C:\PycharmProjects\Alcohol Detection\dataset\Grupo_2\E_2_0\Iritech\E_2_0_2\E_2_0_2_R_5\via_region_data.json
E_2_0_2_R_M_N_N_1979_19_2017.bmp308278,Non-Alcohol,C:\PycharmProjects\Alcohol Detection\dataset\Grupo_2\E_2_0\Iritech\E_2_0_2\E_2_0_2_R_5\via_region_data.json
E_2_0_2_R_M_N_N_1979_20_2017.bmp308278,Non-Alcohol,C:\PycharmProjects\Alcohol Detection\dataset\Grupo_2\E_2_0\Iritech\E_2_0_2\E_2_0_2_R_5\via_region_data.json
E_2_0_2_R_M_N_N_1979_21_2017.bmp308278,Non-Alcohol,C:\PycharmProjects\Alcohol Detection\dataset\Grupo_2\E_2_0\Iritech\E_2_0_2\E_2_0_2_R_5\via_region_data.json
E_2_0_2_R_M_N_N_1979_22_2017.bmp308278,Non-Alcohol,C:\PycharmProjects\Alcohol Detection\dataset\Grupo_2\E_2_0\Iritech\E_2_0_2\E_2_0_2_R_5\via_region_data.json
E_2_0_2_R_M_N_N_1979_23_2017.bmp308278,Non-Alcohol,C:\PycharmProjects\Alcohol Detection\dataset\Grupo_2\E_2_0\Iritech\E_2_0_2\E_2_0_2_R_5\via_region_data.json
E_2_0_2_R_M_N_N_1979_24_2017.bmp308278,Non-Alcohol,C:\PycharmProjects\Alcohol Detection\dataset\Grupo_2\E_2_0\Iritech\E_2_0_2\E_2_0_2_R_5\via_region_data.json
E_2_0_2_R_M_N_N_1979_25_2017.bmp308278,Non-Alcohol,C:\PycharmProjects\Alcohol Detection\dataset\Grupo_2\E_2_0\Iritech\E_2_0_2\E_2_0_2_R_5\via_region_data.json
E_2_0_2_R_M_N_N_1979_26_2017.bmp308278,Non-Alcohol,C:\PycharmProjects\Alcohol Detection\dataset\Grupo_2\E_2_0\Iritech\E_2_0_2\E_2_0_2_R_5\via_region_data.json
E_2_0_2_R_M_N_N_1979_27_2017.bmp308278,Non-Alcohol,C:\PycharmProjects\Alcohol Detection\dataset\Grupo_2\E_2_0\Iritech\E_2_0_2\E_2_0_2_R_5\via_region_data.json
E_2_0_2_R_M_N_N_1979_28_2017.bmp308278,Non-Alcohol,C:\PycharmProjects\Alcohol Detection\dataset\Grupo_2\E_2_0\Iritech\E_2_0_2\E_2_0_2_R_5\via_region_data.json
E_2_0_2_R_M_N_N_1979_29_2017.bmp308278,Non-Alcohol,C:\PycharmProjects\Alcohol Detection\dataset\Grupo_2\E_2_0\Iritech\E_2_0_2\E_2_0_2_R_5\via_region_data.json
E_2_0_2_R_M_N_N_1979_30_2017.bmp308278,Non-Alcohol,C:\PycharmProjects\Alcohol Detection\dataset\Grupo_2\E_2_0\Iritech\E_2_0_2\E_2_0_2_R_5\via_region_data.json
E_2_0_2_R_M_N_N_1979_31_2017.bmp308278,Non-Alcohol,C:\PycharmProjects\Alcohol Detection\dataset\Grupo_2\E_2_0\Iritech\E_2_0_2\E_2_0_2_R_5\via_region_data.json
E_2_0_2_R_M_N_N_1979_32_2017.bmp308278,Non-Alcohol,C:\PycharmProjects\Alcohol Detection\dataset\Grupo_2\E_2_0\Iritech\E_2_0_2\E_2_0_2_R_5\via_region_data.json
E_2_0_2_R_M_N_N_1979_33_2017.bmp308278,Non-Alcohol,C:\PycharmProjects\Alcohol Detection\dataset\Grupo_2\E_2_0\Iritech\E_2_0_2\E_2_0_2_R_5\via_region_data.json
E_2_0_2_R_M_N_N_1979_34_2017.bmp308278,Non-Alcohol,C:\PycharmProjects\Alcohol Detection\dataset\Grupo_2\E_2_0\Iritech\E_2_0_2\E_2_0_2_R_5\via_region_data.json
E_2_0_2_R_M_N_N_1979_35_2017.bmp308278,Non-Alcohol,C:\PycharmProjects\Alcohol Detection\dataset\Grupo_2\E_2_0\Iritech\E_2_0_2\E_2_0_2_R_5\via_region_data.json
E_2_0_2_R_M_N_N_1979_36_2017.bmp308278,Non-Alcohol,C:\PycharmProjects\Alcohol Detection\dataset\Grupo_2\E_2_0\Iritech\E_2_0_2\E_2_0_2_R_5\via_region_data.json
E_2_0_2_R_M_N_N_1979_37_2017.bmp308278,Non-Alcohol,C:\PycharmProjects\Alcohol Detection\dataset\Grupo_2\E_2_0\Iritech\E_2_0_2\E_2_0_2_R_5\via_region_data.json
E_2_0_2_R_M_N_N_1979_38_2017.bmp308278,Non-Alcohol,C:\PycharmProjects\Alcohol Detection\dataset\Grupo_2\E_2_0\Iritech\E_2_0_2\E_2_0_2_R_5\via_region_data.json
E_2_0_2_R_M_N_N_1979_39_2017.bmp308278,Non-Alcohol,C:\PycharmProjects\Alcohol Detection\dataset\Grupo_2\E_2_0\Iritech\E_2_0_2\E_2_0_2_R_5\via_region_data.json
E_2_0_2_R_M_N_N_1979_40_2017.bmp308278,Non-Alcohol,C:\PycharmProjects\Alcohol Detection\dataset\Grupo_2\E_2_0\Iritech\E_2_0_2\E_2_0_2_R_5\via_region_data.json
E_2_0_2_R_M_N_N_1979_41_2017.bmp308278,Non-Alcohol,C:\PycharmProjects\Alcohol Detection\dataset\Grupo_2\E_2_0\Iritech\E_2_0_2\E_2_0_2_R_5\via_region_data.json
E_2_0_2_R_M_N_N_1979_42_2017.bmp308278,Non-Alcohol,C:\PycharmProjects\Alcohol Detection\dataset\Grupo_2\E_2_0\Iritech\E_2_0_2\E_2_0_2_R_5\via_region_data.json
E_2_0_2_R_M_N_N_1979_43_2017.bmp308278,Non-Alcohol,C:\PycharmProjects\Alcohol Detection\dataset\Grupo_2\E_2_0\Iritech\E_2_0_2\E_2_0_2_R_5\via_region_data.json
E_2_0_2_R_M_N_N_1979_44_2017.bmp308278,Non-Alcohol,C:\PycharmProjects\Alcohol Detection\dataset\Grupo_2\E_2_0\Iritech\E_2_0_2\E_2_0_2_R_5\via_region_data.json
E_2_0_2_R_M_N_N_1979_45_2017.bmp308278,Non-Alcohol,C:\PycharmProjects\Alcohol Detection\dataset\Grupo_2\E_2_0\Iritech\E_2_0_2\E_2_0_2_R_5\via_region_data.json
E_2_0_2_R_M_N_N_1979_46_2017.bmp308278,Non-Alcohol,C:\PycharmProjects\Alcohol Detection\dataset\Grupo_2\E_2_0\Iritech\E_2_0_2\E_2_0_2_R_5\via_region_data.json
E_2_0_2_R_M_N_N_1979_47_2017.bmp308278,Non-Alcohol,C:\PycharmProjects\Alcohol Detection\dataset\Grupo_2\E_2_0\Iritech\E_2_0_2\E_2_0_2_R_5\via_region_data.json
E_2_0_2_R_M_N_N_1979_48_2017.bmp308278,Non-Alcohol,C:\PycharmProjects\Alcohol Detection\dataset\Grupo_2\E_2_0\Iritech\E_2_0_2\E_2_0_2_R_5\via_region_data.json
E_2_0_2_R_M_N_N_1979_49_2017.bmp308278,Non-Alcohol,C:\PycharmProjects\Alcohol Detection\dataset\Grupo_2\E_2_0\Iritech\E_2_0_2\E_2_0_2_R_5\via_region_data.json
E_2_0_2_R_M_N_N_1979_50_2017.bmp308278,Non-Alcohol,C:\PycharmProjects\Alcohol Detection\dataset\Grupo_2\E_2_0\Iritech\E_2_0_2\E_2_0_2_R_5\via_region_data.json
E_2_0_2_R_M_N_N_1979_51_2017.bmp308278,Non-Alcohol,C:\PycharmProjects\Alcohol Detection\dataset\Grupo_2\E_2_0\Iritech\E_2_0_2\E_2_0_2_R_5\via_region_data.json
E_2_0_2_R_M_N_N_1979_52_2017.bmp308278,Non-Alcohol,C:\PycharmProjects\Alcohol Detection\dataset\Grupo_2\E_2_0\Iritech\E_2_0_2\E_2_0_2_R_5\via_region_data.json
E_2_0_2_R_M_N_N_1979_53_2017.bmp308278,Non-Alcohol,C:\PycharmProjects\Alcohol Detection\dataset\Grupo_2\E_2_0\Iritech\E_2_0_2\E_2_0_2_R_5\via_region_data.json
E_2_0_2_R_M_N_N_1979_54_2017.bmp308278,Non-Alcohol,C:\PycharmProjects\Alcohol Detection\dataset\Grupo_2\E_2_0\Iritech\E_2_0_2\E_2_0_2_R_5\via_region_data.json
E_2_0_2_R_M_N_N_1979_55_2017.bmp308278,Non-Alcohol,C:\PycharmProjects\Alcohol Detection\dataset\Grupo_2\E_2_0\Iritech\E_2_0_2\E_2_0_2_R_5\via_region_data.json
E_2_0_2_R_M_N_N_1979_56_2017.bmp308278,Non-Alcohol,C:\PycharmProjects\Alcohol Detection\dataset\Grupo_2\E_2_0\Iritech\E_2_0_2\E_2_0_2_R_5\via_region_data.json
E_2_0_2_R_M_N_N_1979_57_2017.bmp308278,Non-Alcohol,C:\PycharmProjects\Alcohol Detection\dataset\Grupo_2\E_2_0\Iritech\E_2_0_2\E_2_0_2_R_5\via_region_data.json
E_2_0_2_R_M_N_N_1979_58_2017.bmp308278,Non-Alcohol,C:\PycharmProjects\Alcohol Detection\dataset\Grupo_2\E_2_0\Iritech\E_2_0_2\E_2_0_2_R_5\via_region_data.json
E_2_0_2_R_M_N_N_1979_59_2017.bmp308278,Non-Alcohol,C:\PycharmProjects\Alcohol Detection\dataset\Grupo_2\E_2_0\Iritech\E_2_0_2\E_2_0_2_R_5\via_region_data.json
E_2_0_2_R_M_N_N_1979_60_2017.bmp308278,Non-Alcohol,C:\PycharmProjects\Alcohol Detection\dataset\Grupo_2\E_2_0\Iritech\E_2_0_2\E_2_0_2_R_5\via_region_data.json
E_2_0_2_R_M_N_N_1979_61_2017.bmp308278,Non-Alcohol,C:\PycharmProjects\Alcohol Detection\dataset\Grupo_2\E_2_0\Iritech\E_2_0_2\E_2_0_2_R_5\via_region_data.json
E_2_0_2_R_M_N_N_1979_62_2017.bmp308278,Non-Alcohol,C:\PycharmProjects\Alcohol Detection\dataset\Grupo_2\E_2_0\Iritech\E_2_0_2\E_2_0_2_R_5\via_region_data.json
E_2_0_2_R_M_N_N_1979_63_2017.bmp308278,Non-Alcohol,C:\PycharmProjects\Alcohol Detection\dataset\Grupo_2\E_2_0\Iritech\E_2_0_2\E_2_0_2_R_5\via_region_data.json
E_2_0_2_R_M_N_N_1979_64_2017.bmp308278,Non-Alcohol,C:\PycharmProjects\Alcohol Detection\dataset\Grupo_2\E_2_0\Iritech\E_2_0_2\E_2_0_2_R_5\via_region_data.json
E_2_0_2_R_M_N_N_1979_65_2017.bmp308278,Non-Alcohol,C:\PycharmProjects\Alcohol Detection\dataset\Grupo_2\E_2_0\Iritech\E_2_0_2\E_2_0_2_R_5\via_region_data.json
E_2_0_2_R_M_N_N_1979_66_2017.bmp308278,Non-Alcohol,C:\PycharmProjects\Alcohol Detection\dataset\Grupo_2\E_2_0\Iritech\E_2_0_2\E_2_0_2_R_5\via_region_data.json
E_2_0_2_R_M_N_N_1979_67_2017.bmp308278,Non-Alcohol,C:\PycharmProjects\Alcohol Detection\dataset\Grupo_2\E_2_0\Iritech\E_2_0_2\E_2_0_2_R_5\via_region_data.json
E_2_0_2_R_M_N_N_1979_68_2017.bmp308278,Non-Alcohol,C:\PycharmProjects\Alcohol Detection\dataset\Grupo_2\E_2_0\Iritech\E_2_0_2\E_2_0_2_R_5\via_region_data.json
E_2_0_2_R_M_N_N_1979_69_2017.bmp308278,Non-Alcohol,C:\PycharmProjects\Alcohol Detection\dataset\Grupo_2\E_2_0\Iritech\E_2_0_2\E_2_0_2_R_5\via_region_data.json
E_2_0_2_R_M_N_N_1979_70_2017.bmp308278,Non-Alcohol,C:\PycharmProjects\Alcohol Detection\dataset\Grupo_2\E_2_0\Iritech\E_2_0_2\E_2_0_2_R_5\via_region_data.json
E_2_0_2_R_M_N_N_1979_71_2017.bmp308278,Non-Alcohol,C:\PycharmProjects\Alcohol Detection\dataset\Grupo_2\E_2_0\Iritech\E_2_0_2\E_2_0_2_R_5\via_region_data.json
E_2_0_2_R_M_N_N_1979_72_2017.bmp308278,Non-Alcohol,C:\PycharmProjects\Alcohol Detection\dataset\Grupo_2\E_2_0\Iritech\E_2_0_2\E_2_0_2_R_5\via_region_data.json
E_2_0_2_R_M_N_N_1979_73_2017.bmp308278,Non-Alcohol,C:\PycharmProjects\Alcohol Detection\dataset\Grupo_2\E_2_0\Iritech\E_2_0_2\E_2_0_2_R_5\via_region_data.json
E_2_0_2_R_M_N_N_1979_74_2017.bmp308278,Non-Alcohol,C:\PycharmProjects\Alcohol Detection\dataset\Grupo_2\E_2_0\Iritech\E_2_0_2\E_2_0_2_R_5\via_region_data.json
E_2_0_2_R_M_N_N_1979_75_2017.bmp308278,Non-Alcohol,C:\PycharmProjects\Alcohol Detection\dataset\Grupo_2\E_2_0\Iritech\E_2_0_2\E_2_0_2_R_5\via_region_data.json
E_2_0_3_L_M_N_N_1979_0_2017.bmp308278,Non-Alcohol,C:\PycharmProjects\Alcohol Detection\dataset\Grupo_2\E_2_0\Iritech\E_2_0_3\via_region_data.json
E_2_0_3_R_M_N_N_1979_0_2017.bmp308278,Non-Alcohol,C:\PycharmProjects\Alcohol Detection\dataset\Grupo_2\E_2_0\Iritech\E_2_0_3\via_region_data.json
E_2_0_3_L_M_N_N_1979_0_2017.bmp308278,Non-Alcohol,C:\PycharmProjects\Alcohol Detection\dataset\Grupo_2\E_2_0\Iritech\E_2_0_3\E_2_0_3_L_5\via_region_data.json
E_2_0_3_L_M_N_N_1979_1_2017.bmp308278,Non-Alcohol,C:\PycharmProjects\Alcohol Detection\dataset\Grupo_2\E_2_0\Iritech\E_2_0_3\E_2_0_3_L_5\via_region_data.json
E_2_0_3_L_M_N_N_1979_2_2017.bmp308278,Non-Alcohol,C:\PycharmProjects\Alcohol Detection\dataset\Grupo_2\E_2_0\Iritech\E_2_0_3\E_2_0_3_L_5\via_region_data.json
E_2_0_3_L_M_N_N_1979_3_2017.bmp308278,Non-Alcohol,C:\PycharmProjects\Alcohol Detection\dataset\Grupo_2\E_2_0\Iritech\E_2_0_3\E_2_0_3_L_5\via_region_data.json
E_2_0_3_L_M_N_N_1979_4_2017.bmp308278,Non-Alcohol,C:\PycharmProjects\Alcohol Detection\dataset\Grupo_2\E_2_0\Iritech\E_2_0_3\E_2_0_3_L_5\via_region_data.json
E_2_0_3_L_M_N_N_1979_5_2017.bmp308278,Non-Alcohol,C:\PycharmProjects\Alcohol Detection\dataset\Grupo_2\E_2_0\Iritech\E_2_0_3\E_2_0_3_L_5\via_region_data.json
E_2_0_3_L_M_N_N_1979_6_2017.bmp308278,Non-Alcohol,C:\PycharmProjects\Alcohol Detection\dataset\Grupo_2\E_2_0\Iritech\E_2_0_3\E_2_0_3_L_5\via_region_data.json
E_2_0_3_L_M_N_N_1979_7_2017.bmp308278,Non-Alcohol,C:\PycharmProjects\Alcohol Detection\dataset\Grupo_2\E_2_0\Iritech\E_2_0_3\E_2_0_3_L_5\via_region_data.json
E_2_0_3_L_M_N_N_1979_8_2017.bmp308278,Non-Alcohol,C:\PycharmProjects\Alcohol Detection\dataset\Grupo_2\E_2_0\Iritech\E_2_0_3\E_2_0_3_L_5\via_region_data.json
E_2_0_3_L_M_N_N_1979_9_2017.bmp308278,Non-Alcohol,C:\PycharmProjects\Alcohol Detection\dataset\Grupo_2\E_2_0\Iritech\E_2_0_3\E_2_0_3_L_5\via_region_data.json
E_2_0_3_L_M_N_N_1979_10_2017.bmp308278,Non-Alcohol,C:\PycharmProjects\Alcohol Detection\dataset\Grupo_2\E_2_0\Iritech\E_2_0_3\E_2_0_3_L_5\via_region_data.json
E_2_0_3_L_M_N_N_1979_11_2017.bmp308278,Non-Alcohol,C:\PycharmProjects\Alcohol Detection\dataset\Grupo_2\E_2_0\Iritech\E_2_0_3\E_2_0_3_L_5\via_region_data.json
E_2_0_3_L_M_N_N_1979_12_2017.bmp308278,Non-Alcohol,C:\PycharmProjects\Alcohol Detection\dataset\Grupo_2\E_2_0\Iritech\E_2_0_3\E_2_0_3_L_5\via_region_data.json
E_2_0_3_L_M_N_N_1979_13_2017.bmp308278,Non-Alcohol,C:\PycharmProjects\Alcohol Detection\dataset\Grupo_2\E_2_0\Iritech\E_2_0_3\E_2_0_3_L_5\via_region_data.json
E_2_0_3_L_M_N_N_1979_14_2017.bmp308278,Non-Alcohol,C:\PycharmProjects\Alcohol Detection\dataset\Grupo_2\E_2_0\Iritech\E_2_0_3\E_2_0_3_L_5\via_region_data.json
E_2_0_3_L_M_N_N_1979_15_2017.bmp308278,Non-Alcohol,C:\PycharmProjects\Alcohol Detection\dataset\Grupo_2\E_2_0\Iritech\E_2_0_3\E_2_0_3_L_5\via_region_data.json
E_2_0_3_L_M_N_N_1979_16_2017.bmp308278,Non-Alcohol,C:\PycharmProjects\Alcohol Detection\dataset\Grupo_2\E_2_0\Iritech\E_2_0_3\E_2_0_3_L_5\via_region_data.json
E_2_0_3_L_M_N_N_1979_17_2017.bmp308278,Non-Alcohol,C:\PycharmProjects\Alcohol Detection\dataset\Grupo_2\E_2_0\Iritech\E_2_0_3\E_2_0_3_L_5\via_region_data.json
E_2_0_3_L_M_N_N_1979_18_2017.bmp308278,Non-Alcohol,C:\PycharmProjects\Alcohol Detection\dataset\Grupo_2\E_2_0\Iritech\E_2_0_3\E_2_0_3_L_5\via_region_data.json
E_2_0_3_L_M_N_N_1979_19_2017.bmp308278,Non-Alcohol,C:\PycharmProjects\Alcohol Detection\dataset\Grupo_2\E_2_0\Iritech\E_2_0_3\E_2_0_3_L_5\via_region_data.json
E_2_0_3_L_M_N_N_1979_20_2017.bmp308278,Non-Alcohol,C:\PycharmProjects\Alcohol Detection\dataset\Grupo_2\E_2_0\Iritech\E_2_0_3\E_2_0_3_L_5\via_region_data.json
E_2_0_3_L_M_N_N_1979_21_2017.bmp308278,Non-Alcohol,C:\PycharmProjects\Alcohol Detection\dataset\Grupo_2\E_2_0\Iritech\E_2_0_3\E_2_0_3_L_5\via_region_data.json
E_2_0_3_L_M_N_N_1979_22_2017.bmp308278,Non-Alcohol,C:\PycharmProjects\Alcohol Detection\dataset\Grupo_2\E_2_0\Iritech\E_2_0_3\E_2_0_3_L_5\via_region_data.json
E_2_0_3_L_M_N_N_1979_23_2017.bmp308278,Non-Alcohol,C:\PycharmProjects\Alcohol Detection\dataset\Grupo_2\E_2_0\Iritech\E_2_0_3\E_2_0_3_L_5\via_region_data.json
E_2_0_3_L_M_N_N_1979_24_2017.bmp308278,Non-Alcohol,C:\PycharmProjects\Alcohol Detection\dataset\Grupo_2\E_2_0\Iritech\E_2_0_3\E_2_0_3_L_5\via_region_data.json
E_2_0_3_L_M_N_N_1979_25_2017.bmp308278,Non-Alcohol,C:\PycharmProjects\Alcohol Detection\dataset\Grupo_2\E_2_0\Iritech\E_2_0_3\E_2_0_3_L_5\via_region_data.json
E_2_0_3_L_M_N_N_1979_26_2017.bmp308278,Non-Alcohol,C:\PycharmProjects\Alcohol Detection\dataset\Grupo_2\E_2_0\Iritech\E_2_0_3\E_2_0_3_L_5\via_region_data.json
E_2_0_3_L_M_N_N_1979_27_2017.bmp308278,Non-Alcohol,C:\PycharmProjects\Alcohol Detection\dataset\Grupo_2\E_2_0\Iritech\E_2_0_3\E_2_0_3_L_5\via_region_data.json
E_2_0_3_L_M_N_N_1979_28_2017.bmp308278,Non-Alcohol,C:\PycharmProjects\Alcohol Detection\dataset\Grupo_2\E_2_0\Iritech\E_2_0_3\E_2_0_3_L_5\via_region_data.json
E_2_0_3_L_M_N_N_1979_29_2017.bmp308278,Non-Alcohol,C:\PycharmProjects\Alcohol Detection\dataset\Grupo_2\E_2_0\Iritech\E_2_0_3\E_2_0_3_L_5\via_region_data.json
E_2_0_3_L_M_N_N_1979_30_2017.bmp308278,Non-Alcohol,C:\PycharmProjects\Alcohol Detection\dataset\Grupo_2\E_2_0\Iritech\E_2_0_3\E_2_0_3_L_5\via_region_data.json
E_2_0_3_L_M_N_N_1979_31_2017.bmp308278,Non-Alcohol,C:\PycharmProjects\Alcohol Detection\dataset\Grupo_2\E_2_0\Iritech\E_2_0_3\E_2_0_3_L_5\via_region_data.json
E_2_0_3_L_M_N_N_1979_32_2017.bmp308278,Non-Alcohol,C:\PycharmProjects\Alcohol Detection\dataset\Grupo_2\E_2_0\Iritech\E_2_0_3\E_2_0_3_L_5\via_region_data.json
E_2_0_3_L_M_N_N_1979_33_2017.bmp308278,Non-Alcohol,C:\PycharmProjects\Alcohol Detection\dataset\Grupo_2\E_2_0\Iritech\E_2_0_3\E_2_0_3_L_5\via_region_data.json
E_2_0_3_L_M_N_N_1979_34_2017.bmp308278,Non-Alcohol,C:\PycharmProjects\Alcohol Detection\dataset\Grupo_2\E_2_0\Iritech\E_2_0_3\E_2_0_3_L_5\via_region_data.json
E_2_0_3_L_M_N_N_1979_35_2017.bmp308278,Non-Alcohol,C:\PycharmProjects\Alcohol Detection\dataset\Grupo_2\E_2_0\Iritech\E_2_0_3\E_2_0_3_L_5\via_region_data.json
E_2_0_3_L_M_N_N_1979_36_2017.bmp308278,Non-Alcohol,C:\PycharmProjects\Alcohol Detection\dataset\Grupo_2\E_2_0\Iritech\E_2_0_3\E_2_0_3_L_5\via_region_data.json
E_2_0_3_L_M_N_N_1979_37_2017.bmp308278,Non-Alcohol,C:\PycharmProjects\Alcohol Detection\dataset\Grupo_2\E_2_0\Iritech\E_2_0_3\E_2_0_3_L_5\via_region_data.json
E_2_0_3_L_M_N_N_1979_38_2017.bmp308278,Non-Alcohol,C:\PycharmProjects\Alcohol Detection\dataset\Grupo_2\E_2_0\Iritech\E_2_0_3\E_2_0_3_L_5\via_region_data.json
E_2_0_3_L_M_N_N_1979_39_2017.bmp308278,Non-Alcohol,C:\PycharmProjects\Alcohol Detection\dataset\Grupo_2\E_2_0\Iritech\E_2_0_3\E_2_0_3_L_5\via_region_data.json
E_2_0_3_L_M_N_N_1979_40_2017.bmp308278,Non-Alcohol,C:\PycharmProjects\Alcohol Detection\dataset\Grupo_2\E_2_0\Iritech\E_2_0_3\E_2_0_3_L_5\via_region_data.json
E_2_0_3_L_M_N_N_1979_41_2017.bmp308278,Non-Alcohol,C:\PycharmProjects\Alcohol Detection\dataset\Grupo_2\E_2_0\Iritech\E_2_0_3\E_2_0_3_L_5\via_region_data.json
E_2_0_3_L_M_N_N_1979_42_2017.bmp308278,Non-Alcohol,C:\PycharmProjects\Alcohol Detection\dataset\Grupo_2\E_2_0\Iritech\E_2_0_3\E_2_0_3_L_5\via_region_data.json
E_2_0_3_L_M_N_N_1979_43_2017.bmp308278,Non-Alcohol,C:\PycharmProjects\Alcohol Detection\dataset\Grupo_2\E_2_0\Iritech\E_2_0_3\E_2_0_3_L_5\via_region_data.json
E_2_0_3_L_M_N_N_1979_44_2017.bmp308278,Non-Alcohol,C:\PycharmProjects\Alcohol Detection\dataset\Grupo_2\E_2_0\Iritech\E_2_0_3\E_2_0_3_L_5\via_region_data.json
E_2_0_3_L_M_N_N_1979_45_2017.bmp308278,Non-Alcohol,C:\PycharmProjects\Alcohol Detection\dataset\Grupo_2\E_2_0\Iritech\E_2_0_3\E_2_0_3_L_5\via_region_data.json
E_2_0_3_L_M_N_N_1979_46_2017.bmp308278,Non-Alcohol,C:\PycharmProjects\Alcohol Detection\dataset\Grupo_2\E_2_0\Iritech\E_2_0_3\E_2_0_3_L_5\via_region_data.json
E_2_0_3_L_M_N_N_1979_47_2017.bmp308278,Non-Alcohol,C:\PycharmProjects\Alcohol Detection\dataset\Grupo_2\E_2_0\Iritech\E_2_0_3\E_2_0_3_L_5\via_region_data.json
E_2_0_3_L_M_N_N_1979_48_2017.bmp308278,Non-Alcohol,C:\PycharmProjects\Alcohol Detection\dataset\Grupo_2\E_2_0\Iritech\E_2_0_3\E_2_0_3_L_5\via_region_data.json
E_2_0_3_L_M_N_N_1979_49_2017.bmp308278,Non-Alcohol,C:\PycharmProjects\Alcohol Detection\dataset\Grupo_2\E_2_0\Iritech\E_2_0_3\E_2_0_3_L_5\via_region_data.json
E_2_0_3_L_M_N_N_1979_50_2017.bmp308278,Non-Alcohol,C:\PycharmProjects\Alcohol Detection\dataset\Grupo_2\E_2_0\Iritech\E_2_0_3\E_2_0_3_L_5\via_region_data.json
E_2_0_3_L_M_N_N_1979_51_2017.bmp308278,Non-Alcohol,C:\PycharmProjects\Alcohol Detection\dataset\Grupo_2\E_2_0\Iritech\E_2_0_3\E_2_0_3_L_5\via_region_data.json
E_2_0_3_L_M_N_N_1979_52_2017.bmp308278,Non-Alcohol,C:\PycharmProjects\Alcohol Detection\dataset\Grupo_2\E_2_0\Iritech\E_2_0_3\E_2_0_3_L_5\via_region_data.json
E_2_0_3_L_M_N_N_1979_53_2017.bmp308278,Non-Alcohol,C:\PycharmProjects\Alcohol Detection\dataset\Grupo_2\E_2_0\Iritech\E_2_0_3\E_2_0_3_L_5\via_region_data.json
E_2_0_3_L_M_N_N_1979_54_2017.bmp308278,Non-Alcohol,C:\PycharmProjects\Alcohol Detection\dataset\Grupo_2\E_2_0\Iritech\E_2_0_3\E_2_0_3_L_5\via_region_data.json
E_2_0_3_L_M_N_N_1979_55_2017.bmp308278,Non-Alcohol,C:\PycharmProjects\Alcohol Detection\dataset\Grupo_2\E_2_0\Iritech\E_2_0_3\E_2_0_3_L_5\via_region_data.json
E_2_0_3_L_M_N_N_1979_56_2017.bmp308278,Non-Alcohol,C:\PycharmProjects\Alcohol Detection\dataset\Grupo_2\E_2_0\Iritech\E_2_0_3\E_2_0_3_L_5\via_region_data.json
E_2_0_3_L_M_N_N_1979_57_2017.bmp308278,Non-Alcohol,C:\PycharmProjects\Alcohol Detection\dataset\Grupo_2\E_2_0\Iritech\E_2_0_3\E_2_0_3_L_5\via_region_data.json
E_2_0_3_L_M_N_N_1979_58_2017.bmp308278,Non-Alcohol,C:\PycharmProjects\Alcohol Detection\dataset\Grupo_2\E_2_0\Iritech\E_2_0_3\E_2_0_3_L_5\via_region_data.json
E_2_0_3_L_M_N_N_1979_59_2017.bmp308278,Non-Alcohol,C:\PycharmProjects\Alcohol Detection\dataset\Grupo_2\E_2_0\Iritech\E_2_0_3\E_2_0_3_L_5\via_region_data.json
E_2_0_3_L_M_N_N_1979_60_2017.bmp308278,Non-Alcohol,C:\PycharmProjects\Alcohol Detection\dataset\Grupo_2\E_2_0\Iritech\E_2_0_3\E_2_0_3_L_5\via_region_data.json
E_2_0_3_L_M_N_N_1979_61_2017.bmp308278,Non-Alcohol,C:\PycharmProjects\Alcohol Detection\dataset\Grupo_2\E_2_0\Iritech\E_2_0_3\E_2_0_3_L_5\via_region_data.json
E_2_0_3_L_M_N_N_1979_62_2017.bmp308278,Non-Alcohol,C:\PycharmProjects\Alcohol Detection\dataset\Grupo_2\E_2_0\Iritech\E_2_0_3\E_2_0_3_L_5\via_region_data.json
E_2_0_3_L_M_N_N_1979_63_2017.bmp308278,Non-Alcohol,C:\PycharmProjects\Alcohol Detection\dataset\Grupo_2\E_2_0\Iritech\E_2_0_3\E_2_0_3_L_5\via_region_data.json
E_2_0_3_L_M_N_N_1979_64_2017.bmp308278,Non-Alcohol,C:\PycharmProjects\Alcohol Detection\dataset\Grupo_2\E_2_0\Iritech\E_2_0_3\E_2_0_3_L_5\via_region_data.json
E_2_0_3_L_M_N_N_1979_65_2017.bmp308278,Non-Alcohol,C:\PycharmProjects\Alcohol Detection\dataset\Grupo_2\E_2_0\Iritech\E_2_0_3\E_2_0_3_L_5\via_region_data.json
E_2_0_3_L_M_N_N_1979_66_2017.bmp308278,Non-Alcohol,C:\PycharmProjects\Alcohol Detection\dataset\Grupo_2\E_2_0\Iritech\E_2_0_3\E_2_0_3_L_5\via_region_data.json
E_2_0_3_L_M_N_N_1979_67_2017.bmp308278,Non-Alcohol,C:\PycharmProjects\Alcohol Detection\dataset\Grupo_2\E_2_0\Iritech\E_2_0_3\E_2_0_3_L_5\via_region_data.json
E_2_0_3_L_M_N_N_1979_68_2017.bmp308278,Non-Alcohol,C:\PycharmProjects\Alcohol Detection\dataset\Grupo_2\E_2_0\Iritech\E_2_0_3\E_2_0_3_L_5\via_region_data.json
E_2_0_3_L_M_N_N_1979_69_2017.bmp308278,Non-Alcohol,C:\PycharmProjects\Alcohol Detection\dataset\Grupo_2\E_2_0\Iritech\E_2_0_3\E_2_0_3_L_5\via_region_data.json
E_2_0_3_L_M_N_N_1979_70_2017.bmp308278,Non-Alcohol,C:\PycharmProjects\Alcohol Detection\dataset\Grupo_2\E_2_0\Iritech\E_2_0_3\E_2_0_3_L_5\via_region_data.json
E_2_0_3_L_M_N_N_1979_71_2017.bmp308278,Non-Alcohol,C:\PycharmProjects\Alcohol Detection\dataset\Grupo_2\E_2_0\Iritech\E_2_0_3\E_2_0_3_L_5\via_region_data.json
E_2_0_3_L_M_N_N_1979_72_2017.bmp308278,Non-Alcohol,C:\PycharmProjects\Alcohol Detection\dataset\Grupo_2\E_2_0\Iritech\E_2_0_3\E_2_0_3_L_5\via_region_data.json
E_2_0_3_L_M_N_N_1979_73_2017.bmp308278,Non-Alcohol,C:\PycharmProjects\Alcohol Detection\dataset\Grupo_2\E_2_0\Iritech\E_2_0_3\E_2_0_3_L_5\via_region_data.json
E_2_0_3_L_M_N_N_1979_74_2017.bmp308278,Non-Alcohol,C:\PycharmProjects\Alcohol Detection\dataset\Grupo_2\E_2_0\Iritech\E_2_0_3\E_2_0_3_L_5\via_region_data.json
E_2_0_3_L_M_N_N_1979_75_2017.bmp308278,Non-Alcohol,C:\PycharmProjects\Alcohol Detection\dataset\Grupo_2\E_2_0\Iritech\E_2_0_3\E_2_0_3_L_5\via_region_data.json
E_2_0_3_L_M_N_N_1979_76_2017.bmp308278,Non-Alcohol,C:\PycharmProjects\Alcohol Detection\dataset\Grupo_2\E_2_0\Iritech\E_2_0_3\E_2_0_3_L_5\via_region_data.json
E_2_0_3_L_M_N_N_1979_77_2017.bmp308278,Non-Alcohol,C:\PycharmProjects\Alcohol Detection\dataset\Grupo_2\E_2_0\Iritech\E_2_0_3\E_2_0_3_L_5\via_region_data.json
E_2_0_3_R_M_N_N_1979_0_2017.bmp308278,Non-Alcohol,C:\PycharmProjects\Alcohol Detection\dataset\Grupo_2\E_2_0\Iritech\E_2_0_3\E_2_0_3_R_5\via_region_data.json
E_2_0_3_R_M_N_N_1979_1_2017.bmp308278,Non-Alcohol,C:\PycharmProjects\Alcohol Detection\dataset\Grupo_2\E_2_0\Iritech\E_2_0_3\E_2_0_3_R_5\via_region_data.json
E_2_0_3_R_M_N_N_1979_2_2017.bmp308278,Non-Alcohol,C:\PycharmProjects\Alcohol Detection\dataset\Grupo_2\E_2_0\Iritech\E_2_0_3\E_2_0_3_R_5\via_region_data.json
E_2_0_3_R_M_N_N_1979_3_2017.bmp308278,Non-Alcohol,C:\PycharmProjects\Alcohol Detection\dataset\Grupo_2\E_2_0\Iritech\E_2_0_3\E_2_0_3_R_5\via_region_data.json
E_2_0_3_R_M_N_N_1979_4_2017.bmp308278,Non-Alcohol,C:\PycharmProjects\Alcohol Detection\dataset\Grupo_2\E_2_0\Iritech\E_2_0_3\E_2_0_3_R_5\via_region_data.json
E_2_0_3_R_M_N_N_1979_5_2017.bmp308278,Non-Alcohol,C:\PycharmProjects\Alcohol Detection\dataset\Grupo_2\E_2_0\Iritech\E_2_0_3\E_2_0_3_R_5\via_region_data.json
E_2_0_3_R_M_N_N_1979_6_2017.bmp308278,Non-Alcohol,C:\PycharmProjects\Alcohol Detection\dataset\Grupo_2\E_2_0\Iritech\E_2_0_3\E_2_0_3_R_5\via_region_data.json
E_2_0_3_R_M_N_N_1979_7_2017.bmp308278,Non-Alcohol,C:\PycharmProjects\Alcohol Detection\dataset\Grupo_2\E_2_0\Iritech\E_2_0_3\E_2_0_3_R_5\via_region_data.json
E_2_0_3_R_M_N_N_1979_8_2017.bmp308278,Non-Alcohol,C:\PycharmProjects\Alcohol Detection\dataset\Grupo_2\E_2_0\Iritech\E_2_0_3\E_2_0_3_R_5\via_region_data.json
E_2_0_3_R_M_N_N_1979_9_2017.bmp308278,Non-Alcohol,C:\PycharmProjects\Alcohol Detection\dataset\Grupo_2\E_2_0\Iritech\E_2_0_3\E_2_0_3_R_5\via_region_data.json
E_2_0_3_R_M_N_N_1979_10_2017.bmp308278,Non-Alcohol,C:\PycharmProjects\Alcohol Detection\dataset\Grupo_2\E_2_0\Iritech\E_2_0_3\E_2_0_3_R_5\via_region_data.json
E_2_0_3_R_M_N_N_1979_11_2017.bmp308278,Non-Alcohol,C:\PycharmProjects\Alcohol Detection\dataset\Grupo_2\E_2_0\Iritech\E_2_0_3\E_2_0_3_R_5\via_region_data.json
E_2_0_3_R_M_N_N_1979_12_2017.bmp308278,Non-Alcohol,C:\PycharmProjects\Alcohol Detection\dataset\Grupo_2\E_2_0\Iritech\E_2_0_3\E_2_0_3_R_5\via_region_data.json
E_2_0_3_R_M_N_N_1979_13_2017.bmp308278,Non-Alcohol,C:\PycharmProjects\Alcohol Detection\dataset\Grupo_2\E_2_0\Iritech\E_2_0_3\E_2_0_3_R_5\via_region_data.json
E_2_0_3_R_M_N_N_1979_14_2017.bmp308278,Non-Alcohol,C:\PycharmProjects\Alcohol Detection\dataset\Grupo_2\E_2_0\Iritech\E_2_0_3\E_2_0_3_R_5\via_region_data.json
E_2_0_3_R_M_N_N_1979_15_2017.bmp308278,Non-Alcohol,C:\PycharmProjects\Alcohol Detection\dataset\Grupo_2\E_2_0\Iritech\E_2_0_3\E_2_0_3_R_5\via_region_data.json
E_2_0_3_R_M_N_N_1979_16_2017.bmp308278,Non-Alcohol,C:\PycharmProjects\Alcohol Detection\dataset\Grupo_2\E_2_0\Iritech\E_2_0_3\E_2_0_3_R_5\via_region_data.json
E_2_0_3_R_M_N_N_1979_17_2017.bmp308278,Non-Alcohol,C:\PycharmProjects\Alcohol Detection\dataset\Grupo_2\E_2_0\Iritech\E_2_0_3\E_2_0_3_R_5\via_region_data.json
E_2_0_3_R_M_N_N_1979_18_2017.bmp308278,Non-Alcohol,C:\PycharmProjects\Alcohol Detection\dataset\Grupo_2\E_2_0\Iritech\E_2_0_3\E_2_0_3_R_5\via_region_data.json
E_2_0_3_R_M_N_N_1979_19_2017.bmp308278,Non-Alcohol,C:\PycharmProjects\Alcohol Detection\dataset\Grupo_2\E_2_0\Iritech\E_2_0_3\E_2_0_3_R_5\via_region_data.json
E_2_0_3_R_M_N_N_1979_20_2017.bmp308278,Non-Alcohol,C:\PycharmProjects\Alcohol Detection\dataset\Grupo_2\E_2_0\Iritech\E_2_0_3\E_2_0_3_R_5\via_region_data.json
E_2_0_3_R_M_N_N_1979_21_2017.bmp308278,Non-Alcohol,C:\PycharmProjects\Alcohol Detection\dataset\Grupo_2\E_2_0\Iritech\E_2_0_3\E_2_0_3_R_5\via_region_data.json
E_2_0_3_R_M_N_N_1979_22_2017.bmp308278,Non-Alcohol,C:\PycharmProjects\Alcohol Detection\dataset\Grupo_2\E_2_0\Iritech\E_2_0_3\E_2_0_3_R_5\via_region_data.json
E_2_0_3_R_M_N_N_1979_23_2017.bmp308278,Non-Alcohol,C:\PycharmProjects\Alcohol Detection\dataset\Grupo_2\E_2_0\Iritech\E_2_0_3\E_2_0_3_R_5\via_region_data.json
E_2_0_3_R_M_N_N_1979_24_2017.bmp308278,Non-Alcohol,C:\PycharmProjects\Alcohol Detection\dataset\Grupo_2\E_2_0\Iritech\E_2_0_3\E_2_0_3_R_5\via_region_data.json
E_2_0_3_R_M_N_N_1979_25_2017.bmp308278,Non-Alcohol,C:\PycharmProjects\Alcohol Detection\dataset\Grupo_2\E_2_0\Iritech\E_2_0_3\E_2_0_3_R_5\via_region_data.json
E_2_0_3_R_M_N_N_1979_26_2017.bmp308278,Non-Alcohol,C:\PycharmProjects\Alcohol Detection\dataset\Grupo_2\E_2_0\Iritech\E_2_0_3\E_2_0_3_R_5\via_region_data.json
E_2_0_3_R_M_N_N_1979_27_2017.bmp308278,Non-Alcohol,C:\PycharmProjects\Alcohol Detection\dataset\Grupo_2\E_2_0\Iritech\E_2_0_3\E_2_0_3_R_5\via_region_data.json
E_2_0_3_R_M_N_N_1979_28_2017.bmp308278,Non-Alcohol,C:\PycharmProjects\Alcohol Detection\dataset\Grupo_2\E_2_0\Iritech\E_2_0_3\E_2_0_3_R_5\via_region_data.json
E_2_0_3_R_M_N_N_1979_29_2017.bmp308278,Non-Alcohol,C:\PycharmProjects\Alcohol Detection\dataset\Grupo_2\E_2_0\Iritech\E_2_0_3\E_2_0_3_R_5\via_region_data.json
E_2_0_3_R_M_N_N_1979_30_2017.bmp308278,Non-Alcohol,C:\PycharmProjects\Alcohol Detection\dataset\Grupo_2\E_2_0\Iritech\E_2_0_3\E_2_0_3_R_5\via_region_data.json
E_2_0_3_R_M_N_N_1979_31_2017.bmp308278,Non-Alcohol,C:\PycharmProjects\Alcohol Detection\dataset\Grupo_2\E_2_0\Iritech\E_2_0_3\E_2_0_3_R_5\via_region_data.json
E_2_0_3_R_M_N_N_1979_32_2017.bmp308278,Non-Alcohol,C:\PycharmProjects\Alcohol Detection\dataset\Grupo_2\E_2_0\Iritech\E_2_0_3\E_2_0_3_R_5\via_region_data.json
E_2_0_3_R_M_N_N_1979_33_2017.bmp308278,Non-Alcohol,C:\PycharmProjects\Alcohol Detection\dataset\Grupo_2\E_2_0\Iritech\E_2_0_3\E_2_0_3_R_5\via_region_data.json
E_2_0_3_R_M_N_N_1979_34_2017.bmp308278,Non-Alcohol,C:\PycharmProjects\Alcohol Detection\dataset\Grupo_2\E_2_0\Iritech\E_2_0_3\E_2_0_3_R_5\via_region_data.json
E_2_0_3_R_M_N_N_1979_35_2017.bmp308278,Non-Alcohol,C:\PycharmProjects\Alcohol Detection\dataset\Grupo_2\E_2_0\Iritech\E_2_0_3\E_2_0_3_R_5\via_region_data.json
E_2_0_3_R_M_N_N_1979_36_2017.bmp308278,Non-Alcohol,C:\PycharmProjects\Alcohol Detection\dataset\Grupo_2\E_2_0\Iritech\E_2_0_3\E_2_0_3_R_5\via_region_data.json
E_2_0_3_R_M_N_N_1979_37_2017.bmp308278,Non-Alcohol,C:\PycharmProjects\Alcohol Detection\dataset\Grupo_2\E_2_0\Iritech\E_2_0_3\E_2_0_3_R_5\via_region_data.json
E_2_0_3_R_M_N_N_1979_38_2017.bmp308278,Non-Alcohol,C:\PycharmProjects\Alcohol Detection\dataset\Grupo_2\E_2_0\Iritech\E_2_0_3\E_2_0_3_R_5\via_region_data.json
E_2_0_3_R_M_N_N_1979_39_2017.bmp308278,Non-Alcohol,C:\PycharmProjects\Alcohol Detection\dataset\Grupo_2\E_2_0\Iritech\E_2_0_3\E_2_0_3_R_5\via_region_data.json
E_2_0_3_R_M_N_N_1979_40_2017.bmp308278,Non-Alcohol,C:\PycharmProjects\Alcohol Detection\dataset\Grupo_2\E_2_0\Iritech\E_2_0_3\E_2_0_3_R_5\via_region_data.json
E_2_0_3_R_M_N_N_1979_41_2017.bmp308278,Non-Alcohol,C:\PycharmProjects\Alcohol Detection\dataset\Grupo_2\E_2_0\Iritech\E_2_0_3\E_2_0_3_R_5\via_region_data.json
E_2_0_3_R_M_N_N_1979_42_2017.bmp308278,Non-Alcohol,C:\PycharmProjects\Alcohol Detection\dataset\Grupo_2\E_2_0\Iritech\E_2_0_3\E_2_0_3_R_5\via_region_data.json
E_2_0_3_R_M_N_N_1979_43_2017.bmp308278,Non-Alcohol,C:\PycharmProjects\Alcohol Detection\dataset\Grupo_2\E_2_0\Iritech\E_2_0_3\E_2_0_3_R_5\via_region_data.json
E_2_0_3_R_M_N_N_1979_44_2017.bmp308278,Non-Alcohol,C:\PycharmProjects\Alcohol Detection\dataset\Grupo_2\E_2_0\Iritech\E_2_0_3\E_2_0_3_R_5\via_region_data.json
E_2_0_3_R_M_N_N_1979_45_2017.bmp308278,Non-Alcohol,C:\PycharmProjects\Alcohol Detection\dataset\Grupo_2\E_2_0\Iritech\E_2_0_3\E_2_0_3_R_5\via_region_data.json
E_2_0_3_R_M_N_N_1979_46_2017.bmp308278,Non-Alcohol,C:\PycharmProjects\Alcohol Detection\dataset\Grupo_2\E_2_0\Iritech\E_2_0_3\E_2_0_3_R_5\via_region_data.json
E_2_0_3_R_M_N_N_1979_47_2017.bmp308278,Non-Alcohol,C:\PycharmProjects\Alcohol Detection\dataset\Grupo_2\E_2_0\Iritech\E_2_0_3\E_2_0_3_R_5\via_region_data.json
E_2_0_3_R_M_N_N_1979_48_2017.bmp308278,Non-Alcohol,C:\PycharmProjects\Alcohol Detection\dataset\Grupo_2\E_2_0\Iritech\E_2_0_3\E_2_0_3_R_5\via_region_data.json
E_2_0_3_R_M_N_N_1979_49_2017.bmp308278,Non-Alcohol,C:\PycharmProjects\Alcohol Detection\dataset\Grupo_2\E_2_0\Iritech\E_2_0_3\E_2_0_3_R_5\via_region_data.json
E_2_0_3_R_M_N_N_1979_50_2017.bmp308278,Non-Alcohol,C:\PycharmProjects\Alcohol Detection\dataset\Grupo_2\E_2_0\Iritech\E_2_0_3\E_2_0_3_R_5\via_region_data.json
E_2_0_3_R_M_N_N_1979_51_2017.bmp308278,Non-Alcohol,C:\PycharmProjects\Alcohol Detection\dataset\Grupo_2\E_2_0\Iritech\E_2_0_3\E_2_0_3_R_5\via_region_data.json
E_2_0_3_R_M_N_N_1979_52_2017.bmp308278,Non-Alcohol,C:\PycharmProjects\Alcohol Detection\dataset\Grupo_2\E_2_0\Iritech\E_2_0_3\E_2_0_3_R_5\via_region_data.json
E_2_0_3_R_M_N_N_1979_53_2017.bmp308278,Non-Alcohol,C:\PycharmProjects\Alcohol Detection\dataset\Grupo_2\E_2_0\Iritech\E_2_0_3\E_2_0_3_R_5\via_region_data.json
E_2_0_3_R_M_N_N_1979_54_2017.bmp308278,Non-Alcohol,C:\PycharmProjects\Alcohol Detection\dataset\Grupo_2\E_2_0\Iritech\E_2_0_3\E_2_0_3_R_5\via_region_data.json
E_2_0_3_R_M_N_N_1979_55_2017.bmp308278,Non-Alcohol,C:\PycharmProjects\Alcohol Detection\dataset\Grupo_2\E_2_0\Iritech\E_2_0_3\E_2_0_3_R_5\via_region_data.json
E_2_0_3_R_M_N_N_1979_56_2017.bmp308278,Non-Alcohol,C:\PycharmProjects\Alcohol Detection\dataset\Grupo_2\E_2_0\Iritech\E_2_0_3\E_2_0_3_R_5\via_region_data.json
E_2_0_3_R_M_N_N_1979_57_2017.bmp308278,Non-Alcohol,C:\PycharmProjects\Alcohol Detection\dataset\Grupo_2\E_2_0\Iritech\E_2_0_3\E_2_0_3_R_5\via_region_data.json
E_2_0_3_R_M_N_N_1979_58_2017.bmp308278,Non-Alcohol,C:\PycharmProjects\Alcohol Detection\dataset\Grupo_2\E_2_0\Iritech\E_2_0_3\E_2_0_3_R_5\via_region_data.json
E_2_0_3_R_M_N_N_1979_59_2017.bmp308278,Non-Alcohol,C:\PycharmProjects\Alcohol Detection\dataset\Grupo_2\E_2_0\Iritech\E_2_0_3\E_2_0_3_R_5\via_region_data.json
E_2_0_3_R_M_N_N_1979_60_2017.bmp308278,Non-Alcohol,C:\PycharmProjects\Alcohol Detection\dataset\Grupo_2\E_2_0\Iritech\E_2_0_3\E_2_0_3_R_5\via_region_data.json
E_2_0_3_R_M_N_N_1979_61_2017.bmp308278,Non-Alcohol,C:\PycharmProjects\Alcohol Detection\dataset\Grupo_2\E_2_0\Iritech\E_2_0_3\E_2_0_3_R_5\via_region_data.json
E_2_0_3_R_M_N_N_1979_62_2017.bmp308278,Non-Alcohol,C:\PycharmProjects\Alcohol Detection\dataset\Grupo_2\E_2_0\Iritech\E_2_0_3\E_2_0_3_R_5\via_region_data.json
E_2_0_3_R_M_N_N_1979_63_2017.bmp308278,Non-Alcohol,C:\PycharmProjects\Alcohol Detection\dataset\Grupo_2\E_2_0\Iritech\E_2_0_3\E_2_0_3_R_5\via_region_data.json
E_2_0_3_R_M_N_N_1979_64_2017.bmp308278,Non-Alcohol,C:\PycharmProjects\Alcohol Detection\dataset\Grupo_2\E_2_0\Iritech\E_2_0_3\E_2_0_3_R_5\via_region_data.json
E_2_0_3_R_M_N_N_1979_65_2017.bmp308278,Non-Alcohol,C:\PycharmProjects\Alcohol Detection\dataset\Grupo_2\E_2_0\Iritech\E_2_0_3\E_2_0_3_R_5\via_region_data.json
E_2_0_3_R_M_N_N_1979_66_2017.bmp308278,Non-Alcohol,C:\PycharmProjects\Alcohol Detection\dataset\Grupo_2\E_2_0\Iritech\E_2_0_3\E_2_0_3_R_5\via_region_data.json
E_2_0_3_R_M_N_N_1979_67_2017.bmp308278,Non-Alcohol,C:\PycharmProjects\Alcohol Detection\dataset\Grupo_2\E_2_0\Iritech\E_2_0_3\E_2_0_3_R_5\via_region_data.json
E_2_0_3_R_M_N_N_1979_68_2017.bmp308278,Non-Alcohol,C:\PycharmProjects\Alcohol Detection\dataset\Grupo_2\E_2_0\Iritech\E_2_0_3\E_2_0_3_R_5\via_region_data.json
E_2_0_3_R_M_N_N_1979_69_2017.bmp308278,Non-Alcohol,C:\PycharmProjects\Alcohol Detection\dataset\Grupo_2\E_2_0\Iritech\E_2_0_3\E_2_0_3_R_5\via_region_data.json
E_2_0_3_R_M_N_N_1979_70_2017.bmp308278,Non-Alcohol,C:\PycharmProjects\Alcohol Detection\dataset\Grupo_2\E_2_0\Iritech\E_2_0_3\E_2_0_3_R_5\via_region_data.json
E_2_0_3_R_M_N_N_1979_71_2017.bmp308278,Non-Alcohol,C:\PycharmProjects\Alcohol Detection\dataset\Grupo_2\E_2_0\Iritech\E_2_0_3\E_2_0_3_R_5\via_region_data.json
E_2_0_3_R_M_N_N_1979_72_2017.bmp308278,Non-Alcohol,C:\PycharmProjects\Alcohol Detection\dataset\Grupo_2\E_2_0\Iritech\E_2_0_3\E_2_0_3_R_5\via_region_data.json
E_2_0_3_R_M_N_N_1979_73_2017.bmp308278,Non-Alcohol,C:\PycharmProjects\Alcohol Detection\dataset\Grupo_2\E_2_0\Iritech\E_2_0_3\E_2_0_3_R_5\via_region_data.json
E_2_0_3_R_M_N_N_1979_74_2017.bmp308278,Non-Alcohol,C:\PycharmProjects\Alcohol Detection\dataset\Grupo_2\E_2_0\Iritech\E_2_0_3\E_2_0_3_R_5\via_region_data.json
E_2_0_3_R_M_N_N_1979_75_2017.bmp308278,Non-Alcohol,C:\PycharmProjects\Alcohol Detection\dataset\Grupo_2\E_2_0\Iritech\E_2_0_3\E_2_0_3_R_5\via_region_data.json
E_2_0_3_R_M_N_N_1979_76_2017.bmp308278,Non-Alcohol,C:\PycharmProjects\Alcohol Detection\dataset\Grupo_2\E_2_0\Iritech\E_2_0_3\E_2_0_3_R_5\via_region_data.json
E_2_0_0_L_M_N_N_1979_0_2017.bmp308278,Non-Alcohol,C:\PycharmProjects\Alcohol Detection\dataset\Grupo_2\E_2_0\LG\E_2_0_0\E_2_0_0_R_10\via_region_data.json
E_2_0_0_L_M_N_N_1979_1_2017.bmp308278,Non-Alcohol,C:\PycharmProjects\Alcohol Detection\dataset\Grupo_2\E_2_0\LG\E_2_0_0\E_2_0_0_R_10\via_region_data.json
E_2_0_0_L_M_N_N_1979_2_2017.bmp308278,Non-Alcohol,C:\PycharmProjects\Alcohol Detection\dataset\Grupo_2\E_2_0\LG\E_2_0_0\E_2_0_0_R_10\via_region_data.json
E_2_0_0_L_M_N_N_1979_3_2017.bmp308278,Non-Alcohol,C:\PycharmProjects\Alcohol Detection\dataset\Grupo_2\E_2_0\LG\E_2_0_0\E_2_0_0_R_10\via_region_data.json
E_2_0_0_L_M_N_N_1979_4_2017.bmp308278,Non-Alcohol,C:\PycharmProjects\Alcohol Detection\dataset\Grupo_2\E_2_0\LG\E_2_0_0\E_2_0_0_R_10\via_region_data.json
E_2_0_0_L_M_N_N_1979_5_2017.bmp308278,Non-Alcohol,C:\PycharmProjects\Alcohol Detection\dataset\Grupo_2\E_2_0\LG\E_2_0_0\E_2_0_0_R_10\via_region_data.json
E_2_0_0_L_M_N_N_1979_6_2017.bmp308278,Non-Alcohol,C:\PycharmProjects\Alcohol Detection\dataset\Grupo_2\E_2_0\LG\E_2_0_0\E_2_0_0_R_10\via_region_data.json
E_2_0_0_L_M_N_N_1979_7_2017.bmp308278,Non-Alcohol,C:\PycharmProjects\Alcohol Detection\dataset\Grupo_2\E_2_0\LG\E_2_0_0\E_2_0_0_R_10\via_region_data.json
E_2_0_0_L_M_N_N_1979_8_2017.bmp308278,Non-Alcohol,C:\PycharmProjects\Alcohol Detection\dataset\Grupo_2\E_2_0\LG\E_2_0_0\E_2_0_0_R_10\via_region_data.json
E_2_0_0_L_M_N_N_1979_9_2017.bmp308278,Non-Alcohol,C:\PycharmProjects\Alcohol Detection\dataset\Grupo_2\E_2_0\LG\E_2_0_0\E_2_0_0_R_10\via_region_data.json
E_2_0_0_R_M_N_N_1979_0_2017.bmp308278,Non-Alcohol,C:\PycharmProjects\Alcohol Detection\dataset\Grupo_2\E_2_0\LG\E_2_0_0\E_2_0_0_R_10\via_region_data.json
E_2_0_0_R_M_N_N_1979_1_2017.bmp308278,Non-Alcohol,C:\PycharmProjects\Alcohol Detection\dataset\Grupo_2\E_2_0\LG\E_2_0_0\E_2_0_0_R_10\via_region_data.json
E_2_0_0_R_M_N_N_1979_2_2017.bmp308278,Non-Alcohol,C:\PycharmProjects\Alcohol Detection\dataset\Grupo_2\E_2_0\LG\E_2_0_0\E_2_0_0_R_10\via_region_data.json
E_2_0_0_R_M_N_N_1979_3_2017.bmp308278,Non-Alcohol,C:\PycharmProjects\Alcohol Detection\dataset\Grupo_2\E_2_0\LG\E_2_0_0\E_2_0_0_R_10\via_region_data.json
E_2_0_0_R_M_N_N_1979_4_2017.bmp308278,Non-Alcohol,C:\PycharmProjects\Alcohol Detection\dataset\Grupo_2\E_2_0\LG\E_2_0_0\E_2_0_0_R_10\via_region_data.json
E_2_0_0_R_M_N_N_1979_5_2017.bmp308278,Non-Alcohol,C:\PycharmProjects\Alcohol Detection\dataset\Grupo_2\E_2_0\LG\E_2_0_0\E_2_0_0_R_10\via_region_data.json
E_2_0_0_R_M_N_N_1979_6_2017.bmp308278,Non-Alcohol,C:\PycharmProjects\Alcohol Detection\dataset\Grupo_2\E_2_0\LG\E_2_0_0\E_2_0_0_R_10\via_region_data.json
E_2_0_0_R_M_N_N_1979_7_2017.bmp308278,Non-Alcohol,C:\PycharmProjects\Alcohol Detection\dataset\Grupo_2\E_2_0\LG\E_2_0_0\E_2_0_0_R_10\via_region_data.json
E_2_0_0_R_M_N_N_1979_8_2017.bmp308278,Non-Alcohol,C:\PycharmProjects\Alcohol Detection\dataset\Grupo_2\E_2_0\LG\E_2_0_0\E_2_0_0_R_10\via_region_data.json
E_2_0_0_R_M_N_N_1979_9_2017.bmp308278,Non-Alcohol,C:\PycharmProjects\Alcohol Detection\dataset\Grupo_2\E_2_0\LG\E_2_0_0\E_2_0_0_R_10\via_region_data.json
E_2_0_1_L_M_N_N_1979_0_2017.bmp308278,Non-Alcohol,C:\PycharmProjects\Alcohol Detection\dataset\Grupo_2\E_2_0\LG\E_2_0_1\E_2_0_1_R_10\via_region_data.json
E_2_0_1_L_M_N_N_1979_1_2017.bmp308278,Non-Alcohol,C:\PycharmProjects\Alcohol Detection\dataset\Grupo_2\E_2_0\LG\E_2_0_1\E_2_0_1_R_10\via_region_data.json
E_2_0_1_L_M_N_N_1979_2_2017.bmp308278,Non-Alcohol,C:\PycharmProjects\Alcohol Detection\dataset\Grupo_2\E_2_0\LG\E_2_0_1\E_2_0_1_R_10\via_region_data.json
E_2_0_1_L_M_N_N_1979_3_2017.bmp308278,Non-Alcohol,C:\PycharmProjects\Alcohol Detection\dataset\Grupo_2\E_2_0\LG\E_2_0_1\E_2_0_1_R_10\via_region_data.json
E_2_0_1_L_M_N_N_1979_4_2017.bmp308278,Non-Alcohol,C:\PycharmProjects\Alcohol Detection\dataset\Grupo_2\E_2_0\LG\E_2_0_1\E_2_0_1_R_10\via_region_data.json
E_2_0_1_L_M_N_N_1979_5_2017.bmp308278,Non-Alcohol,C:\PycharmProjects\Alcohol Detection\dataset\Grupo_2\E_2_0\LG\E_2_0_1\E_2_0_1_R_10\via_region_data.json
E_2_0_1_L_M_N_N_1979_6_2017.bmp308278,Non-Alcohol,C:\PycharmProjects\Alcohol Detection\dataset\Grupo_2\E_2_0\LG\E_2_0_1\E_2_0_1_R_10\via_region_data.json
E_2_0_1_L_M_N_N_1979_7_2017.bmp308278,Non-Alcohol,C:\PycharmProjects\Alcohol Detection\dataset\Grupo_2\E_2_0\LG\E_2_0_1\E_2_0_1_R_10\via_region_data.json
E_2_0_1_L_M_N_N_1979_8_2017.bmp308278,Non-Alcohol,C:\PycharmProjects\Alcohol Detection\dataset\Grupo_2\E_2_0\LG\E_2_0_1\E_2_0_1_R_10\via_region_data.json
E_2_0_1_L_M_N_N_1979_9_2017.bmp308278,Non-Alcohol,C:\PycharmProjects\Alcohol Detection\dataset\Grupo_2\E_2_0\LG\E_2_0_1\E_2_0_1_R_10\via_region_data.json
E_2_0_1_R_M_N_N_1979_0_2017.bmp308278,Non-Alcohol,C:\PycharmProjects\Alcohol Detection\dataset\Grupo_2\E_2_0\LG\E_2_0_1\E_2_0_1_R_10\via_region_data.json
E_2_0_1_R_M_N_N_1979_1_2017.bmp308278,Non-Alcohol,C:\PycharmProjects\Alcohol Detection\dataset\Grupo_2\E_2_0\LG\E_2_0_1\E_2_0_1_R_10\via_region_data.json
E_2_0_1_R_M_N_N_1979_2_2017.bmp308278,Non-Alcohol,C:\PycharmProjects\Alcohol Detection\dataset\Grupo_2\E_2_0\LG\E_2_0_1\E_2_0_1_R_10\via_region_data.json
E_2_0_1_R_M_N_N_1979_3_2017.bmp308278,Non-Alcohol,C:\PycharmProjects\Alcohol Detection\dataset\Grupo_2\E_2_0\LG\E_2_0_1\E_2_0_1_R_10\via_region_data.json
E_2_0_1_R_M_N_N_1979_4_2017.bmp308278,Non-Alcohol,C:\PycharmProjects\Alcohol Detection\dataset\Grupo_2\E_2_0\LG\E_2_0_1\E_2_0_1_R_10\via_region_data.json
E_2_0_1_R_M_N_N_1979_5_2017.bmp308278,Non-Alcohol,C:\PycharmProjects\Alcohol Detection\dataset\Grupo_2\E_2_0\LG\E_2_0_1\E_2_0_1_R_10\via_region_data.json
E_2_0_1_R_M_N_N_1979_6_2017.bmp308278,Non-Alcohol,C:\PycharmProjects\Alcohol Detection\dataset\Grupo_2\E_2_0\LG\E_2_0_1\E_2_0_1_R_10\via_region_data.json
E_2_0_1_R_M_N_N_1979_7_2017.bmp308278,Non-Alcohol,C:\PycharmProjects\Alcohol Detection\dataset\Grupo_2\E_2_0\LG\E_2_0_1\E_2_0_1_R_10\via_region_data.json
E_2_0_1_R_M_N_N_1979_8_2017.bmp308278,Non-Alcohol,C:\PycharmProjects\Alcohol Detection\dataset\Grupo_2\E_2_0\LG\E_2_0_1\E_2_0_1_R_10\via_region_data.json
E_2_0_1_R_M_N_N_1979_9_2017.bmp308278,Non-Alcohol,C:\PycharmProjects\Alcohol Detection\dataset\Grupo_2\E_2_0\LG\E_2_0_1\E_2_0_1_R_10\via_region_data.json
E_2_0_2_L_M_N_N_1979_0_2017.bmp308278,Non-Alcohol,C:\PycharmProjects\Alcohol Detection\dataset\Grupo_2\E_2_0\LG\E_2_0_2\E_2_0_2_R_10\via_region_data.json
E_2_0_2_L_M_N_N_1979_1_2017.bmp308278,Non-Alcohol,C:\PycharmProjects\Alcohol Detection\dataset\Grupo_2\E_2_0\LG\E_2_0_2\E_2_0_2_R_10\via_region_data.json
E_2_0_2_L_M_N_N_1979_2_2017.bmp308278,Non-Alcohol,C:\PycharmProjects\Alcohol Detection\dataset\Grupo_2\E_2_0\LG\E_2_0_2\E_2_0_2_R_10\via_region_data.json
E_2_0_2_L_M_N_N_1979_3_2017.bmp308278,Non-Alcohol,C:\PycharmProjects\Alcohol Detection\dataset\Grupo_2\E_2_0\LG\E_2_0_2\E_2_0_2_R_10\via_region_data.json
E_2_0_2_L_M_N_N_1979_4_2017.bmp308278,Non-Alcohol,C:\PycharmProjects\Alcohol Detection\dataset\Grupo_2\E_2_0\LG\E_2_0_2\E_2_0_2_R_10\via_region_data.json
E_2_0_2_L_M_N_N_1979_5_2017.bmp308278,Non-Alcohol,C:\PycharmProjects\Alcohol Detection\dataset\Grupo_2\E_2_0\LG\E_2_0_2\E_2_0_2_R_10\via_region_data.json
E_2_0_2_L_M_N_N_1979_6_2017.bmp308278,Non-Alcohol,C:\PycharmProjects\Alcohol Detection\dataset\Grupo_2\E_2_0\LG\E_2_0_2\E_2_0_2_R_10\via_region_data.json
E_2_0_2_L_M_N_N_1979_7_2017.bmp308278,Non-Alcohol,C:\PycharmProjects\Alcohol Detection\dataset\Grupo_2\E_2_0\LG\E_2_0_2\E_2_0_2_R_10\via_region_data.json
E_2_0_2_L_M_N_N_1979_8_2017.bmp308278,Non-Alcohol,C:\PycharmProjects\Alcohol Detection\dataset\Grupo_2\E_2_0\LG\E_2_0_2\E_2_0_2_R_10\via_region_data.json
E_2_0_2_L_M_N_N_1979_9_2017.bmp308278,Non-Alcohol,C:\PycharmProjects\Alcohol Detection\dataset\Grupo_2\E_2_0\LG\E_2_0_2\E_2_0_2_R_10\via_region_data.json
E_2_0_2_R_M_N_N_1979_0_2017.bmp308278,Non-Alcohol,C:\PycharmProjects\Alcohol Detection\dataset\Grupo_2\E_2_0\LG\E_2_0_2\E_2_0_2_R_10\via_region_data.json
E_2_0_2_R_M_N_N_1979_1_2017.bmp308278,Non-Alcohol,C:\PycharmProjects\Alcohol Detection\dataset\Grupo_2\E_2_0\LG\E_2_0_2\E_2_0_2_R_10\via_region_data.json
E_2_0_2_R_M_N_N_1979_2_2017.bmp308278,Non-Alcohol,C:\PycharmProjects\Alcohol Detection\dataset\Grupo_2\E_2_0\LG\E_2_0_2\E_2_0_2_R_10\via_region_data.json
E_2_0_2_R_M_N_N_1979_3_2017.bmp308278,Non-Alcohol,C:\PycharmProjects\Alcohol Detection\dataset\Grupo_2\E_2_0\LG\E_2_0_2\E_2_0_2_R_10\via_region_data.json
E_2_0_2_R_M_N_N_1979_4_2017.bmp308278,Non-Alcohol,C:\PycharmProjects\Alcohol Detection\dataset\Grupo_2\E_2_0\LG\E_2_0_2\E_2_0_2_R_10\via_region_data.json
E_2_0_2_R_M_N_N_1979_5_2017.bmp308278,Non-Alcohol,C:\PycharmProjects\Alcohol Detection\dataset\Grupo_2\E_2_0\LG\E_2_0_2\E_2_0_2_R_10\via_region_data.json
E_2_0_2_R_M_N_N_1979_6_2017.bmp308278,Non-Alcohol,C:\PycharmProjects\Alcohol Detection\dataset\Grupo_2\E_2_0\LG\E_2_0_2\E_2_0_2_R_10\via_region_data.json
E_2_0_2_R_M_N_N_1979_7_2017.bmp308278,Non-Alcohol,C:\PycharmProjects\Alcohol Detection\dataset\Grupo_2\E_2_0\LG\E_2_0_2\E_2_0_2_R_10\via_region_data.json
E_2_0_2_R_M_N_N_1979_8_2017.bmp308278,Non-Alcohol,C:\PycharmProjects\Alcohol Detection\dataset\Grupo_2\E_2_0\LG\E_2_0_2\E_2_0_2_R_10\via_region_data.json
E_2_0_2_R_M_N_N_1979_9_2017.bmp308278,Non-Alcohol,C:\PycharmProjects\Alcohol Detection\dataset\Grupo_2\E_2_0\LG\E_2_0_2\E_2_0_2_R_10\via_region_data.json
E_2_0_3_L_M_N_N_1979_0_2017.bmp308278,Non-Alcohol,C:\PycharmProjects\Alcohol Detection\dataset\Grupo_2\E_2_0\LG\E_2_0_3\E_2_0_3_R_10\via_region_data.json
E_2_0_3_L_M_N_N_1979_1_2017.bmp308278,Non-Alcohol,C:\PycharmProjects\Alcohol Detection\dataset\Grupo_2\E_2_0\LG\E_2_0_3\E_2_0_3_R_10\via_region_data.json
E_2_0_3_L_M_N_N_1979_2_2017.bmp308278,Non-Alcohol,C:\PycharmProjects\Alcohol Detection\dataset\Grupo_2\E_2_0\LG\E_2_0_3\E_2_0_3_R_10\via_region_data.json
E_2_0_3_L_M_N_N_1979_3_2017.bmp308278,Non-Alcohol,C:\PycharmProjects\Alcohol Detection\dataset\Grupo_2\E_2_0\LG\E_2_0_3\E_2_0_3_R_10\via_region_data.json
E_2_0_3_L_M_N_N_1979_4_2017.bmp308278,Non-Alcohol,C:\PycharmProjects\Alcohol Detection\dataset\Grupo_2\E_2_0\LG\E_2_0_3\E_2_0_3_R_10\via_region_data.json
E_2_0_3_L_M_N_N_1979_5_2017.bmp308278,Non-Alcohol,C:\PycharmProjects\Alcohol Detection\dataset\Grupo_2\E_2_0\LG\E_2_0_3\E_2_0_3_R_10\via_region_data.json
E_2_0_3_L_M_N_N_1979_6_2017.bmp308278,Non-Alcohol,C:\PycharmProjects\Alcohol Detection\dataset\Grupo_2\E_2_0\LG\E_2_0_3\E_2_0_3_R_10\via_region_data.json
E_2_0_3_L_M_N_N_1979_7_2017.bmp308278,Non-Alcohol,C:\PycharmProjects\Alcohol Detection\dataset\Grupo_2\E_2_0\LG\E_2_0_3\E_2_0_3_R_10\via_region_data.json
E_2_0_3_L_M_N_N_1979_8_2017.bmp308278,Non-Alcohol,C:\PycharmProjects\Alcohol Detection\dataset\Grupo_2\E_2_0\LG\E_2_0_3\E_2_0_3_R_10\via_region_data.json
E_2_0_3_L_M_N_N_1979_9_2017.bmp308278,Non-Alcohol,C:\PycharmProjects\Alcohol Detection\dataset\Grupo_2\E_2_0\LG\E_2_0_3\E_2_0_3_R_10\via_region_data.json
E_2_0_3_R_M_N_N_1979_0_2017.bmp308278,Non-Alcohol,C:\PycharmProjects\Alcohol Detection\dataset\Grupo_2\E_2_0\LG\E_2_0_3\E_2_0_3_R_10\via_region_data.json
E_2_0_3_R_M_N_N_1979_1_2017.bmp308278,Non-Alcohol,C:\PycharmProjects\Alcohol Detection\dataset\Grupo_2\E_2_0\LG\E_2_0_3\E_2_0_3_R_10\via_region_data.json
E_2_0_3_R_M_N_N_1979_2_2017.bmp308278,Non-Alcohol,C:\PycharmProjects\Alcohol Detection\dataset\Grupo_2\E_2_0\LG\E_2_0_3\E_2_0_3_R_10\via_region_data.json
E_2_0_3_R_M_N_N_1979_3_2017.bmp308278,Non-Alcohol,C:\PycharmProjects\Alcohol Detection\dataset\Grupo_2\E_2_0\LG\E_2_0_3\E_2_0_3_R_10\via_region_data.json
E_2_0_3_R_M_N_N_1979_4_2017.bmp308278,Non-Alcohol,C:\PycharmProjects\Alcohol Detection\dataset\Grupo_2\E_2_0\LG\E_2_0_3\E_2_0_3_R_10\via_region_data.json
E_2_0_3_R_M_N_N_1979_5_2017.bmp308278,Non-Alcohol,C:\PycharmProjects\Alcohol Detection\dataset\Grupo_2\E_2_0\LG\E_2_0_3\E_2_0_3_R_10\via_region_data.json
E_2_0_3_R_M_N_N_1979_6_2017.bmp308278,Non-Alcohol,C:\PycharmProjects\Alcohol Detection\dataset\Grupo_2\E_2_0\LG\E_2_0_3\E_2_0_3_R_10\via_region_data.json
E_2_0_3_R_M_N_N_1979_7_2017.bmp308278,Non-Alcohol,C:\PycharmProjects\Alcohol Detection\dataset\Grupo_2\E_2_0\LG\E_2_0_3\E_2_0_3_R_10\via_region_data.json
E_2_0_3_R_M_N_N_1979_8_2017.bmp308278,Non-Alcohol,C:\PycharmProjects\Alcohol Detection\dataset\Grupo_2\E_2_0\LG\E_2_0_3\E_2_0_3_R_10\via_region_data.json
E_2_0_3_R_M_N_N_1979_9_2017.bmp308278,Non-Alcohol,C:\PycharmProjects\Alcohol Detection\dataset\Grupo_2\E_2_0\LG\E_2_0_3\E_2_0_3_R_10\via_region_data.json
E_2_1_0_L_M_N_N_1980_0_2017.bmp308278,Non-Alcohol,C:\PycharmProjects\Alcohol Detection\dataset\Grupo_2\E_2_1\Iritech\E_2_1_0\via_region_data.json
E_2_1_0_R_M_N_N_1980_0_2017.bmp308278,Non-Alcohol,C:\PycharmProjects\Alcohol Detection\dataset\Grupo_2\E_2_1\Iritech\E_2_1_0\via_region_data.json
E_2_1_0_L_M_N_N_1980_87_2017.bmp308278,Non-Alcohol,C:\PycharmProjects\Alcohol Detection\dataset\Grupo_2\E_2_1\Iritech\E_2_1_0\E_2_1_0_L_5\via_region_data.json
E_2_1_0_L_M_N_N_1980_88_2017.bmp308278,Non-Alcohol,C:\PycharmProjects\Alcohol Detection\dataset\Grupo_2\E_2_1\Iritech\E_2_1_0\E_2_1_0_L_5\via_region_data.json
E_2_1_0_L_M_N_N_1980_89_2017.bmp308278,Non-Alcohol,C:\PycharmProjects\Alcohol Detection\dataset\Grupo_2\E_2_1\Iritech\E_2_1_0\E_2_1_0_L_5\via_region_data.json
E_2_1_0_L_M_N_N_1980_90_2017.bmp308278,Non-Alcohol,C:\PycharmProjects\Alcohol Detection\dataset\Grupo_2\E_2_1\Iritech\E_2_1_0\E_2_1_0_L_5\via_region_data.json
E_2_1_0_L_M_N_N_1980_91_2017.bmp308278,Non-Alcohol,C:\PycharmProjects\Alcohol Detection\dataset\Grupo_2\E_2_1\Iritech\E_2_1_0\E_2_1_0_L_5\via_region_data.json
E_2_1_0_L_M_N_N_1980_92_2017.bmp308278,Non-Alcohol,C:\PycharmProjects\Alcohol Detection\dataset\Grupo_2\E_2_1\Iritech\E_2_1_0\E_2_1_0_L_5\via_region_data.json
E_2_1_0_L_M_N_N_1980_93_2017.bmp308278,Non-Alcohol,C:\PycharmProjects\Alcohol Detection\dataset\Grupo_2\E_2_1\Iritech\E_2_1_0\E_2_1_0_L_5\via_region_data.json
E_2_1_0_L_M_N_N_1980_94_2017.bmp308278,Non-Alcohol,C:\PycharmProjects\Alcohol Detection\dataset\Grupo_2\E_2_1\Iritech\E_2_1_0\E_2_1_0_L_5\via_region_data.json
E_2_1_0_L_M_N_N_1980_95_2017.bmp308278,Non-Alcohol,C:\PycharmProjects\Alcohol Detection\dataset\Grupo_2\E_2_1\Iritech\E_2_1_0\E_2_1_0_L_5\via_region_data.json
E_2_1_0_L_M_N_N_1980_96_2017.bmp308278,Non-Alcohol,C:\PycharmProjects\Alcohol Detection\dataset\Grupo_2\E_2_1\Iritech\E_2_1_0\E_2_1_0_L_5\via_region_data.json
E_2_1_0_L_M_N_N_1980_97_2017.bmp308278,Non-Alcohol,C:\PycharmProjects\Alcohol Detection\dataset\Grupo_2\E_2_1\Iritech\E_2_1_0\E_2_1_0_L_5\via_region_data.json
E_2_1_0_L_M_N_N_1980_98_2017.bmp308278,Non-Alcohol,C:\PycharmProjects\Alcohol Detection\dataset\Grupo_2\E_2_1\Iritech\E_2_1_0\E_2_1_0_L_5\via_region_data.json
E_2_1_0_L_M_N_N_1980_99_2017.bmp308278,Non-Alcohol,C:\PycharmProjects\Alcohol Detection\dataset\Grupo_2\E_2_1\Iritech\E_2_1_0\E_2_1_0_L_5\via_region_data.json
E_2_1_0_L_M_N_N_1980_100_2017.bmp308278,Non-Alcohol,C:\PycharmProjects\Alcohol Detection\dataset\Grupo_2\E_2_1\Iritech\E_2_1_0\E_2_1_0_L_5\via_region_data.json
E_2_1_0_L_M_N_N_1980_101_2017.bmp308278,Non-Alcohol,C:\PycharmProjects\Alcohol Detection\dataset\Grupo_2\E_2_1\Iritech\E_2_1_0\E_2_1_0_L_5\via_region_data.json
E_2_1_0_L_M_N_N_1980_102_2017.bmp308278,Non-Alcohol,C:\PycharmProjects\Alcohol Detection\dataset\Grupo_2\E_2_1\Iritech\E_2_1_0\E_2_1_0_L_5\via_region_data.json
E_2_1_0_L_M_N_N_1980_103_2017.bmp308278,Non-Alcohol,C:\PycharmProjects\Alcohol Detection\dataset\Grupo_2\E_2_1\Iritech\E_2_1_0\E_2_1_0_L_5\via_region_data.json
E_2_1_0_L_M_N_N_1980_104_2017.bmp308278,Non-Alcohol,C:\PycharmProjects\Alcohol Detection\dataset\Grupo_2\E_2_1\Iritech\E_2_1_0\E_2_1_0_L_5\via_region_data.json
E_2_1_0_L_M_N_N_1980_105_2017.bmp308278,Non-Alcohol,C:\PycharmProjects\Alcohol Detection\dataset\Grupo_2\E_2_1\Iritech\E_2_1_0\E_2_1_0_L_5\via_region_data.json
E_2_1_0_L_M_N_N_1980_106_2017.bmp308278,Non-Alcohol,C:\PycharmProjects\Alcohol Detection\dataset\Grupo_2\E_2_1\Iritech\E_2_1_0\E_2_1_0_L_5\via_region_data.json
E_2_1_0_L_M_N_N_1980_107_2017.bmp308278,Non-Alcohol,C:\PycharmProjects\Alcohol Detection\dataset\Grupo_2\E_2_1\Iritech\E_2_1_0\E_2_1_0_L_5\via_region_data.json
E_2_1_0_L_M_N_N_1980_108_2017.bmp308278,Non-Alcohol,C:\PycharmProjects\Alcohol Detection\dataset\Grupo_2\E_2_1\Iritech\E_2_1_0\E_2_1_0_L_5\via_region_data.json
E_2_1_0_L_M_N_N_1980_109_2017.bmp308278,Non-Alcohol,C:\PycharmProjects\Alcohol Detection\dataset\Grupo_2\E_2_1\Iritech\E_2_1_0\E_2_1_0_L_5\via_region_data.json
E_2_1_0_L_M_N_N_1980_110_2017.bmp308278,Non-Alcohol,C:\PycharmProjects\Alcohol Detection\dataset\Grupo_2\E_2_1\Iritech\E_2_1_0\E_2_1_0_L_5\via_region_data.json
E_2_1_0_L_M_N_N_1980_111_2017.bmp308278,Non-Alcohol,C:\PycharmProjects\Alcohol Detection\dataset\Grupo_2\E_2_1\Iritech\E_2_1_0\E_2_1_0_L_5\via_region_data.json
E_2_1_0_L_M_N_N_1980_112_2017.bmp308278,Non-Alcohol,C:\PycharmProjects\Alcohol Detection\dataset\Grupo_2\E_2_1\Iritech\E_2_1_0\E_2_1_0_L_5\via_region_data.json
E_2_1_0_L_M_N_N_1980_113_2017.bmp308278,Non-Alcohol,C:\PycharmProjects\Alcohol Detection\dataset\Grupo_2\E_2_1\Iritech\E_2_1_0\E_2_1_0_L_5\via_region_data.json
E_2_1_0_L_M_N_N_1980_114_2017.bmp308278,Non-Alcohol,C:\PycharmProjects\Alcohol Detection\dataset\Grupo_2\E_2_1\Iritech\E_2_1_0\E_2_1_0_L_5\via_region_data.json
E_2_1_0_L_M_N_N_1980_115_2017.bmp308278,Non-Alcohol,C:\PycharmProjects\Alcohol Detection\dataset\Grupo_2\E_2_1\Iritech\E_2_1_0\E_2_1_0_L_5\via_region_data.json
E_2_1_0_L_M_N_N_1980_116_2017.bmp308278,Non-Alcohol,C:\PycharmProjects\Alcohol Detection\dataset\Grupo_2\E_2_1\Iritech\E_2_1_0\E_2_1_0_L_5\via_region_data.json
E_2_1_0_L_M_N_N_1980_117_2017.bmp308278,Non-Alcohol,C:\PycharmProjects\Alcohol Detection\dataset\Grupo_2\E_2_1\Iritech\E_2_1_0\E_2_1_0_L_5\via_region_data.json
E_2_1_0_L_M_N_N_1980_118_2017.bmp308278,Non-Alcohol,C:\PycharmProjects\Alcohol Detection\dataset\Grupo_2\E_2_1\Iritech\E_2_1_0\E_2_1_0_L_5\via_region_data.json
E_2_1_0_L_M_N_N_1980_119_2017.bmp308278,Non-Alcohol,C:\PycharmProjects\Alcohol Detection\dataset\Grupo_2\E_2_1\Iritech\E_2_1_0\E_2_1_0_L_5\via_region_data.json
E_2_1_0_L_M_N_N_1980_120_2017.bmp308278,Non-Alcohol,C:\PycharmProjects\Alcohol Detection\dataset\Grupo_2\E_2_1\Iritech\E_2_1_0\E_2_1_0_L_5\via_region_data.json
E_2_1_0_L_M_N_N_1980_121_2017.bmp308278,Non-Alcohol,C:\PycharmProjects\Alcohol Detection\dataset\Grupo_2\E_2_1\Iritech\E_2_1_0\E_2_1_0_L_5\via_region_data.json
E_2_1_0_L_M_N_N_1980_122_2017.bmp308278,Non-Alcohol,C:\PycharmProjects\Alcohol Detection\dataset\Grupo_2\E_2_1\Iritech\E_2_1_0\E_2_1_0_L_5\via_region_data.json
E_2_1_0_L_M_N_N_1980_123_2017.bmp308278,Non-Alcohol,C:\PycharmProjects\Alcohol Detection\dataset\Grupo_2\E_2_1\Iritech\E_2_1_0\E_2_1_0_L_5\via_region_data.json
E_2_1_0_L_M_N_N_1980_124_2017.bmp308278,Non-Alcohol,C:\PycharmProjects\Alcohol Detection\dataset\Grupo_2\E_2_1\Iritech\E_2_1_0\E_2_1_0_L_5\via_region_data.json
E_2_1_0_L_M_N_N_1980_125_2017.bmp308278,Non-Alcohol,C:\PycharmProjects\Alcohol Detection\dataset\Grupo_2\E_2_1\Iritech\E_2_1_0\E_2_1_0_L_5\via_region_data.json
E_2_1_0_L_M_N_N_1980_126_2017.bmp308278,Non-Alcohol,C:\PycharmProjects\Alcohol Detection\dataset\Grupo_2\E_2_1\Iritech\E_2_1_0\E_2_1_0_L_5\via_region_data.json
E_2_1_0_L_M_N_N_1980_127_2017.bmp308278,Non-Alcohol,C:\PycharmProjects\Alcohol Detection\dataset\Grupo_2\E_2_1\Iritech\E_2_1_0\E_2_1_0_L_5\via_region_data.json
E_2_1_0_L_M_N_N_1980_128_2017.bmp308278,Non-Alcohol,C:\PycharmProjects\Alcohol Detection\dataset\Grupo_2\E_2_1\Iritech\E_2_1_0\E_2_1_0_L_5\via_region_data.json
E_2_1_0_L_M_N_N_1980_129_2017.bmp308278,Non-Alcohol,C:\PycharmProjects\Alcohol Detection\dataset\Grupo_2\E_2_1\Iritech\E_2_1_0\E_2_1_0_L_5\via_region_data.json
E_2_1_0_L_M_N_N_1980_130_2017.bmp308278,Non-Alcohol,C:\PycharmProjects\Alcohol Detection\dataset\Grupo_2\E_2_1\Iritech\E_2_1_0\E_2_1_0_L_5\via_region_data.json
E_2_1_0_L_M_N_N_1980_131_2017.bmp308278,Non-Alcohol,C:\PycharmProjects\Alcohol Detection\dataset\Grupo_2\E_2_1\Iritech\E_2_1_0\E_2_1_0_L_5\via_region_data.json
E_2_1_0_L_M_N_N_1980_132_2017.bmp308278,Non-Alcohol,C:\PycharmProjects\Alcohol Detection\dataset\Grupo_2\E_2_1\Iritech\E_2_1_0\E_2_1_0_L_5\via_region_data.json
E_2_1_0_L_M_N_N_1980_133_2017.bmp308278,Non-Alcohol,C:\PycharmProjects\Alcohol Detection\dataset\Grupo_2\E_2_1\Iritech\E_2_1_0\E_2_1_0_L_5\via_region_data.json
E_2_1_0_L_M_N_N_1980_134_2017.bmp308278,Non-Alcohol,C:\PycharmProjects\Alcohol Detection\dataset\Grupo_2\E_2_1\Iritech\E_2_1_0\E_2_1_0_L_5\via_region_data.json
E_2_1_0_L_M_N_N_1980_135_2017.bmp308278,Non-Alcohol,C:\PycharmProjects\Alcohol Detection\dataset\Grupo_2\E_2_1\Iritech\E_2_1_0\E_2_1_0_L_5\via_region_data.json
E_2_1_0_L_M_N_N_1980_136_2017.bmp308278,Non-Alcohol,C:\PycharmProjects\Alcohol Detection\dataset\Grupo_2\E_2_1\Iritech\E_2_1_0\E_2_1_0_L_5\via_region_data.json
E_2_1_0_L_M_N_N_1980_137_2017.bmp308278,Non-Alcohol,C:\PycharmProjects\Alcohol Detection\dataset\Grupo_2\E_2_1\Iritech\E_2_1_0\E_2_1_0_L_5\via_region_data.json
E_2_1_0_L_M_N_N_1980_138_2017.bmp308278,Non-Alcohol,C:\PycharmProjects\Alcohol Detection\dataset\Grupo_2\E_2_1\Iritech\E_2_1_0\E_2_1_0_L_5\via_region_data.json
E_2_1_0_L_M_N_N_1980_139_2017.bmp308278,Non-Alcohol,C:\PycharmProjects\Alcohol Detection\dataset\Grupo_2\E_2_1\Iritech\E_2_1_0\E_2_1_0_L_5\via_region_data.json
E_2_1_0_L_M_N_N_1980_140_2017.bmp308278,Non-Alcohol,C:\PycharmProjects\Alcohol Detection\dataset\Grupo_2\E_2_1\Iritech\E_2_1_0\E_2_1_0_L_5\via_region_data.json
E_2_1_0_L_M_N_N_1980_141_2017.bmp308278,Non-Alcohol,C:\PycharmProjects\Alcohol Detection\dataset\Grupo_2\E_2_1\Iritech\E_2_1_0\E_2_1_0_L_5\via_region_data.json
E_2_1_0_L_M_N_N_1980_142_2017.bmp308278,Non-Alcohol,C:\PycharmProjects\Alcohol Detection\dataset\Grupo_2\E_2_1\Iritech\E_2_1_0\E_2_1_0_L_5\via_region_data.json
E_2_1_0_L_M_N_N_1980_143_2017.bmp308278,Non-Alcohol,C:\PycharmProjects\Alcohol Detection\dataset\Grupo_2\E_2_1\Iritech\E_2_1_0\E_2_1_0_L_5\via_region_data.json
E_2_1_0_L_M_N_N_1980_144_2017.bmp308278,Non-Alcohol,C:\PycharmProjects\Alcohol Detection\dataset\Grupo_2\E_2_1\Iritech\E_2_1_0\E_2_1_0_L_5\via_region_data.json
E_2_1_0_L_M_N_N_1980_145_2017.bmp308278,Non-Alcohol,C:\PycharmProjects\Alcohol Detection\dataset\Grupo_2\E_2_1\Iritech\E_2_1_0\E_2_1_0_L_5\via_region_data.json
E_2_1_0_L_M_N_N_1980_146_2017.bmp308278,Non-Alcohol,C:\PycharmProjects\Alcohol Detection\dataset\Grupo_2\E_2_1\Iritech\E_2_1_0\E_2_1_0_L_5\via_region_data.json
E_2_1_0_L_M_N_N_1980_147_2017.bmp308278,Non-Alcohol,C:\PycharmProjects\Alcohol Detection\dataset\Grupo_2\E_2_1\Iritech\E_2_1_0\E_2_1_0_L_5\via_region_data.json
E_2_1_0_L_M_N_N_1980_148_2017.bmp308278,Non-Alcohol,C:\PycharmProjects\Alcohol Detection\dataset\Grupo_2\E_2_1\Iritech\E_2_1_0\E_2_1_0_L_5\via_region_data.json
E_2_1_0_L_M_N_N_1980_149_2017.bmp308278,Non-Alcohol,C:\PycharmProjects\Alcohol Detection\dataset\Grupo_2\E_2_1\Iritech\E_2_1_0\E_2_1_0_L_5\via_region_data.json
E_2_1_0_L_M_N_N_1980_150_2017.bmp308278,Non-Alcohol,C:\PycharmProjects\Alcohol Detection\dataset\Grupo_2\E_2_1\Iritech\E_2_1_0\E_2_1_0_L_5\via_region_data.json
E_2_1_0_L_M_N_N_1980_151_2017.bmp308278,Non-Alcohol,C:\PycharmProjects\Alcohol Detection\dataset\Grupo_2\E_2_1\Iritech\E_2_1_0\E_2_1_0_L_5\via_region_data.json
E_2_1_0_L_M_N_N_1980_152_2017.bmp308278,Non-Alcohol,C:\PycharmProjects\Alcohol Detection\dataset\Grupo_2\E_2_1\Iritech\E_2_1_0\E_2_1_0_L_5\via_region_data.json
E_2_1_0_L_M_N_N_1980_153_2017.bmp308278,Non-Alcohol,C:\PycharmProjects\Alcohol Detection\dataset\Grupo_2\E_2_1\Iritech\E_2_1_0\E_2_1_0_L_5\via_region_data.json
E_2_1_0_L_M_N_N_1980_154_2017.bmp308278,Non-Alcohol,C:\PycharmProjects\Alcohol Detection\dataset\Grupo_2\E_2_1\Iritech\E_2_1_0\E_2_1_0_L_5\via_region_data.json
E_2_1_0_L_M_N_N_1980_155_2017.bmp308278,Non-Alcohol,C:\PycharmProjects\Alcohol Detection\dataset\Grupo_2\E_2_1\Iritech\E_2_1_0\E_2_1_0_L_5\via_region_data.json
E_2_1_0_L_M_N_N_1980_156_2017.bmp308278,Non-Alcohol,C:\PycharmProjects\Alcohol Detection\dataset\Grupo_2\E_2_1\Iritech\E_2_1_0\E_2_1_0_L_5\via_region_data.json
E_2_1_0_L_M_N_N_1980_157_2017.bmp308278,Non-Alcohol,C:\PycharmProjects\Alcohol Detection\dataset\Grupo_2\E_2_1\Iritech\E_2_1_0\E_2_1_0_L_5\via_region_data.json
E_2_1_0_L_M_N_N_1980_158_2017.bmp308278,Non-Alcohol,C:\PycharmProjects\Alcohol Detection\dataset\Grupo_2\E_2_1\Iritech\E_2_1_0\E_2_1_0_L_5\via_region_data.json
E_2_1_0_L_M_N_N_1980_159_2017.bmp308278,Non-Alcohol,C:\PycharmProjects\Alcohol Detection\dataset\Grupo_2\E_2_1\Iritech\E_2_1_0\E_2_1_0_L_5\via_region_data.json
E_2_1_0_L_M_N_N_1980_160_2017.bmp308278,Non-Alcohol,C:\PycharmProjects\Alcohol Detection\dataset\Grupo_2\E_2_1\Iritech\E_2_1_0\E_2_1_0_L_5\via_region_data.json
E_2_1_0_L_M_N_N_1980_161_2017.bmp308278,Non-Alcohol,C:\PycharmProjects\Alcohol Detection\dataset\Grupo_2\E_2_1\Iritech\E_2_1_0\E_2_1_0_L_5\via_region_data.json
E_2_1_0_L_M_N_N_1980_162_2017.bmp308278,Non-Alcohol,C:\PycharmProjects\Alcohol Detection\dataset\Grupo_2\E_2_1\Iritech\E_2_1_0\E_2_1_0_L_5\via_region_data.json
E_2_1_0_L_M_N_N_1980_163_2017.bmp308278,Non-Alcohol,C:\PycharmProjects\Alcohol Detection\dataset\Grupo_2\E_2_1\Iritech\E_2_1_0\E_2_1_0_L_5\via_region_data.json
E_2_1_0_L_M_N_N_1980_164_2017.bmp308278,Non-Alcohol,C:\PycharmProjects\Alcohol Detection\dataset\Grupo_2\E_2_1\Iritech\E_2_1_0\E_2_1_0_L_5\via_region_data.json
E_2_1_0_R_M_N_N_1980_0_2017.bmp308278,Non-Alcohol,C:\PycharmProjects\Alcohol Detection\dataset\Grupo_2\E_2_1\Iritech\E_2_1_0\E_2_1_0_R_5\via_region_data.json
E_2_1_0_R_M_N_N_1980_1_2017.bmp308278,Non-Alcohol,C:\PycharmProjects\Alcohol Detection\dataset\Grupo_2\E_2_1\Iritech\E_2_1_0\E_2_1_0_R_5\via_region_data.json
E_2_1_0_R_M_N_N_1980_2_2017.bmp308278,Non-Alcohol,C:\PycharmProjects\Alcohol Detection\dataset\Grupo_2\E_2_1\Iritech\E_2_1_0\E_2_1_0_R_5\via_region_data.json
E_2_1_0_R_M_N_N_1980_3_2017.bmp308278,Non-Alcohol,C:\PycharmProjects\Alcohol Detection\dataset\Grupo_2\E_2_1\Iritech\E_2_1_0\E_2_1_0_R_5\via_region_data.json
E_2_1_0_R_M_N_N_1980_4_2017.bmp308278,Non-Alcohol,C:\PycharmProjects\Alcohol Detection\dataset\Grupo_2\E_2_1\Iritech\E_2_1_0\E_2_1_0_R_5\via_region_data.json
E_2_1_0_R_M_N_N_1980_5_2017.bmp308278,Non-Alcohol,C:\PycharmProjects\Alcohol Detection\dataset\Grupo_2\E_2_1\Iritech\E_2_1_0\E_2_1_0_R_5\via_region_data.json
E_2_1_0_R_M_N_N_1980_6_2017.bmp308278,Non-Alcohol,C:\PycharmProjects\Alcohol Detection\dataset\Grupo_2\E_2_1\Iritech\E_2_1_0\E_2_1_0_R_5\via_region_data.json
E_2_1_0_R_M_N_N_1980_7_2017.bmp308278,Non-Alcohol,C:\PycharmProjects\Alcohol Detection\dataset\Grupo_2\E_2_1\Iritech\E_2_1_0\E_2_1_0_R_5\via_region_data.json
E_2_1_0_R_M_N_N_1980_8_2017.bmp308278,Non-Alcohol,C:\PycharmProjects\Alcohol Detection\dataset\Grupo_2\E_2_1\Iritech\E_2_1_0\E_2_1_0_R_5\via_region_data.json
E_2_1_0_R_M_N_N_1980_9_2017.bmp308278,Non-Alcohol,C:\PycharmProjects\Alcohol Detection\dataset\Grupo_2\E_2_1\Iritech\E_2_1_0\E_2_1_0_R_5\via_region_data.json
E_2_1_0_R_M_N_N_1980_10_2017.bmp308278,Non-Alcohol,C:\PycharmProjects\Alcohol Detection\dataset\Grupo_2\E_2_1\Iritech\E_2_1_0\E_2_1_0_R_5\via_region_data.json
E_2_1_0_R_M_N_N_1980_11_2017.bmp308278,Non-Alcohol,C:\PycharmProjects\Alcohol Detection\dataset\Grupo_2\E_2_1\Iritech\E_2_1_0\E_2_1_0_R_5\via_region_data.json
E_2_1_0_R_M_N_N_1980_12_2017.bmp308278,Non-Alcohol,C:\PycharmProjects\Alcohol Detection\dataset\Grupo_2\E_2_1\Iritech\E_2_1_0\E_2_1_0_R_5\via_region_data.json
E_2_1_0_R_M_N_N_1980_13_2017.bmp308278,Non-Alcohol,C:\PycharmProjects\Alcohol Detection\dataset\Grupo_2\E_2_1\Iritech\E_2_1_0\E_2_1_0_R_5\via_region_data.json
E_2_1_0_R_M_N_N_1980_14_2017.bmp308278,Non-Alcohol,C:\PycharmProjects\Alcohol Detection\dataset\Grupo_2\E_2_1\Iritech\E_2_1_0\E_2_1_0_R_5\via_region_data.json
E_2_1_0_R_M_N_N_1980_15_2017.bmp308278,Non-Alcohol,C:\PycharmProjects\Alcohol Detection\dataset\Grupo_2\E_2_1\Iritech\E_2_1_0\E_2_1_0_R_5\via_region_data.json
E_2_1_0_R_M_N_N_1980_16_2017.bmp308278,Non-Alcohol,C:\PycharmProjects\Alcohol Detection\dataset\Grupo_2\E_2_1\Iritech\E_2_1_0\E_2_1_0_R_5\via_region_data.json
E_2_1_0_R_M_N_N_1980_17_2017.bmp308278,Non-Alcohol,C:\PycharmProjects\Alcohol Detection\dataset\Grupo_2\E_2_1\Iritech\E_2_1_0\E_2_1_0_R_5\via_region_data.json
E_2_1_0_R_M_N_N_1980_18_2017.bmp308278,Non-Alcohol,C:\PycharmProjects\Alcohol Detection\dataset\Grupo_2\E_2_1\Iritech\E_2_1_0\E_2_1_0_R_5\via_region_data.json
E_2_1_0_R_M_N_N_1980_19_2017.bmp308278,Non-Alcohol,C:\PycharmProjects\Alcohol Detection\dataset\Grupo_2\E_2_1\Iritech\E_2_1_0\E_2_1_0_R_5\via_region_data.json
E_2_1_0_R_M_N_N_1980_20_2017.bmp308278,Non-Alcohol,C:\PycharmProjects\Alcohol Detection\dataset\Grupo_2\E_2_1\Iritech\E_2_1_0\E_2_1_0_R_5\via_region_data.json
E_2_1_0_R_M_N_N_1980_21_2017.bmp308278,Non-Alcohol,C:\PycharmProjects\Alcohol Detection\dataset\Grupo_2\E_2_1\Iritech\E_2_1_0\E_2_1_0_R_5\via_region_data.json
E_2_1_0_R_M_N_N_1980_22_2017.bmp308278,Non-Alcohol,C:\PycharmProjects\Alcohol Detection\dataset\Grupo_2\E_2_1\Iritech\E_2_1_0\E_2_1_0_R_5\via_region_data.json
E_2_1_0_R_M_N_N_1980_23_2017.bmp308278,Non-Alcohol,C:\PycharmProjects\Alcohol Detection\dataset\Grupo_2\E_2_1\Iritech\E_2_1_0\E_2_1_0_R_5\via_region_data.json
E_2_1_0_R_M_N_N_1980_24_2017.bmp308278,Non-Alcohol,C:\PycharmProjects\Alcohol Detection\dataset\Grupo_2\E_2_1\Iritech\E_2_1_0\E_2_1_0_R_5\via_region_data.json
E_2_1_0_R_M_N_N_1980_25_2017.bmp308278,Non-Alcohol,C:\PycharmProjects\Alcohol Detection\dataset\Grupo_2\E_2_1\Iritech\E_2_1_0\E_2_1_0_R_5\via_region_data.json
E_2_1_0_R_M_N_N_1980_26_2017.bmp308278,Non-Alcohol,C:\PycharmProjects\Alcohol Detection\dataset\Grupo_2\E_2_1\Iritech\E_2_1_0\E_2_1_0_R_5\via_region_data.json
E_2_1_0_R_M_N_N_1980_27_2017.bmp308278,Non-Alcohol,C:\PycharmProjects\Alcohol Detection\dataset\Grupo_2\E_2_1\Iritech\E_2_1_0\E_2_1_0_R_5\via_region_data.json
E_2_1_0_R_M_N_N_1980_28_2017.bmp308278,Non-Alcohol,C:\PycharmProjects\Alcohol Detection\dataset\Grupo_2\E_2_1\Iritech\E_2_1_0\E_2_1_0_R_5\via_region_data.json
E_2_1_0_R_M_N_N_1980_29_2017.bmp308278,Non-Alcohol,C:\PycharmProjects\Alcohol Detection\dataset\Grupo_2\E_2_1\Iritech\E_2_1_0\E_2_1_0_R_5\via_region_data.json
E_2_1_0_R_M_N_N_1980_30_2017.bmp308278,Non-Alcohol,C:\PycharmProjects\Alcohol Detection\dataset\Grupo_2\E_2_1\Iritech\E_2_1_0\E_2_1_0_R_5\via_region_data.json
E_2_1_0_R_M_N_N_1980_31_2017.bmp308278,Non-Alcohol,C:\PycharmProjects\Alcohol Detection\dataset\Grupo_2\E_2_1\Iritech\E_2_1_0\E_2_1_0_R_5\via_region_data.json
E_2_1_0_R_M_N_N_1980_32_2017.bmp308278,Non-Alcohol,C:\PycharmProjects\Alcohol Detection\dataset\Grupo_2\E_2_1\Iritech\E_2_1_0\E_2_1_0_R_5\via_region_data.json
E_2_1_0_R_M_N_N_1980_33_2017.bmp308278,Non-Alcohol,C:\PycharmProjects\Alcohol Detection\dataset\Grupo_2\E_2_1\Iritech\E_2_1_0\E_2_1_0_R_5\via_region_data.json
E_2_1_0_R_M_N_N_1980_34_2017.bmp308278,Non-Alcohol,C:\PycharmProjects\Alcohol Detection\dataset\Grupo_2\E_2_1\Iritech\E_2_1_0\E_2_1_0_R_5\via_region_data.json
E_2_1_0_R_M_N_N_1980_35_2017.bmp308278,Non-Alcohol,C:\PycharmProjects\Alcohol Detection\dataset\Grupo_2\E_2_1\Iritech\E_2_1_0\E_2_1_0_R_5\via_region_data.json
E_2_1_0_R_M_N_N_1980_36_2017.bmp308278,Non-Alcohol,C:\PycharmProjects\Alcohol Detection\dataset\Grupo_2\E_2_1\Iritech\E_2_1_0\E_2_1_0_R_5\via_region_data.json
E_2_1_0_R_M_N_N_1980_37_2017.bmp308278,Non-Alcohol,C:\PycharmProjects\Alcohol Detection\dataset\Grupo_2\E_2_1\Iritech\E_2_1_0\E_2_1_0_R_5\via_region_data.json
E_2_1_0_R_M_N_N_1980_38_2017.bmp308278,Non-Alcohol,C:\PycharmProjects\Alcohol Detection\dataset\Grupo_2\E_2_1\Iritech\E_2_1_0\E_2_1_0_R_5\via_region_data.json
E_2_1_0_R_M_N_N_1980_39_2017.bmp308278,Non-Alcohol,C:\PycharmProjects\Alcohol Detection\dataset\Grupo_2\E_2_1\Iritech\E_2_1_0\E_2_1_0_R_5\via_region_data.json
E_2_1_0_R_M_N_N_1980_40_2017.bmp308278,Non-Alcohol,C:\PycharmProjects\Alcohol Detection\dataset\Grupo_2\E_2_1\Iritech\E_2_1_0\E_2_1_0_R_5\via_region_data.json
E_2_1_0_R_M_N_N_1980_41_2017.bmp308278,Non-Alcohol,C:\PycharmProjects\Alcohol Detection\dataset\Grupo_2\E_2_1\Iritech\E_2_1_0\E_2_1_0_R_5\via_region_data.json
E_2_1_0_R_M_N_N_1980_42_2017.bmp308278,Non-Alcohol,C:\PycharmProjects\Alcohol Detection\dataset\Grupo_2\E_2_1\Iritech\E_2_1_0\E_2_1_0_R_5\via_region_data.json
E_2_1_0_R_M_N_N_1980_43_2017.bmp308278,Non-Alcohol,C:\PycharmProjects\Alcohol Detection\dataset\Grupo_2\E_2_1\Iritech\E_2_1_0\E_2_1_0_R_5\via_region_data.json
E_2_1_0_R_M_N_N_1980_44_2017.bmp308278,Non-Alcohol,C:\PycharmProjects\Alcohol Detection\dataset\Grupo_2\E_2_1\Iritech\E_2_1_0\E_2_1_0_R_5\via_region_data.json
E_2_1_0_R_M_N_N_1980_45_2017.bmp308278,Non-Alcohol,C:\PycharmProjects\Alcohol Detection\dataset\Grupo_2\E_2_1\Iritech\E_2_1_0\E_2_1_0_R_5\via_region_data.json
E_2_1_0_R_M_N_N_1980_46_2017.bmp308278,Non-Alcohol,C:\PycharmProjects\Alcohol Detection\dataset\Grupo_2\E_2_1\Iritech\E_2_1_0\E_2_1_0_R_5\via_region_data.json
E_2_1_0_R_M_N_N_1980_47_2017.bmp308278,Non-Alcohol,C:\PycharmProjects\Alcohol Detection\dataset\Grupo_2\E_2_1\Iritech\E_2_1_0\E_2_1_0_R_5\via_region_data.json
E_2_1_0_R_M_N_N_1980_48_2017.bmp308278,Non-Alcohol,C:\PycharmProjects\Alcohol Detection\dataset\Grupo_2\E_2_1\Iritech\E_2_1_0\E_2_1_0_R_5\via_region_data.json
E_2_1_0_R_M_N_N_1980_49_2017.bmp308278,Non-Alcohol,C:\PycharmProjects\Alcohol Detection\dataset\Grupo_2\E_2_1\Iritech\E_2_1_0\E_2_1_0_R_5\via_region_data.json
E_2_1_0_R_M_N_N_1980_50_2017.bmp308278,Non-Alcohol,C:\PycharmProjects\Alcohol Detection\dataset\Grupo_2\E_2_1\Iritech\E_2_1_0\E_2_1_0_R_5\via_region_data.json
E_2_1_0_R_M_N_N_1980_51_2017.bmp308278,Non-Alcohol,C:\PycharmProjects\Alcohol Detection\dataset\Grupo_2\E_2_1\Iritech\E_2_1_0\E_2_1_0_R_5\via_region_data.json
E_2_1_0_R_M_N_N_1980_52_2017.bmp308278,Non-Alcohol,C:\PycharmProjects\Alcohol Detection\dataset\Grupo_2\E_2_1\Iritech\E_2_1_0\E_2_1_0_R_5\via_region_data.json
E_2_1_0_R_M_N_N_1980_53_2017.bmp308278,Non-Alcohol,C:\PycharmProjects\Alcohol Detection\dataset\Grupo_2\E_2_1\Iritech\E_2_1_0\E_2_1_0_R_5\via_region_data.json
E_2_1_0_R_M_N_N_1980_54_2017.bmp308278,Non-Alcohol,C:\PycharmProjects\Alcohol Detection\dataset\Grupo_2\E_2_1\Iritech\E_2_1_0\E_2_1_0_R_5\via_region_data.json
E_2_1_0_R_M_N_N_1980_55_2017.bmp308278,Non-Alcohol,C:\PycharmProjects\Alcohol Detection\dataset\Grupo_2\E_2_1\Iritech\E_2_1_0\E_2_1_0_R_5\via_region_data.json
E_2_1_0_R_M_N_N_1980_56_2017.bmp308278,Non-Alcohol,C:\PycharmProjects\Alcohol Detection\dataset\Grupo_2\E_2_1\Iritech\E_2_1_0\E_2_1_0_R_5\via_region_data.json
E_2_1_0_R_M_N_N_1980_57_2017.bmp308278,Non-Alcohol,C:\PycharmProjects\Alcohol Detection\dataset\Grupo_2\E_2_1\Iritech\E_2_1_0\E_2_1_0_R_5\via_region_data.json
E_2_1_0_R_M_N_N_1980_58_2017.bmp308278,Non-Alcohol,C:\PycharmProjects\Alcohol Detection\dataset\Grupo_2\E_2_1\Iritech\E_2_1_0\E_2_1_0_R_5\via_region_data.json
E_2_1_0_R_M_N_N_1980_59_2017.bmp308278,Non-Alcohol,C:\PycharmProjects\Alcohol Detection\dataset\Grupo_2\E_2_1\Iritech\E_2_1_0\E_2_1_0_R_5\via_region_data.json
E_2_1_0_R_M_N_N_1980_60_2017.bmp308278,Non-Alcohol,C:\PycharmProjects\Alcohol Detection\dataset\Grupo_2\E_2_1\Iritech\E_2_1_0\E_2_1_0_R_5\via_region_data.json
E_2_1_0_R_M_N_N_1980_61_2017.bmp308278,Non-Alcohol,C:\PycharmProjects\Alcohol Detection\dataset\Grupo_2\E_2_1\Iritech\E_2_1_0\E_2_1_0_R_5\via_region_data.json
E_2_1_0_R_M_N_N_1980_62_2017.bmp308278,Non-Alcohol,C:\PycharmProjects\Alcohol Detection\dataset\Grupo_2\E_2_1\Iritech\E_2_1_0\E_2_1_0_R_5\via_region_data.json
E_2_1_0_R_M_N_N_1980_63_2017.bmp308278,Non-Alcohol,C:\PycharmProjects\Alcohol Detection\dataset\Grupo_2\E_2_1\Iritech\E_2_1_0\E_2_1_0_R_5\via_region_data.json
E_2_1_0_R_M_N_N_1980_64_2017.bmp308278,Non-Alcohol,C:\PycharmProjects\Alcohol Detection\dataset\Grupo_2\E_2_1\Iritech\E_2_1_0\E_2_1_0_R_5\via_region_data.json
E_2_1_0_R_M_N_N_1980_65_2017.bmp308278,Non-Alcohol,C:\PycharmProjects\Alcohol Detection\dataset\Grupo_2\E_2_1\Iritech\E_2_1_0\E_2_1_0_R_5\via_region_data.json
E_2_1_0_R_M_N_N_1980_66_2017.bmp308278,Non-Alcohol,C:\PycharmProjects\Alcohol Detection\dataset\Grupo_2\E_2_1\Iritech\E_2_1_0\E_2_1_0_R_5\via_region_data.json
E_2_1_0_R_M_N_N_1980_67_2017.bmp308278,Non-Alcohol,C:\PycharmProjects\Alcohol Detection\dataset\Grupo_2\E_2_1\Iritech\E_2_1_0\E_2_1_0_R_5\via_region_data.json
E_2_1_0_R_M_N_N_1980_68_2017.bmp308278,Non-Alcohol,C:\PycharmProjects\Alcohol Detection\dataset\Grupo_2\E_2_1\Iritech\E_2_1_0\E_2_1_0_R_5\via_region_data.json
E_2_1_0_R_M_N_N_1980_69_2017.bmp308278,Non-Alcohol,C:\PycharmProjects\Alcohol Detection\dataset\Grupo_2\E_2_1\Iritech\E_2_1_0\E_2_1_0_R_5\via_region_data.json
E_2_1_0_R_M_N_N_1980_70_2017.bmp308278,Non-Alcohol,C:\PycharmProjects\Alcohol Detection\dataset\Grupo_2\E_2_1\Iritech\E_2_1_0\E_2_1_0_R_5\via_region_data.json
E_2_1_0_R_M_N_N_1980_71_2017.bmp308278,Non-Alcohol,C:\PycharmProjects\Alcohol Detection\dataset\Grupo_2\E_2_1\Iritech\E_2_1_0\E_2_1_0_R_5\via_region_data.json
E_2_1_0_R_M_N_N_1980_72_2017.bmp308278,Non-Alcohol,C:\PycharmProjects\Alcohol Detection\dataset\Grupo_2\E_2_1\Iritech\E_2_1_0\E_2_1_0_R_5\via_region_data.json
E_2_1_0_R_M_N_N_1980_73_2017.bmp308278,Non-Alcohol,C:\PycharmProjects\Alcohol Detection\dataset\Grupo_2\E_2_1\Iritech\E_2_1_0\E_2_1_0_R_5\via_region_data.json
E_2_1_0_R_M_N_N_1980_74_2017.bmp308278,Non-Alcohol,C:\PycharmProjects\Alcohol Detection\dataset\Grupo_2\E_2_1\Iritech\E_2_1_0\E_2_1_0_R_5\via_region_data.json
E_2_1_0_R_M_N_N_1980_75_2017.bmp308278,Non-Alcohol,C:\PycharmProjects\Alcohol Detection\dataset\Grupo_2\E_2_1\Iritech\E_2_1_0\E_2_1_0_R_5\via_region_data.json
E_2_1_0_R_M_N_N_1980_76_2017.bmp308278,Non-Alcohol,C:\PycharmProjects\Alcohol Detection\dataset\Grupo_2\E_2_1\Iritech\E_2_1_0\E_2_1_0_R_5\via_region_data.json
E_2_1_0_R_M_N_N_1980_77_2017.bmp308278,Non-Alcohol,C:\PycharmProjects\Alcohol Detection\dataset\Grupo_2\E_2_1\Iritech\E_2_1_0\E_2_1_0_R_5\via_region_data.json
E_2_1_0_R_M_N_N_1980_78_2017.bmp308278,Non-Alcohol,C:\PycharmProjects\Alcohol Detection\dataset\Grupo_2\E_2_1\Iritech\E_2_1_0\E_2_1_0_R_5\via_region_data.json
E_2_1_0_R_M_N_N_1980_79_2017.bmp308278,Non-Alcohol,C:\PycharmProjects\Alcohol Detection\dataset\Grupo_2\E_2_1\Iritech\E_2_1_0\E_2_1_0_R_5\via_region_data.json
E_2_1_0_R_M_N_N_1980_80_2017.bmp308278,Non-Alcohol,C:\PycharmProjects\Alcohol Detection\dataset\Grupo_2\E_2_1\Iritech\E_2_1_0\E_2_1_0_R_5\via_region_data.json
E_2_1_1_L_M_N_N_1980_0_2017.bmp308278,Non-Alcohol,C:\PycharmProjects\Alcohol Detection\dataset\Grupo_2\E_2_1\Iritech\E_2_1_1\via_region_data.json
E_2_1_1_R_M_N_N_1980_0_2017.bmp308278,Non-Alcohol,C:\PycharmProjects\Alcohol Detection\dataset\Grupo_2\E_2_1\Iritech\E_2_1_1\via_region_data.json
E_2_1_1_L_M_N_N_1980_0_2017.bmp308278,Non-Alcohol,C:\PycharmProjects\Alcohol Detection\dataset\Grupo_2\E_2_1\Iritech\E_2_1_1\E_2_1_1_L_5\via_region_data.json
E_2_1_1_L_M_N_N_1980_1_2017.bmp308278,Alcohol,C:\PycharmProjects\Alcohol Detection\dataset\Grupo_2\E_2_1\Iritech\E_2_1_1\E_2_1_1_L_5\via_region_data.json
E_2_1_1_L_M_N_N_1980_2_2017.bmp308278,Alcohol,C:\PycharmProjects\Alcohol Detection\dataset\Grupo_2\E_2_1\Iritech\E_2_1_1\E_2_1_1_L_5\via_region_data.json
E_2_1_1_L_M_N_N_1980_3_2017.bmp308278,Alcohol,C:\PycharmProjects\Alcohol Detection\dataset\Grupo_2\E_2_1\Iritech\E_2_1_1\E_2_1_1_L_5\via_region_data.json
E_2_1_1_L_M_N_N_1980_4_2017.bmp308278,Alcohol,C:\PycharmProjects\Alcohol Detection\dataset\Grupo_2\E_2_1\Iritech\E_2_1_1\E_2_1_1_L_5\via_region_data.json
E_2_1_1_L_M_N_N_1980_5_2017.bmp308278,Alcohol,C:\PycharmProjects\Alcohol Detection\dataset\Grupo_2\E_2_1\Iritech\E_2_1_1\E_2_1_1_L_5\via_region_data.json
E_2_1_1_L_M_N_N_1980_6_2017.bmp308278,Alcohol,C:\PycharmProjects\Alcohol Detection\dataset\Grupo_2\E_2_1\Iritech\E_2_1_1\E_2_1_1_L_5\via_region_data.json
E_2_1_1_L_M_N_N_1980_7_2017.bmp308278,Alcohol,C:\PycharmProjects\Alcohol Detection\dataset\Grupo_2\E_2_1\Iritech\E_2_1_1\E_2_1_1_L_5\via_region_data.json
E_2_1_1_L_M_N_N_1980_8_2017.bmp308278,Alcohol,C:\PycharmProjects\Alcohol Detection\dataset\Grupo_2\E_2_1\Iritech\E_2_1_1\E_2_1_1_L_5\via_region_data.json
E_2_1_1_L_M_N_N_1980_9_2017.bmp308278,Alcohol,C:\PycharmProjects\Alcohol Detection\dataset\Grupo_2\E_2_1\Iritech\E_2_1_1\E_2_1_1_L_5\via_region_data.json
E_2_1_1_L_M_N_N_1980_10_2017.bmp308278,Alcohol,C:\PycharmProjects\Alcohol Detection\dataset\Grupo_2\E_2_1\Iritech\E_2_1_1\E_2_1_1_L_5\via_region_data.json
E_2_1_1_L_M_N_N_1980_11_2017.bmp308278,Alcohol,C:\PycharmProjects\Alcohol Detection\dataset\Grupo_2\E_2_1\Iritech\E_2_1_1\E_2_1_1_L_5\via_region_data.json
E_2_1_1_L_M_N_N_1980_12_2017.bmp308278,Alcohol,C:\PycharmProjects\Alcohol Detection\dataset\Grupo_2\E_2_1\Iritech\E_2_1_1\E_2_1_1_L_5\via_region_data.json
E_2_1_1_L_M_N_N_1980_13_2017.bmp308278,Alcohol,C:\PycharmProjects\Alcohol Detection\dataset\Grupo_2\E_2_1\Iritech\E_2_1_1\E_2_1_1_L_5\via_region_data.json
E_2_1_1_L_M_N_N_1980_14_2017.bmp308278,Alcohol,C:\PycharmProjects\Alcohol Detection\dataset\Grupo_2\E_2_1\Iritech\E_2_1_1\E_2_1_1_L_5\via_region_data.json
E_2_1_1_L_M_N_N_1980_15_2017.bmp308278,Alcohol,C:\PycharmProjects\Alcohol Detection\dataset\Grupo_2\E_2_1\Iritech\E_2_1_1\E_2_1_1_L_5\via_region_data.json
E_2_1_1_L_M_N_N_1980_16_2017.bmp308278,Alcohol,C:\PycharmProjects\Alcohol Detection\dataset\Grupo_2\E_2_1\Iritech\E_2_1_1\E_2_1_1_L_5\via_region_data.json
E_2_1_1_L_M_N_N_1980_17_2017.bmp308278,Alcohol,C:\PycharmProjects\Alcohol Detection\dataset\Grupo_2\E_2_1\Iritech\E_2_1_1\E_2_1_1_L_5\via_region_data.json
E_2_1_1_L_M_N_N_1980_18_2017.bmp308278,Alcohol,C:\PycharmProjects\Alcohol Detection\dataset\Grupo_2\E_2_1\Iritech\E_2_1_1\E_2_1_1_L_5\via_region_data.json
E_2_1_1_L_M_N_N_1980_19_2017.bmp308278,Alcohol,C:\PycharmProjects\Alcohol Detection\dataset\Grupo_2\E_2_1\Iritech\E_2_1_1\E_2_1_1_L_5\via_region_data.json
E_2_1_1_L_M_N_N_1980_20_2017.bmp308278,Alcohol,C:\PycharmProjects\Alcohol Detection\dataset\Grupo_2\E_2_1\Iritech\E_2_1_1\E_2_1_1_L_5\via_region_data.json
E_2_1_1_L_M_N_N_1980_21_2017.bmp308278,Alcohol,C:\PycharmProjects\Alcohol Detection\dataset\Grupo_2\E_2_1\Iritech\E_2_1_1\E_2_1_1_L_5\via_region_data.json
E_2_1_1_L_M_N_N_1980_22_2017.bmp308278,Alcohol,C:\PycharmProjects\Alcohol Detection\dataset\Grupo_2\E_2_1\Iritech\E_2_1_1\E_2_1_1_L_5\via_region_data.json
E_2_1_1_L_M_N_N_1980_23_2017.bmp308278,Alcohol,C:\PycharmProjects\Alcohol Detection\dataset\Grupo_2\E_2_1\Iritech\E_2_1_1\E_2_1_1_L_5\via_region_data.json
E_2_1_1_L_M_N_N_1980_24_2017.bmp308278,Alcohol,C:\PycharmProjects\Alcohol Detection\dataset\Grupo_2\E_2_1\Iritech\E_2_1_1\E_2_1_1_L_5\via_region_data.json
E_2_1_1_L_M_N_N_1980_25_2017.bmp308278,Alcohol,C:\PycharmProjects\Alcohol Detection\dataset\Grupo_2\E_2_1\Iritech\E_2_1_1\E_2_1_1_L_5\via_region_data.json
E_2_1_1_L_M_N_N_1980_26_2017.bmp308278,Alcohol,C:\PycharmProjects\Alcohol Detection\dataset\Grupo_2\E_2_1\Iritech\E_2_1_1\E_2_1_1_L_5\via_region_data.json
E_2_1_1_L_M_N_N_1980_27_2017.bmp308278,Alcohol,C:\PycharmProjects\Alcohol Detection\dataset\Grupo_2\E_2_1\Iritech\E_2_1_1\E_2_1_1_L_5\via_region_data.json
E_2_1_1_L_M_N_N_1980_28_2017.bmp308278,Alcohol,C:\PycharmProjects\Alcohol Detection\dataset\Grupo_2\E_2_1\Iritech\E_2_1_1\E_2_1_1_L_5\via_region_data.json
E_2_1_1_L_M_N_N_1980_29_2017.bmp308278,Alcohol,C:\PycharmProjects\Alcohol Detection\dataset\Grupo_2\E_2_1\Iritech\E_2_1_1\E_2_1_1_L_5\via_region_data.json
E_2_1_1_L_M_N_N_1980_30_2017.bmp308278,Alcohol,C:\PycharmProjects\Alcohol Detection\dataset\Grupo_2\E_2_1\Iritech\E_2_1_1\E_2_1_1_L_5\via_region_data.json
E_2_1_1_L_M_N_N_1980_31_2017.bmp308278,Alcohol,C:\PycharmProjects\Alcohol Detection\dataset\Grupo_2\E_2_1\Iritech\E_2_1_1\E_2_1_1_L_5\via_region_data.json
E_2_1_1_L_M_N_N_1980_32_2017.bmp308278,Alcohol,C:\PycharmProjects\Alcohol Detection\dataset\Grupo_2\E_2_1\Iritech\E_2_1_1\E_2_1_1_L_5\via_region_data.json
E_2_1_1_L_M_N_N_1980_33_2017.bmp308278,Alcohol,C:\PycharmProjects\Alcohol Detection\dataset\Grupo_2\E_2_1\Iritech\E_2_1_1\E_2_1_1_L_5\via_region_data.json
E_2_1_1_L_M_N_N_1980_34_2017.bmp308278,Alcohol,C:\PycharmProjects\Alcohol Detection\dataset\Grupo_2\E_2_1\Iritech\E_2_1_1\E_2_1_1_L_5\via_region_data.json
E_2_1_1_L_M_N_N_1980_35_2017.bmp308278,Alcohol,C:\PycharmProjects\Alcohol Detection\dataset\Grupo_2\E_2_1\Iritech\E_2_1_1\E_2_1_1_L_5\via_region_data.json
E_2_1_1_L_M_N_N_1980_36_2017.bmp308278,Alcohol,C:\PycharmProjects\Alcohol Detection\dataset\Grupo_2\E_2_1\Iritech\E_2_1_1\E_2_1_1_L_5\via_region_data.json
E_2_1_1_L_M_N_N_1980_37_2017.bmp308278,Alcohol,C:\PycharmProjects\Alcohol Detection\dataset\Grupo_2\E_2_1\Iritech\E_2_1_1\E_2_1_1_L_5\via_region_data.json
E_2_1_1_L_M_N_N_1980_38_2017.bmp308278,Alcohol,C:\PycharmProjects\Alcohol Detection\dataset\Grupo_2\E_2_1\Iritech\E_2_1_1\E_2_1_1_L_5\via_region_data.json
E_2_1_1_L_M_N_N_1980_39_2017.bmp308278,Alcohol,C:\PycharmProjects\Alcohol Detection\dataset\Grupo_2\E_2_1\Iritech\E_2_1_1\E_2_1_1_L_5\via_region_data.json
E_2_1_1_L_M_N_N_1980_40_2017.bmp308278,Alcohol,C:\PycharmProjects\Alcohol Detection\dataset\Grupo_2\E_2_1\Iritech\E_2_1_1\E_2_1_1_L_5\via_region_data.json
E_2_1_1_L_M_N_N_1980_41_2017.bmp308278,Alcohol,C:\PycharmProjects\Alcohol Detection\dataset\Grupo_2\E_2_1\Iritech\E_2_1_1\E_2_1_1_L_5\via_region_data.json
E_2_1_1_L_M_N_N_1980_42_2017.bmp308278,Alcohol,C:\PycharmProjects\Alcohol Detection\dataset\Grupo_2\E_2_1\Iritech\E_2_1_1\E_2_1_1_L_5\via_region_data.json
E_2_1_1_L_M_N_N_1980_43_2017.bmp308278,Alcohol,C:\PycharmProjects\Alcohol Detection\dataset\Grupo_2\E_2_1\Iritech\E_2_1_1\E_2_1_1_L_5\via_region_data.json
E_2_1_1_L_M_N_N_1980_44_2017.bmp308278,Alcohol,C:\PycharmProjects\Alcohol Detection\dataset\Grupo_2\E_2_1\Iritech\E_2_1_1\E_2_1_1_L_5\via_region_data.json
E_2_1_1_L_M_N_N_1980_45_2017.bmp308278,Alcohol,C:\PycharmProjects\Alcohol Detection\dataset\Grupo_2\E_2_1\Iritech\E_2_1_1\E_2_1_1_L_5\via_region_data.json
E_2_1_1_L_M_N_N_1980_46_2017.bmp308278,Alcohol,C:\PycharmProjects\Alcohol Detection\dataset\Grupo_2\E_2_1\Iritech\E_2_1_1\E_2_1_1_L_5\via_region_data.json
E_2_1_1_L_M_N_N_1980_47_2017.bmp308278,Alcohol,C:\PycharmProjects\Alcohol Detection\dataset\Grupo_2\E_2_1\Iritech\E_2_1_1\E_2_1_1_L_5\via_region_data.json
E_2_1_1_L_M_N_N_1980_48_2017.bmp308278,Alcohol,C:\PycharmProjects\Alcohol Detection\dataset\Grupo_2\E_2_1\Iritech\E_2_1_1\E_2_1_1_L_5\via_region_data.json
E_2_1_1_L_M_N_N_1980_49_2017.bmp308278,Alcohol,C:\PycharmProjects\Alcohol Detection\dataset\Grupo_2\E_2_1\Iritech\E_2_1_1\E_2_1_1_L_5\via_region_data.json
E_2_1_1_L_M_N_N_1980_50_2017.bmp308278,Alcohol,C:\PycharmProjects\Alcohol Detection\dataset\Grupo_2\E_2_1\Iritech\E_2_1_1\E_2_1_1_L_5\via_region_data.json
E_2_1_1_L_M_N_N_1980_51_2017.bmp308278,Alcohol,C:\PycharmProjects\Alcohol Detection\dataset\Grupo_2\E_2_1\Iritech\E_2_1_1\E_2_1_1_L_5\via_region_data.json
E_2_1_1_L_M_N_N_1980_52_2017.bmp308278,Alcohol,C:\PycharmProjects\Alcohol Detection\dataset\Grupo_2\E_2_1\Iritech\E_2_1_1\E_2_1_1_L_5\via_region_data.json
E_2_1_1_L_M_N_N_1980_53_2017.bmp308278,Alcohol,C:\PycharmProjects\Alcohol Detection\dataset\Grupo_2\E_2_1\Iritech\E_2_1_1\E_2_1_1_L_5\via_region_data.json
E_2_1_1_L_M_N_N_1980_54_2017.bmp308278,Alcohol,C:\PycharmProjects\Alcohol Detection\dataset\Grupo_2\E_2_1\Iritech\E_2_1_1\E_2_1_1_L_5\via_region_data.json
E_2_1_1_L_M_N_N_1980_55_2017.bmp308278,Alcohol,C:\PycharmProjects\Alcohol Detection\dataset\Grupo_2\E_2_1\Iritech\E_2_1_1\E_2_1_1_L_5\via_region_data.json
E_2_1_1_L_M_N_N_1980_56_2017.bmp308278,Alcohol,C:\PycharmProjects\Alcohol Detection\dataset\Grupo_2\E_2_1\Iritech\E_2_1_1\E_2_1_1_L_5\via_region_data.json
E_2_1_1_L_M_N_N_1980_57_2017.bmp308278,Alcohol,C:\PycharmProjects\Alcohol Detection\dataset\Grupo_2\E_2_1\Iritech\E_2_1_1\E_2_1_1_L_5\via_region_data.json
E_2_1_1_L_M_N_N_1980_58_2017.bmp308278,Alcohol,C:\PycharmProjects\Alcohol Detection\dataset\Grupo_2\E_2_1\Iritech\E_2_1_1\E_2_1_1_L_5\via_region_data.json
E_2_1_1_L_M_N_N_1980_59_2017.bmp308278,Alcohol,C:\PycharmProjects\Alcohol Detection\dataset\Grupo_2\E_2_1\Iritech\E_2_1_1\E_2_1_1_L_5\via_region_data.json
E_2_1_1_L_M_N_N_1980_60_2017.bmp308278,Alcohol,C:\PycharmProjects\Alcohol Detection\dataset\Grupo_2\E_2_1\Iritech\E_2_1_1\E_2_1_1_L_5\via_region_data.json
E_2_1_1_L_M_N_N_1980_61_2017.bmp308278,Alcohol,C:\PycharmProjects\Alcohol Detection\dataset\Grupo_2\E_2_1\Iritech\E_2_1_1\E_2_1_1_L_5\via_region_data.json
E_2_1_1_L_M_N_N_1980_62_2017.bmp308278,Alcohol,C:\PycharmProjects\Alcohol Detection\dataset\Grupo_2\E_2_1\Iritech\E_2_1_1\E_2_1_1_L_5\via_region_data.json
E_2_1_1_L_M_N_N_1980_63_2017.bmp308278,Alcohol,C:\PycharmProjects\Alcohol Detection\dataset\Grupo_2\E_2_1\Iritech\E_2_1_1\E_2_1_1_L_5\via_region_data.json
E_2_1_1_L_M_N_N_1980_64_2017.bmp308278,Alcohol,C:\PycharmProjects\Alcohol Detection\dataset\Grupo_2\E_2_1\Iritech\E_2_1_1\E_2_1_1_L_5\via_region_data.json
E_2_1_1_L_M_N_N_1980_65_2017.bmp308278,Alcohol,C:\PycharmProjects\Alcohol Detection\dataset\Grupo_2\E_2_1\Iritech\E_2_1_1\E_2_1_1_L_5\via_region_data.json
E_2_1_1_L_M_N_N_1980_66_2017.bmp308278,Alcohol,C:\PycharmProjects\Alcohol Detection\dataset\Grupo_2\E_2_1\Iritech\E_2_1_1\E_2_1_1_L_5\via_region_data.json
E_2_1_1_L_M_N_N_1980_67_2017.bmp308278,Alcohol,C:\PycharmProjects\Alcohol Detection\dataset\Grupo_2\E_2_1\Iritech\E_2_1_1\E_2_1_1_L_5\via_region_data.json
E_2_1_1_L_M_N_N_1980_68_2017.bmp308278,Alcohol,C:\PycharmProjects\Alcohol Detection\dataset\Grupo_2\E_2_1\Iritech\E_2_1_1\E_2_1_1_L_5\via_region_data.json
E_2_1_1_L_M_N_N_1980_69_2017.bmp308278,Alcohol,C:\PycharmProjects\Alcohol Detection\dataset\Grupo_2\E_2_1\Iritech\E_2_1_1\E_2_1_1_L_5\via_region_data.json
E_2_1_1_L_M_N_N_1980_70_2017.bmp308278,Alcohol,C:\PycharmProjects\Alcohol Detection\dataset\Grupo_2\E_2_1\Iritech\E_2_1_1\E_2_1_1_L_5\via_region_data.json
E_2_1_1_L_M_N_N_1980_71_2017.bmp308278,Alcohol,C:\PycharmProjects\Alcohol Detection\dataset\Grupo_2\E_2_1\Iritech\E_2_1_1\E_2_1_1_L_5\via_region_data.json
E_2_1_1_L_M_N_N_1980_72_2017.bmp308278,Alcohol,C:\PycharmProjects\Alcohol Detection\dataset\Grupo_2\E_2_1\Iritech\E_2_1_1\E_2_1_1_L_5\via_region_data.json
E_2_1_1_L_M_N_N_1980_73_2017.bmp308278,Alcohol,C:\PycharmProjects\Alcohol Detection\dataset\Grupo_2\E_2_1\Iritech\E_2_1_1\E_2_1_1_L_5\via_region_data.json
E_2_1_1_L_M_N_N_1980_74_2017.bmp308278,Alcohol,C:\PycharmProjects\Alcohol Detection\dataset\Grupo_2\E_2_1\Iritech\E_2_1_1\E_2_1_1_L_5\via_region_data.json
E_2_1_1_L_M_N_N_1980_75_2017.bmp308278,Alcohol,C:\PycharmProjects\Alcohol Detection\dataset\Grupo_2\E_2_1\Iritech\E_2_1_1\E_2_1_1_L_5\via_region_data.json
E_2_1_1_L_M_N_N_1980_76_2017.bmp308278,Alcohol,C:\PycharmProjects\Alcohol Detection\dataset\Grupo_2\E_2_1\Iritech\E_2_1_1\E_2_1_1_L_5\via_region_data.json
E_2_1_1_R_M_N_N_1980_0_2017.bmp308278,Non-Alcohol,C:\PycharmProjects\Alcohol Detection\dataset\Grupo_2\E_2_1\Iritech\E_2_1_1\E_2_1_1_R_5\via_region_data.json
E_2_1_1_R_M_N_N_1980_1_2017.bmp308278,Alcohol,C:\PycharmProjects\Alcohol Detection\dataset\Grupo_2\E_2_1\Iritech\E_2_1_1\E_2_1_1_R_5\via_region_data.json
E_2_1_1_R_M_N_N_1980_2_2017.bmp308278,Alcohol,C:\PycharmProjects\Alcohol Detection\dataset\Grupo_2\E_2_1\Iritech\E_2_1_1\E_2_1_1_R_5\via_region_data.json
E_2_1_1_R_M_N_N_1980_3_2017.bmp308278,Alcohol,C:\PycharmProjects\Alcohol Detection\dataset\Grupo_2\E_2_1\Iritech\E_2_1_1\E_2_1_1_R_5\via_region_data.json
E_2_1_1_R_M_N_N_1980_4_2017.bmp308278,Alcohol,C:\PycharmProjects\Alcohol Detection\dataset\Grupo_2\E_2_1\Iritech\E_2_1_1\E_2_1_1_R_5\via_region_data.json
E_2_1_1_R_M_N_N_1980_5_2017.bmp308278,Alcohol,C:\PycharmProjects\Alcohol Detection\dataset\Grupo_2\E_2_1\Iritech\E_2_1_1\E_2_1_1_R_5\via_region_data.json
E_2_1_1_R_M_N_N_1980_6_2017.bmp308278,Alcohol,C:\PycharmProjects\Alcohol Detection\dataset\Grupo_2\E_2_1\Iritech\E_2_1_1\E_2_1_1_R_5\via_region_data.json
E_2_1_1_R_M_N_N_1980_7_2017.bmp308278,Alcohol,C:\PycharmProjects\Alcohol Detection\dataset\Grupo_2\E_2_1\Iritech\E_2_1_1\E_2_1_1_R_5\via_region_data.json
E_2_1_1_R_M_N_N_1980_8_2017.bmp308278,Alcohol,C:\PycharmProjects\Alcohol Detection\dataset\Grupo_2\E_2_1\Iritech\E_2_1_1\E_2_1_1_R_5\via_region_data.json
E_2_1_1_R_M_N_N_1980_9_2017.bmp308278,Alcohol,C:\PycharmProjects\Alcohol Detection\dataset\Grupo_2\E_2_1\Iritech\E_2_1_1\E_2_1_1_R_5\via_region_data.json
E_2_1_1_R_M_N_N_1980_10_2017.bmp308278,Alcohol,C:\PycharmProjects\Alcohol Detection\dataset\Grupo_2\E_2_1\Iritech\E_2_1_1\E_2_1_1_R_5\via_region_data.json
E_2_1_1_R_M_N_N_1980_11_2017.bmp308278,Alcohol,C:\PycharmProjects\Alcohol Detection\dataset\Grupo_2\E_2_1\Iritech\E_2_1_1\E_2_1_1_R_5\via_region_data.json
E_2_1_1_R_M_N_N_1980_12_2017.bmp308278,Alcohol,C:\PycharmProjects\Alcohol Detection\dataset\Grupo_2\E_2_1\Iritech\E_2_1_1\E_2_1_1_R_5\via_region_data.json
E_2_1_1_R_M_N_N_1980_13_2017.bmp308278,Alcohol,C:\PycharmProjects\Alcohol Detection\dataset\Grupo_2\E_2_1\Iritech\E_2_1_1\E_2_1_1_R_5\via_region_data.json
E_2_1_1_R_M_N_N_1980_14_2017.bmp308278,Alcohol,C:\PycharmProjects\Alcohol Detection\dataset\Grupo_2\E_2_1\Iritech\E_2_1_1\E_2_1_1_R_5\via_region_data.json
E_2_1_1_R_M_N_N_1980_15_2017.bmp308278,Alcohol,C:\PycharmProjects\Alcohol Detection\dataset\Grupo_2\E_2_1\Iritech\E_2_1_1\E_2_1_1_R_5\via_region_data.json
E_2_1_1_R_M_N_N_1980_16_2017.bmp308278,Alcohol,C:\PycharmProjects\Alcohol Detection\dataset\Grupo_2\E_2_1\Iritech\E_2_1_1\E_2_1_1_R_5\via_region_data.json
E_2_1_1_R_M_N_N_1980_17_2017.bmp308278,Alcohol,C:\PycharmProjects\Alcohol Detection\dataset\Grupo_2\E_2_1\Iritech\E_2_1_1\E_2_1_1_R_5\via_region_data.json
E_2_1_1_R_M_N_N_1980_18_2017.bmp308278,Alcohol,C:\PycharmProjects\Alcohol Detection\dataset\Grupo_2\E_2_1\Iritech\E_2_1_1\E_2_1_1_R_5\via_region_data.json
E_2_1_1_R_M_N_N_1980_19_2017.bmp308278,Alcohol,C:\PycharmProjects\Alcohol Detection\dataset\Grupo_2\E_2_1\Iritech\E_2_1_1\E_2_1_1_R_5\via_region_data.json
E_2_1_1_R_M_N_N_1980_20_2017.bmp308278,Alcohol,C:\PycharmProjects\Alcohol Detection\dataset\Grupo_2\E_2_1\Iritech\E_2_1_1\E_2_1_1_R_5\via_region_data.json
E_2_1_1_R_M_N_N_1980_21_2017.bmp308278,Alcohol,C:\PycharmProjects\Alcohol Detection\dataset\Grupo_2\E_2_1\Iritech\E_2_1_1\E_2_1_1_R_5\via_region_data.json
E_2_1_1_R_M_N_N_1980_22_2017.bmp308278,Alcohol,C:\PycharmProjects\Alcohol Detection\dataset\Grupo_2\E_2_1\Iritech\E_2_1_1\E_2_1_1_R_5\via_region_data.json
E_2_1_1_R_M_N_N_1980_23_2017.bmp308278,Alcohol,C:\PycharmProjects\Alcohol Detection\dataset\Grupo_2\E_2_1\Iritech\E_2_1_1\E_2_1_1_R_5\via_region_data.json
E_2_1_1_R_M_N_N_1980_24_2017.bmp308278,Alcohol,C:\PycharmProjects\Alcohol Detection\dataset\Grupo_2\E_2_1\Iritech\E_2_1_1\E_2_1_1_R_5\via_region_data.json
E_2_1_1_R_M_N_N_1980_25_2017.bmp308278,Alcohol,C:\PycharmProjects\Alcohol Detection\dataset\Grupo_2\E_2_1\Iritech\E_2_1_1\E_2_1_1_R_5\via_region_data.json
E_2_1_1_R_M_N_N_1980_26_2017.bmp308278,Alcohol,C:\PycharmProjects\Alcohol Detection\dataset\Grupo_2\E_2_1\Iritech\E_2_1_1\E_2_1_1_R_5\via_region_data.json
E_2_1_1_R_M_N_N_1980_27_2017.bmp308278,Alcohol,C:\PycharmProjects\Alcohol Detection\dataset\Grupo_2\E_2_1\Iritech\E_2_1_1\E_2_1_1_R_5\via_region_data.json
E_2_1_1_R_M_N_N_1980_28_2017.bmp308278,Alcohol,C:\PycharmProjects\Alcohol Detection\dataset\Grupo_2\E_2_1\Iritech\E_2_1_1\E_2_1_1_R_5\via_region_data.json
E_2_1_1_R_M_N_N_1980_29_2017.bmp308278,Alcohol,C:\PycharmProjects\Alcohol Detection\dataset\Grupo_2\E_2_1\Iritech\E_2_1_1\E_2_1_1_R_5\via_region_data.json
E_2_1_1_R_M_N_N_1980_30_2017.bmp308278,Alcohol,C:\PycharmProjects\Alcohol Detection\dataset\Grupo_2\E_2_1\Iritech\E_2_1_1\E_2_1_1_R_5\via_region_data.json
E_2_1_1_R_M_N_N_1980_31_2017.bmp308278,Alcohol,C:\PycharmProjects\Alcohol Detection\dataset\Grupo_2\E_2_1\Iritech\E_2_1_1\E_2_1_1_R_5\via_region_data.json
E_2_1_1_R_M_N_N_1980_32_2017.bmp308278,Alcohol,C:\PycharmProjects\Alcohol Detection\dataset\Grupo_2\E_2_1\Iritech\E_2_1_1\E_2_1_1_R_5\via_region_data.json
E_2_1_1_R_M_N_N_1980_33_2017.bmp308278,Alcohol,C:\PycharmProjects\Alcohol Detection\dataset\Grupo_2\E_2_1\Iritech\E_2_1_1\E_2_1_1_R_5\via_region_data.json
E_2_1_1_R_M_N_N_1980_34_2017.bmp308278,Alcohol,C:\PycharmProjects\Alcohol Detection\dataset\Grupo_2\E_2_1\Iritech\E_2_1_1\E_2_1_1_R_5\via_region_data.json
E_2_1_1_R_M_N_N_1980_35_2017.bmp308278,Alcohol,C:\PycharmProjects\Alcohol Detection\dataset\Grupo_2\E_2_1\Iritech\E_2_1_1\E_2_1_1_R_5\via_region_data.json
E_2_1_1_R_M_N_N_1980_36_2017.bmp308278,Alcohol,C:\PycharmProjects\Alcohol Detection\dataset\Grupo_2\E_2_1\Iritech\E_2_1_1\E_2_1_1_R_5\via_region_data.json
E_2_1_1_R_M_N_N_1980_37_2017.bmp308278,Alcohol,C:\PycharmProjects\Alcohol Detection\dataset\Grupo_2\E_2_1\Iritech\E_2_1_1\E_2_1_1_R_5\via_region_data.json
E_2_1_1_R_M_N_N_1980_38_2017.bmp308278,Alcohol,C:\PycharmProjects\Alcohol Detection\dataset\Grupo_2\E_2_1\Iritech\E_2_1_1\E_2_1_1_R_5\via_region_data.json
E_2_1_1_R_M_N_N_1980_39_2017.bmp308278,Alcohol,C:\PycharmProjects\Alcohol Detection\dataset\Grupo_2\E_2_1\Iritech\E_2_1_1\E_2_1_1_R_5\via_region_data.json
E_2_1_1_R_M_N_N_1980_40_2017.bmp308278,Alcohol,C:\PycharmProjects\Alcohol Detection\dataset\Grupo_2\E_2_1\Iritech\E_2_1_1\E_2_1_1_R_5\via_region_data.json
E_2_1_1_R_M_N_N_1980_41_2017.bmp308278,Alcohol,C:\PycharmProjects\Alcohol Detection\dataset\Grupo_2\E_2_1\Iritech\E_2_1_1\E_2_1_1_R_5\via_region_data.json
E_2_1_1_R_M_N_N_1980_42_2017.bmp308278,Alcohol,C:\PycharmProjects\Alcohol Detection\dataset\Grupo_2\E_2_1\Iritech\E_2_1_1\E_2_1_1_R_5\via_region_data.json
E_2_1_1_R_M_N_N_1980_43_2017.bmp308278,Alcohol,C:\PycharmProjects\Alcohol Detection\dataset\Grupo_2\E_2_1\Iritech\E_2_1_1\E_2_1_1_R_5\via_region_data.json
E_2_1_1_R_M_N_N_1980_44_2017.bmp308278,Alcohol,C:\PycharmProjects\Alcohol Detection\dataset\Grupo_2\E_2_1\Iritech\E_2_1_1\E_2_1_1_R_5\via_region_data.json
E_2_1_1_R_M_N_N_1980_45_2017.bmp308278,Alcohol,C:\PycharmProjects\Alcohol Detection\dataset\Grupo_2\E_2_1\Iritech\E_2_1_1\E_2_1_1_R_5\via_region_data.json
E_2_1_1_R_M_N_N_1980_46_2017.bmp308278,Alcohol,C:\PycharmProjects\Alcohol Detection\dataset\Grupo_2\E_2_1\Iritech\E_2_1_1\E_2_1_1_R_5\via_region_data.json
E_2_1_1_R_M_N_N_1980_47_2017.bmp308278,Alcohol,C:\PycharmProjects\Alcohol Detection\dataset\Grupo_2\E_2_1\Iritech\E_2_1_1\E_2_1_1_R_5\via_region_data.json
E_2_1_1_R_M_N_N_1980_48_2017.bmp308278,Alcohol,C:\PycharmProjects\Alcohol Detection\dataset\Grupo_2\E_2_1\Iritech\E_2_1_1\E_2_1_1_R_5\via_region_data.json
E_2_1_1_R_M_N_N_1980_49_2017.bmp308278,Alcohol,C:\PycharmProjects\Alcohol Detection\dataset\Grupo_2\E_2_1\Iritech\E_2_1_1\E_2_1_1_R_5\via_region_data.json
E_2_1_1_R_M_N_N_1980_50_2017.bmp308278,Alcohol,C:\PycharmProjects\Alcohol Detection\dataset\Grupo_2\E_2_1\Iritech\E_2_1_1\E_2_1_1_R_5\via_region_data.json
E_2_1_1_R_M_N_N_1980_51_2017.bmp308278,Alcohol,C:\PycharmProjects\Alcohol Detection\dataset\Grupo_2\E_2_1\Iritech\E_2_1_1\E_2_1_1_R_5\via_region_data.json
E_2_1_1_R_M_N_N_1980_52_2017.bmp308278,Alcohol,C:\PycharmProjects\Alcohol Detection\dataset\Grupo_2\E_2_1\Iritech\E_2_1_1\E_2_1_1_R_5\via_region_data.json
E_2_1_1_R_M_N_N_1980_53_2017.bmp308278,Alcohol,C:\PycharmProjects\Alcohol Detection\dataset\Grupo_2\E_2_1\Iritech\E_2_1_1\E_2_1_1_R_5\via_region_data.json
E_2_1_1_R_M_N_N_1980_54_2017.bmp308278,Alcohol,C:\PycharmProjects\Alcohol Detection\dataset\Grupo_2\E_2_1\Iritech\E_2_1_1\E_2_1_1_R_5\via_region_data.json
E_2_1_1_R_M_N_N_1980_55_2017.bmp308278,Alcohol,C:\PycharmProjects\Alcohol Detection\dataset\Grupo_2\E_2_1\Iritech\E_2_1_1\E_2_1_1_R_5\via_region_data.json
E_2_1_1_R_M_N_N_1980_56_2017.bmp308278,Alcohol,C:\PycharmProjects\Alcohol Detection\dataset\Grupo_2\E_2_1\Iritech\E_2_1_1\E_2_1_1_R_5\via_region_data.json
E_2_1_1_R_M_N_N_1980_57_2017.bmp308278,Alcohol,C:\PycharmProjects\Alcohol Detection\dataset\Grupo_2\E_2_1\Iritech\E_2_1_1\E_2_1_1_R_5\via_region_data.json
E_2_1_1_R_M_N_N_1980_58_2017.bmp308278,Alcohol,C:\PycharmProjects\Alcohol Detection\dataset\Grupo_2\E_2_1\Iritech\E_2_1_1\E_2_1_1_R_5\via_region_data.json
E_2_1_1_R_M_N_N_1980_59_2017.bmp308278,Alcohol,C:\PycharmProjects\Alcohol Detection\dataset\Grupo_2\E_2_1\Iritech\E_2_1_1\E_2_1_1_R_5\via_region_data.json
E_2_1_1_R_M_N_N_1980_60_2017.bmp308278,Alcohol,C:\PycharmProjects\Alcohol Detection\dataset\Grupo_2\E_2_1\Iritech\E_2_1_1\E_2_1_1_R_5\via_region_data.json
E_2_1_1_R_M_N_N_1980_61_2017.bmp308278,Alcohol,C:\PycharmProjects\Alcohol Detection\dataset\Grupo_2\E_2_1\Iritech\E_2_1_1\E_2_1_1_R_5\via_region_data.json
E_2_1_1_R_M_N_N_1980_62_2017.bmp308278,Alcohol,C:\PycharmProjects\Alcohol Detection\dataset\Grupo_2\E_2_1\Iritech\E_2_1_1\E_2_1_1_R_5\via_region_data.json
E_2_1_1_R_M_N_N_1980_63_2017.bmp308278,Alcohol,C:\PycharmProjects\Alcohol Detection\dataset\Grupo_2\E_2_1\Iritech\E_2_1_1\E_2_1_1_R_5\via_region_data.json
E_2_1_1_R_M_N_N_1980_64_2017.bmp308278,Alcohol,C:\PycharmProjects\Alcohol Detection\dataset\Grupo_2\E_2_1\Iritech\E_2_1_1\E_2_1_1_R_5\via_region_data.json
E_2_1_1_R_M_N_N_1980_65_2017.bmp308278,Alcohol,C:\PycharmProjects\Alcohol Detection\dataset\Grupo_2\E_2_1\Iritech\E_2_1_1\E_2_1_1_R_5\via_region_data.json
E_2_1_1_R_M_N_N_1980_66_2017.bmp308278,Alcohol,C:\PycharmProjects\Alcohol Detection\dataset\Grupo_2\E_2_1\Iritech\E_2_1_1\E_2_1_1_R_5\via_region_data.json
E_2_1_1_R_M_N_N_1980_67_2017.bmp308278,Alcohol,C:\PycharmProjects\Alcohol Detection\dataset\Grupo_2\E_2_1\Iritech\E_2_1_1\E_2_1_1_R_5\via_region_data.json
E_2_1_1_R_M_N_N_1980_68_2017.bmp308278,Alcohol,C:\PycharmProjects\Alcohol Detection\dataset\Grupo_2\E_2_1\Iritech\E_2_1_1\E_2_1_1_R_5\via_region_data.json
E_2_1_1_R_M_N_N_1980_69_2017.bmp308278,Alcohol,C:\PycharmProjects\Alcohol Detection\dataset\Grupo_2\E_2_1\Iritech\E_2_1_1\E_2_1_1_R_5\via_region_data.json
E_2_1_1_R_M_N_N_1980_70_2017.bmp308278,Alcohol,C:\PycharmProjects\Alcohol Detection\dataset\Grupo_2\E_2_1\Iritech\E_2_1_1\E_2_1_1_R_5\via_region_data.json
E_2_1_1_R_M_N_N_1980_71_2017.bmp308278,Alcohol,C:\PycharmProjects\Alcohol Detection\dataset\Grupo_2\E_2_1\Iritech\E_2_1_1\E_2_1_1_R_5\via_region_data.json
E_2_1_1_R_M_N_N_1980_72_2017.bmp308278,Alcohol,C:\PycharmProjects\Alcohol Detection\dataset\Grupo_2\E_2_1\Iritech\E_2_1_1\E_2_1_1_R_5\via_region_data.json
E_2_1_1_R_M_N_N_1980_73_2017.bmp308278,Alcohol,C:\PycharmProjects\Alcohol Detection\dataset\Grupo_2\E_2_1\Iritech\E_2_1_1\E_2_1_1_R_5\via_region_data.json
E_2_1_1_R_M_N_N_1980_74_2017.bmp308278,Alcohol,C:\PycharmProjects\Alcohol Detection\dataset\Grupo_2\E_2_1\Iritech\E_2_1_1\E_2_1_1_R_5\via_region_data.json
E_2_1_1_R_M_N_N_1980_75_2017.bmp308278,Alcohol,C:\PycharmProjects\Alcohol Detection\dataset\Grupo_2\E_2_1\Iritech\E_2_1_1\E_2_1_1_R_5\via_region_data.json
E_2_1_1_R_M_N_N_1980_76_2017.bmp308278,Alcohol,C:\PycharmProjects\Alcohol Detection\dataset\Grupo_2\E_2_1\Iritech\E_2_1_1\E_2_1_1_R_5\via_region_data.json
E_2_1_1_R_M_N_N_1980_77_2017.bmp308278,Alcohol,C:\PycharmProjects\Alcohol Detection\dataset\Grupo_2\E_2_1\Iritech\E_2_1_1\E_2_1_1_R_5\via_region_data.json
E_2_1_1_R_M_N_N_1980_78_2017.bmp308278,Alcohol,C:\PycharmProjects\Alcohol Detection\dataset\Grupo_2\E_2_1\Iritech\E_2_1_1\E_2_1_1_R_5\via_region_data.json
E_2_1_1_R_M_N_N_1980_79_2017.bmp308278,Alcohol,C:\PycharmProjects\Alcohol Detection\dataset\Grupo_2\E_2_1\Iritech\E_2_1_1\E_2_1_1_R_5\via_region_data.json
E_2_1_2_L_M_N_N_1980_0_2017.bmp308278,Non-Alcohol,C:\PycharmProjects\Alcohol Detection\dataset\Grupo_2\E_2_1\Iritech\E_2_1_2\via_region_data.json
E_2_1_2_R_M_N_N_1980_0_2017.bmp308278,Non-Alcohol,C:\PycharmProjects\Alcohol Detection\dataset\Grupo_2\E_2_1\Iritech\E_2_1_2\via_region_data.json
E_2_1_2_L_M_N_N_1980_0_2017.bmp308278,Non-Alcohol,C:\PycharmProjects\Alcohol Detection\dataset\Grupo_2\E_2_1\Iritech\E_2_1_2\E_2_1_2_L_5\via_region_data.json
E_2_1_2_L_M_N_N_1980_1_2017.bmp308278,Alcohol,C:\PycharmProjects\Alcohol Detection\dataset\Grupo_2\E_2_1\Iritech\E_2_1_2\E_2_1_2_L_5\via_region_data.json
E_2_1_2_L_M_N_N_1980_2_2017.bmp308278,Alcohol,C:\PycharmProjects\Alcohol Detection\dataset\Grupo_2\E_2_1\Iritech\E_2_1_2\E_2_1_2_L_5\via_region_data.json
E_2_1_2_L_M_N_N_1980_3_2017.bmp308278,Alcohol,C:\PycharmProjects\Alcohol Detection\dataset\Grupo_2\E_2_1\Iritech\E_2_1_2\E_2_1_2_L_5\via_region_data.json
E_2_1_2_L_M_N_N_1980_4_2017.bmp308278,Alcohol,C:\PycharmProjects\Alcohol Detection\dataset\Grupo_2\E_2_1\Iritech\E_2_1_2\E_2_1_2_L_5\via_region_data.json
E_2_1_2_L_M_N_N_1980_5_2017.bmp308278,Alcohol,C:\PycharmProjects\Alcohol Detection\dataset\Grupo_2\E_2_1\Iritech\E_2_1_2\E_2_1_2_L_5\via_region_data.json
E_2_1_2_L_M_N_N_1980_6_2017.bmp308278,Alcohol,C:\PycharmProjects\Alcohol Detection\dataset\Grupo_2\E_2_1\Iritech\E_2_1_2\E_2_1_2_L_5\via_region_data.json
E_2_1_2_L_M_N_N_1980_7_2017.bmp308278,Alcohol,C:\PycharmProjects\Alcohol Detection\dataset\Grupo_2\E_2_1\Iritech\E_2_1_2\E_2_1_2_L_5\via_region_data.json
E_2_1_2_L_M_N_N_1980_8_2017.bmp308278,Alcohol,C:\PycharmProjects\Alcohol Detection\dataset\Grupo_2\E_2_1\Iritech\E_2_1_2\E_2_1_2_L_5\via_region_data.json
E_2_1_2_L_M_N_N_1980_9_2017.bmp308278,Alcohol,C:\PycharmProjects\Alcohol Detection\dataset\Grupo_2\E_2_1\Iritech\E_2_1_2\E_2_1_2_L_5\via_region_data.json
E_2_1_2_L_M_N_N_1980_10_2017.bmp308278,Alcohol,C:\PycharmProjects\Alcohol Detection\dataset\Grupo_2\E_2_1\Iritech\E_2_1_2\E_2_1_2_L_5\via_region_data.json
E_2_1_2_L_M_N_N_1980_11_2017.bmp308278,Alcohol,C:\PycharmProjects\Alcohol Detection\dataset\Grupo_2\E_2_1\Iritech\E_2_1_2\E_2_1_2_L_5\via_region_data.json
E_2_1_2_L_M_N_N_1980_12_2017.bmp308278,Alcohol,C:\PycharmProjects\Alcohol Detection\dataset\Grupo_2\E_2_1\Iritech\E_2_1_2\E_2_1_2_L_5\via_region_data.json
E_2_1_2_L_M_N_N_1980_13_2017.bmp308278,Alcohol,C:\PycharmProjects\Alcohol Detection\dataset\Grupo_2\E_2_1\Iritech\E_2_1_2\E_2_1_2_L_5\via_region_data.json
E_2_1_2_L_M_N_N_1980_14_2017.bmp308278,Alcohol,C:\PycharmProjects\Alcohol Detection\dataset\Grupo_2\E_2_1\Iritech\E_2_1_2\E_2_1_2_L_5\via_region_data.json
E_2_1_2_L_M_N_N_1980_15_2017.bmp308278,Alcohol,C:\PycharmProjects\Alcohol Detection\dataset\Grupo_2\E_2_1\Iritech\E_2_1_2\E_2_1_2_L_5\via_region_data.json
E_2_1_2_L_M_N_N_1980_16_2017.bmp308278,Alcohol,C:\PycharmProjects\Alcohol Detection\dataset\Grupo_2\E_2_1\Iritech\E_2_1_2\E_2_1_2_L_5\via_region_data.json
E_2_1_2_L_M_N_N_1980_17_2017.bmp308278,Alcohol,C:\PycharmProjects\Alcohol Detection\dataset\Grupo_2\E_2_1\Iritech\E_2_1_2\E_2_1_2_L_5\via_region_data.json
E_2_1_2_L_M_N_N_1980_18_2017.bmp308278,Alcohol,C:\PycharmProjects\Alcohol Detection\dataset\Grupo_2\E_2_1\Iritech\E_2_1_2\E_2_1_2_L_5\via_region_data.json
E_2_1_2_L_M_N_N_1980_19_2017.bmp308278,Alcohol,C:\PycharmProjects\Alcohol Detection\dataset\Grupo_2\E_2_1\Iritech\E_2_1_2\E_2_1_2_L_5\via_region_data.json
E_2_1_2_L_M_N_N_1980_20_2017.bmp308278,Alcohol,C:\PycharmProjects\Alcohol Detection\dataset\Grupo_2\E_2_1\Iritech\E_2_1_2\E_2_1_2_L_5\via_region_data.json
E_2_1_2_L_M_N_N_1980_21_2017.bmp308278,Alcohol,C:\PycharmProjects\Alcohol Detection\dataset\Grupo_2\E_2_1\Iritech\E_2_1_2\E_2_1_2_L_5\via_region_data.json
E_2_1_2_L_M_N_N_1980_22_2017.bmp308278,Alcohol,C:\PycharmProjects\Alcohol Detection\dataset\Grupo_2\E_2_1\Iritech\E_2_1_2\E_2_1_2_L_5\via_region_data.json
E_2_1_2_L_M_N_N_1980_23_2017.bmp308278,Alcohol,C:\PycharmProjects\Alcohol Detection\dataset\Grupo_2\E_2_1\Iritech\E_2_1_2\E_2_1_2_L_5\via_region_data.json
E_2_1_2_L_M_N_N_1980_24_2017.bmp308278,Alcohol,C:\PycharmProjects\Alcohol Detection\dataset\Grupo_2\E_2_1\Iritech\E_2_1_2\E_2_1_2_L_5\via_region_data.json
E_2_1_2_L_M_N_N_1980_25_2017.bmp308278,Alcohol,C:\PycharmProjects\Alcohol Detection\dataset\Grupo_2\E_2_1\Iritech\E_2_1_2\E_2_1_2_L_5\via_region_data.json
E_2_1_2_L_M_N_N_1980_26_2017.bmp308278,Alcohol,C:\PycharmProjects\Alcohol Detection\dataset\Grupo_2\E_2_1\Iritech\E_2_1_2\E_2_1_2_L_5\via_region_data.json
E_2_1_2_L_M_N_N_1980_27_2017.bmp308278,Alcohol,C:\PycharmProjects\Alcohol Detection\dataset\Grupo_2\E_2_1\Iritech\E_2_1_2\E_2_1_2_L_5\via_region_data.json
E_2_1_2_L_M_N_N_1980_28_2017.bmp308278,Alcohol,C:\PycharmProjects\Alcohol Detection\dataset\Grupo_2\E_2_1\Iritech\E_2_1_2\E_2_1_2_L_5\via_region_data.json
E_2_1_2_L_M_N_N_1980_29_2017.bmp308278,Alcohol,C:\PycharmProjects\Alcohol Detection\dataset\Grupo_2\E_2_1\Iritech\E_2_1_2\E_2_1_2_L_5\via_region_data.json
E_2_1_2_L_M_N_N_1980_30_2017.bmp308278,Alcohol,C:\PycharmProjects\Alcohol Detection\dataset\Grupo_2\E_2_1\Iritech\E_2_1_2\E_2_1_2_L_5\via_region_data.json
E_2_1_2_L_M_N_N_1980_31_2017.bmp308278,Alcohol,C:\PycharmProjects\Alcohol Detection\dataset\Grupo_2\E_2_1\Iritech\E_2_1_2\E_2_1_2_L_5\via_region_data.json
E_2_1_2_L_M_N_N_1980_32_2017.bmp308278,Alcohol,C:\PycharmProjects\Alcohol Detection\dataset\Grupo_2\E_2_1\Iritech\E_2_1_2\E_2_1_2_L_5\via_region_data.json
E_2_1_2_L_M_N_N_1980_33_2017.bmp308278,Alcohol,C:\PycharmProjects\Alcohol Detection\dataset\Grupo_2\E_2_1\Iritech\E_2_1_2\E_2_1_2_L_5\via_region_data.json
E_2_1_2_L_M_N_N_1980_34_2017.bmp308278,Alcohol,C:\PycharmProjects\Alcohol Detection\dataset\Grupo_2\E_2_1\Iritech\E_2_1_2\E_2_1_2_L_5\via_region_data.json
E_2_1_2_L_M_N_N_1980_35_2017.bmp308278,Alcohol,C:\PycharmProjects\Alcohol Detection\dataset\Grupo_2\E_2_1\Iritech\E_2_1_2\E_2_1_2_L_5\via_region_data.json
E_2_1_2_L_M_N_N_1980_36_2017.bmp308278,Alcohol,C:\PycharmProjects\Alcohol Detection\dataset\Grupo_2\E_2_1\Iritech\E_2_1_2\E_2_1_2_L_5\via_region_data.json
E_2_1_2_L_M_N_N_1980_37_2017.bmp308278,Alcohol,C:\PycharmProjects\Alcohol Detection\dataset\Grupo_2\E_2_1\Iritech\E_2_1_2\E_2_1_2_L_5\via_region_data.json
E_2_1_2_L_M_N_N_1980_38_2017.bmp308278,Alcohol,C:\PycharmProjects\Alcohol Detection\dataset\Grupo_2\E_2_1\Iritech\E_2_1_2\E_2_1_2_L_5\via_region_data.json
E_2_1_2_L_M_N_N_1980_39_2017.bmp308278,Alcohol,C:\PycharmProjects\Alcohol Detection\dataset\Grupo_2\E_2_1\Iritech\E_2_1_2\E_2_1_2_L_5\via_region_data.json
E_2_1_2_L_M_N_N_1980_40_2017.bmp308278,Alcohol,C:\PycharmProjects\Alcohol Detection\dataset\Grupo_2\E_2_1\Iritech\E_2_1_2\E_2_1_2_L_5\via_region_data.json
E_2_1_2_L_M_N_N_1980_41_2017.bmp308278,Alcohol,C:\PycharmProjects\Alcohol Detection\dataset\Grupo_2\E_2_1\Iritech\E_2_1_2\E_2_1_2_L_5\via_region_data.json
E_2_1_2_L_M_N_N_1980_42_2017.bmp308278,Alcohol,C:\PycharmProjects\Alcohol Detection\dataset\Grupo_2\E_2_1\Iritech\E_2_1_2\E_2_1_2_L_5\via_region_data.json
E_2_1_2_L_M_N_N_1980_43_2017.bmp308278,Alcohol,C:\PycharmProjects\Alcohol Detection\dataset\Grupo_2\E_2_1\Iritech\E_2_1_2\E_2_1_2_L_5\via_region_data.json
E_2_1_2_L_M_N_N_1980_44_2017.bmp308278,Alcohol,C:\PycharmProjects\Alcohol Detection\dataset\Grupo_2\E_2_1\Iritech\E_2_1_2\E_2_1_2_L_5\via_region_data.json
E_2_1_2_L_M_N_N_1980_45_2017.bmp308278,Alcohol,C:\PycharmProjects\Alcohol Detection\dataset\Grupo_2\E_2_1\Iritech\E_2_1_2\E_2_1_2_L_5\via_region_data.json
E_2_1_2_L_M_N_N_1980_46_2017.bmp308278,Alcohol,C:\PycharmProjects\Alcohol Detection\dataset\Grupo_2\E_2_1\Iritech\E_2_1_2\E_2_1_2_L_5\via_region_data.json
E_2_1_2_L_M_N_N_1980_47_2017.bmp308278,Alcohol,C:\PycharmProjects\Alcohol Detection\dataset\Grupo_2\E_2_1\Iritech\E_2_1_2\E_2_1_2_L_5\via_region_data.json
E_2_1_2_L_M_N_N_1980_48_2017.bmp308278,Alcohol,C:\PycharmProjects\Alcohol Detection\dataset\Grupo_2\E_2_1\Iritech\E_2_1_2\E_2_1_2_L_5\via_region_data.json
E_2_1_2_L_M_N_N_1980_49_2017.bmp308278,Alcohol,C:\PycharmProjects\Alcohol Detection\dataset\Grupo_2\E_2_1\Iritech\E_2_1_2\E_2_1_2_L_5\via_region_data.json
E_2_1_2_L_M_N_N_1980_50_2017.bmp308278,Alcohol,C:\PycharmProjects\Alcohol Detection\dataset\Grupo_2\E_2_1\Iritech\E_2_1_2\E_2_1_2_L_5\via_region_data.json
E_2_1_2_L_M_N_N_1980_51_2017.bmp308278,Alcohol,C:\PycharmProjects\Alcohol Detection\dataset\Grupo_2\E_2_1\Iritech\E_2_1_2\E_2_1_2_L_5\via_region_data.json
E_2_1_2_L_M_N_N_1980_52_2017.bmp308278,Alcohol,C:\PycharmProjects\Alcohol Detection\dataset\Grupo_2\E_2_1\Iritech\E_2_1_2\E_2_1_2_L_5\via_region_data.json
E_2_1_2_L_M_N_N_1980_53_2017.bmp308278,Alcohol,C:\PycharmProjects\Alcohol Detection\dataset\Grupo_2\E_2_1\Iritech\E_2_1_2\E_2_1_2_L_5\via_region_data.json
E_2_1_2_L_M_N_N_1980_54_2017.bmp308278,Alcohol,C:\PycharmProjects\Alcohol Detection\dataset\Grupo_2\E_2_1\Iritech\E_2_1_2\E_2_1_2_L_5\via_region_data.json
E_2_1_2_L_M_N_N_1980_55_2017.bmp308278,Alcohol,C:\PycharmProjects\Alcohol Detection\dataset\Grupo_2\E_2_1\Iritech\E_2_1_2\E_2_1_2_L_5\via_region_data.json
E_2_1_2_L_M_N_N_1980_56_2017.bmp308278,Alcohol,C:\PycharmProjects\Alcohol Detection\dataset\Grupo_2\E_2_1\Iritech\E_2_1_2\E_2_1_2_L_5\via_region_data.json
E_2_1_2_L_M_N_N_1980_57_2017.bmp308278,Alcohol,C:\PycharmProjects\Alcohol Detection\dataset\Grupo_2\E_2_1\Iritech\E_2_1_2\E_2_1_2_L_5\via_region_data.json
E_2_1_2_L_M_N_N_1980_58_2017.bmp308278,Alcohol,C:\PycharmProjects\Alcohol Detection\dataset\Grupo_2\E_2_1\Iritech\E_2_1_2\E_2_1_2_L_5\via_region_data.json
E_2_1_2_L_M_N_N_1980_59_2017.bmp308278,Alcohol,C:\PycharmProjects\Alcohol Detection\dataset\Grupo_2\E_2_1\Iritech\E_2_1_2\E_2_1_2_L_5\via_region_data.json
E_2_1_2_L_M_N_N_1980_60_2017.bmp308278,Alcohol,C:\PycharmProjects\Alcohol Detection\dataset\Grupo_2\E_2_1\Iritech\E_2_1_2\E_2_1_2_L_5\via_region_data.json
E_2_1_2_L_M_N_N_1980_61_2017.bmp308278,Alcohol,C:\PycharmProjects\Alcohol Detection\dataset\Grupo_2\E_2_1\Iritech\E_2_1_2\E_2_1_2_L_5\via_region_data.json
E_2_1_2_L_M_N_N_1980_62_2017.bmp308278,Alcohol,C:\PycharmProjects\Alcohol Detection\dataset\Grupo_2\E_2_1\Iritech\E_2_1_2\E_2_1_2_L_5\via_region_data.json
E_2_1_2_L_M_N_N_1980_63_2017.bmp308278,Alcohol,C:\PycharmProjects\Alcohol Detection\dataset\Grupo_2\E_2_1\Iritech\E_2_1_2\E_2_1_2_L_5\via_region_data.json
E_2_1_2_L_M_N_N_1980_64_2017.bmp308278,Alcohol,C:\PycharmProjects\Alcohol Detection\dataset\Grupo_2\E_2_1\Iritech\E_2_1_2\E_2_1_2_L_5\via_region_data.json
E_2_1_2_L_M_N_N_1980_65_2017.bmp308278,Alcohol,C:\PycharmProjects\Alcohol Detection\dataset\Grupo_2\E_2_1\Iritech\E_2_1_2\E_2_1_2_L_5\via_region_data.json
E_2_1_2_L_M_N_N_1980_66_2017.bmp308278,Alcohol,C:\PycharmProjects\Alcohol Detection\dataset\Grupo_2\E_2_1\Iritech\E_2_1_2\E_2_1_2_L_5\via_region_data.json
E_2_1_2_L_M_N_N_1980_67_2017.bmp308278,Alcohol,C:\PycharmProjects\Alcohol Detection\dataset\Grupo_2\E_2_1\Iritech\E_2_1_2\E_2_1_2_L_5\via_region_data.json
E_2_1_2_L_M_N_N_1980_68_2017.bmp308278,Alcohol,C:\PycharmProjects\Alcohol Detection\dataset\Grupo_2\E_2_1\Iritech\E_2_1_2\E_2_1_2_L_5\via_region_data.json
E_2_1_2_L_M_N_N_1980_69_2017.bmp308278,Alcohol,C:\PycharmProjects\Alcohol Detection\dataset\Grupo_2\E_2_1\Iritech\E_2_1_2\E_2_1_2_L_5\via_region_data.json
E_2_1_2_L_M_N_N_1980_70_2017.bmp308278,Alcohol,C:\PycharmProjects\Alcohol Detection\dataset\Grupo_2\E_2_1\Iritech\E_2_1_2\E_2_1_2_L_5\via_region_data.json
E_2_1_2_L_M_N_N_1980_71_2017.bmp308278,Alcohol,C:\PycharmProjects\Alcohol Detection\dataset\Grupo_2\E_2_1\Iritech\E_2_1_2\E_2_1_2_L_5\via_region_data.json
E_2_1_2_L_M_N_N_1980_72_2017.bmp308278,Alcohol,C:\PycharmProjects\Alcohol Detection\dataset\Grupo_2\E_2_1\Iritech\E_2_1_2\E_2_1_2_L_5\via_region_data.json
E_2_1_2_L_M_N_N_1980_73_2017.bmp308278,Alcohol,C:\PycharmProjects\Alcohol Detection\dataset\Grupo_2\E_2_1\Iritech\E_2_1_2\E_2_1_2_L_5\via_region_data.json
E_2_1_2_L_M_N_N_1980_74_2017.bmp308278,Alcohol,C:\PycharmProjects\Alcohol Detection\dataset\Grupo_2\E_2_1\Iritech\E_2_1_2\E_2_1_2_L_5\via_region_data.json
E_2_1_2_L_M_N_N_1980_75_2017.bmp308278,Alcohol,C:\PycharmProjects\Alcohol Detection\dataset\Grupo_2\E_2_1\Iritech\E_2_1_2\E_2_1_2_L_5\via_region_data.json
E_2_1_2_L_M_N_N_1980_76_2017.bmp308278,Alcohol,C:\PycharmProjects\Alcohol Detection\dataset\Grupo_2\E_2_1\Iritech\E_2_1_2\E_2_1_2_L_5\via_region_data.json
E_2_1_2_L_M_N_N_1980_77_2017.bmp308278,Alcohol,C:\PycharmProjects\Alcohol Detection\dataset\Grupo_2\E_2_1\Iritech\E_2_1_2\E_2_1_2_L_5\via_region_data.json
E_2_1_2_R_M_N_N_1980_0_2017.bmp308278,Non-Alcohol,C:\PycharmProjects\Alcohol Detection\dataset\Grupo_2\E_2_1\Iritech\E_2_1_2\E_2_1_2_R_5\via_region_data.json
E_2_1_2_R_M_N_N_1980_1_2017.bmp308278,Alcohol,C:\PycharmProjects\Alcohol Detection\dataset\Grupo_2\E_2_1\Iritech\E_2_1_2\E_2_1_2_R_5\via_region_data.json
E_2_1_2_R_M_N_N_1980_2_2017.bmp308278,Alcohol,C:\PycharmProjects\Alcohol Detection\dataset\Grupo_2\E_2_1\Iritech\E_2_1_2\E_2_1_2_R_5\via_region_data.json
E_2_1_2_R_M_N_N_1980_3_2017.bmp308278,Alcohol,C:\PycharmProjects\Alcohol Detection\dataset\Grupo_2\E_2_1\Iritech\E_2_1_2\E_2_1_2_R_5\via_region_data.json
E_2_1_2_R_M_N_N_1980_4_2017.bmp308278,Alcohol,C:\PycharmProjects\Alcohol Detection\dataset\Grupo_2\E_2_1\Iritech\E_2_1_2\E_2_1_2_R_5\via_region_data.json
E_2_1_2_R_M_N_N_1980_5_2017.bmp308278,Alcohol,C:\PycharmProjects\Alcohol Detection\dataset\Grupo_2\E_2_1\Iritech\E_2_1_2\E_2_1_2_R_5\via_region_data.json
E_2_1_2_R_M_N_N_1980_6_2017.bmp308278,Alcohol,C:\PycharmProjects\Alcohol Detection\dataset\Grupo_2\E_2_1\Iritech\E_2_1_2\E_2_1_2_R_5\via_region_data.json
E_2_1_2_R_M_N_N_1980_7_2017.bmp308278,Alcohol,C:\PycharmProjects\Alcohol Detection\dataset\Grupo_2\E_2_1\Iritech\E_2_1_2\E_2_1_2_R_5\via_region_data.json
E_2_1_2_R_M_N_N_1980_8_2017.bmp308278,Alcohol,C:\PycharmProjects\Alcohol Detection\dataset\Grupo_2\E_2_1\Iritech\E_2_1_2\E_2_1_2_R_5\via_region_data.json
E_2_1_2_R_M_N_N_1980_9_2017.bmp308278,Alcohol,C:\PycharmProjects\Alcohol Detection\dataset\Grupo_2\E_2_1\Iritech\E_2_1_2\E_2_1_2_R_5\via_region_data.json
E_2_1_2_R_M_N_N_1980_10_2017.bmp308278,Alcohol,C:\PycharmProjects\Alcohol Detection\dataset\Grupo_2\E_2_1\Iritech\E_2_1_2\E_2_1_2_R_5\via_region_data.json
E_2_1_2_R_M_N_N_1980_11_2017.bmp308278,Alcohol,C:\PycharmProjects\Alcohol Detection\dataset\Grupo_2\E_2_1\Iritech\E_2_1_2\E_2_1_2_R_5\via_region_data.json
E_2_1_2_R_M_N_N_1980_12_2017.bmp308278,Alcohol,C:\PycharmProjects\Alcohol Detection\dataset\Grupo_2\E_2_1\Iritech\E_2_1_2\E_2_1_2_R_5\via_region_data.json
E_2_1_2_R_M_N_N_1980_13_2017.bmp308278,Alcohol,C:\PycharmProjects\Alcohol Detection\dataset\Grupo_2\E_2_1\Iritech\E_2_1_2\E_2_1_2_R_5\via_region_data.json
E_2_1_2_R_M_N_N_1980_14_2017.bmp308278,Alcohol,C:\PycharmProjects\Alcohol Detection\dataset\Grupo_2\E_2_1\Iritech\E_2_1_2\E_2_1_2_R_5\via_region_data.json
E_2_1_2_R_M_N_N_1980_15_2017.bmp308278,Alcohol,C:\PycharmProjects\Alcohol Detection\dataset\Grupo_2\E_2_1\Iritech\E_2_1_2\E_2_1_2_R_5\via_region_data.json
E_2_1_2_R_M_N_N_1980_16_2017.bmp308278,Alcohol,C:\PycharmProjects\Alcohol Detection\dataset\Grupo_2\E_2_1\Iritech\E_2_1_2\E_2_1_2_R_5\via_region_data.json
E_2_1_2_R_M_N_N_1980_17_2017.bmp308278,Alcohol,C:\PycharmProjects\Alcohol Detection\dataset\Grupo_2\E_2_1\Iritech\E_2_1_2\E_2_1_2_R_5\via_region_data.json
E_2_1_2_R_M_N_N_1980_18_2017.bmp308278,Alcohol,C:\PycharmProjects\Alcohol Detection\dataset\Grupo_2\E_2_1\Iritech\E_2_1_2\E_2_1_2_R_5\via_region_data.json
E_2_1_2_R_M_N_N_1980_19_2017.bmp308278,Alcohol,C:\PycharmProjects\Alcohol Detection\dataset\Grupo_2\E_2_1\Iritech\E_2_1_2\E_2_1_2_R_5\via_region_data.json
E_2_1_2_R_M_N_N_1980_20_2017.bmp308278,Alcohol,C:\PycharmProjects\Alcohol Detection\dataset\Grupo_2\E_2_1\Iritech\E_2_1_2\E_2_1_2_R_5\via_region_data.json
E_2_1_2_R_M_N_N_1980_21_2017.bmp308278,Alcohol,C:\PycharmProjects\Alcohol Detection\dataset\Grupo_2\E_2_1\Iritech\E_2_1_2\E_2_1_2_R_5\via_region_data.json
E_2_1_2_R_M_N_N_1980_22_2017.bmp308278,Alcohol,C:\PycharmProjects\Alcohol Detection\dataset\Grupo_2\E_2_1\Iritech\E_2_1_2\E_2_1_2_R_5\via_region_data.json
E_2_1_2_R_M_N_N_1980_23_2017.bmp308278,Alcohol,C:\PycharmProjects\Alcohol Detection\dataset\Grupo_2\E_2_1\Iritech\E_2_1_2\E_2_1_2_R_5\via_region_data.json
E_2_1_2_R_M_N_N_1980_24_2017.bmp308278,Alcohol,C:\PycharmProjects\Alcohol Detection\dataset\Grupo_2\E_2_1\Iritech\E_2_1_2\E_2_1_2_R_5\via_region_data.json
E_2_1_2_R_M_N_N_1980_25_2017.bmp308278,Alcohol,C:\PycharmProjects\Alcohol Detection\dataset\Grupo_2\E_2_1\Iritech\E_2_1_2\E_2_1_2_R_5\via_region_data.json
E_2_1_2_R_M_N_N_1980_26_2017.bmp308278,Alcohol,C:\PycharmProjects\Alcohol Detection\dataset\Grupo_2\E_2_1\Iritech\E_2_1_2\E_2_1_2_R_5\via_region_data.json
E_2_1_2_R_M_N_N_1980_27_2017.bmp308278,Alcohol,C:\PycharmProjects\Alcohol Detection\dataset\Grupo_2\E_2_1\Iritech\E_2_1_2\E_2_1_2_R_5\via_region_data.json
E_2_1_2_R_M_N_N_1980_28_2017.bmp308278,Alcohol,C:\PycharmProjects\Alcohol Detection\dataset\Grupo_2\E_2_1\Iritech\E_2_1_2\E_2_1_2_R_5\via_region_data.json
E_2_1_2_R_M_N_N_1980_29_2017.bmp308278,Alcohol,C:\PycharmProjects\Alcohol Detection\dataset\Grupo_2\E_2_1\Iritech\E_2_1_2\E_2_1_2_R_5\via_region_data.json
E_2_1_2_R_M_N_N_1980_30_2017.bmp308278,Alcohol,C:\PycharmProjects\Alcohol Detection\dataset\Grupo_2\E_2_1\Iritech\E_2_1_2\E_2_1_2_R_5\via_region_data.json
E_2_1_2_R_M_N_N_1980_31_2017.bmp308278,Alcohol,C:\PycharmProjects\Alcohol Detection\dataset\Grupo_2\E_2_1\Iritech\E_2_1_2\E_2_1_2_R_5\via_region_data.json
E_2_1_2_R_M_N_N_1980_32_2017.bmp308278,Alcohol,C:\PycharmProjects\Alcohol Detection\dataset\Grupo_2\E_2_1\Iritech\E_2_1_2\E_2_1_2_R_5\via_region_data.json
E_2_1_2_R_M_N_N_1980_33_2017.bmp308278,Alcohol,C:\PycharmProjects\Alcohol Detection\dataset\Grupo_2\E_2_1\Iritech\E_2_1_2\E_2_1_2_R_5\via_region_data.json
E_2_1_2_R_M_N_N_1980_34_2017.bmp308278,Alcohol,C:\PycharmProjects\Alcohol Detection\dataset\Grupo_2\E_2_1\Iritech\E_2_1_2\E_2_1_2_R_5\via_region_data.json
E_2_1_2_R_M_N_N_1980_35_2017.bmp308278,Alcohol,C:\PycharmProjects\Alcohol Detection\dataset\Grupo_2\E_2_1\Iritech\E_2_1_2\E_2_1_2_R_5\via_region_data.json
E_2_1_2_R_M_N_N_1980_36_2017.bmp308278,Alcohol,C:\PycharmProjects\Alcohol Detection\dataset\Grupo_2\E_2_1\Iritech\E_2_1_2\E_2_1_2_R_5\via_region_data.json
E_2_1_2_R_M_N_N_1980_37_2017.bmp308278,Alcohol,C:\PycharmProjects\Alcohol Detection\dataset\Grupo_2\E_2_1\Iritech\E_2_1_2\E_2_1_2_R_5\via_region_data.json
E_2_1_2_R_M_N_N_1980_38_2017.bmp308278,Alcohol,C:\PycharmProjects\Alcohol Detection\dataset\Grupo_2\E_2_1\Iritech\E_2_1_2\E_2_1_2_R_5\via_region_data.json
E_2_1_2_R_M_N_N_1980_39_2017.bmp308278,Alcohol,C:\PycharmProjects\Alcohol Detection\dataset\Grupo_2\E_2_1\Iritech\E_2_1_2\E_2_1_2_R_5\via_region_data.json
E_2_1_2_R_M_N_N_1980_40_2017.bmp308278,Alcohol,C:\PycharmProjects\Alcohol Detection\dataset\Grupo_2\E_2_1\Iritech\E_2_1_2\E_2_1_2_R_5\via_region_data.json
E_2_1_2_R_M_N_N_1980_41_2017.bmp308278,Alcohol,C:\PycharmProjects\Alcohol Detection\dataset\Grupo_2\E_2_1\Iritech\E_2_1_2\E_2_1_2_R_5\via_region_data.json
E_2_1_2_R_M_N_N_1980_42_2017.bmp308278,Alcohol,C:\PycharmProjects\Alcohol Detection\dataset\Grupo_2\E_2_1\Iritech\E_2_1_2\E_2_1_2_R_5\via_region_data.json
E_2_1_2_R_M_N_N_1980_43_2017.bmp308278,Alcohol,C:\PycharmProjects\Alcohol Detection\dataset\Grupo_2\E_2_1\Iritech\E_2_1_2\E_2_1_2_R_5\via_region_data.json
E_2_1_2_R_M_N_N_1980_44_2017.bmp308278,Alcohol,C:\PycharmProjects\Alcohol Detection\dataset\Grupo_2\E_2_1\Iritech\E_2_1_2\E_2_1_2_R_5\via_region_data.json
E_2_1_2_R_M_N_N_1980_45_2017.bmp308278,Alcohol,C:\PycharmProjects\Alcohol Detection\dataset\Grupo_2\E_2_1\Iritech\E_2_1_2\E_2_1_2_R_5\via_region_data.json
E_2_1_2_R_M_N_N_1980_46_2017.bmp308278,Alcohol,C:\PycharmProjects\Alcohol Detection\dataset\Grupo_2\E_2_1\Iritech\E_2_1_2\E_2_1_2_R_5\via_region_data.json
E_2_1_2_R_M_N_N_1980_47_2017.bmp308278,Alcohol,C:\PycharmProjects\Alcohol Detection\dataset\Grupo_2\E_2_1\Iritech\E_2_1_2\E_2_1_2_R_5\via_region_data.json
E_2_1_2_R_M_N_N_1980_48_2017.bmp308278,Alcohol,C:\PycharmProjects\Alcohol Detection\dataset\Grupo_2\E_2_1\Iritech\E_2_1_2\E_2_1_2_R_5\via_region_data.json
E_2_1_2_R_M_N_N_1980_49_2017.bmp308278,Alcohol,C:\PycharmProjects\Alcohol Detection\dataset\Grupo_2\E_2_1\Iritech\E_2_1_2\E_2_1_2_R_5\via_region_data.json
E_2_1_2_R_M_N_N_1980_50_2017.bmp308278,Alcohol,C:\PycharmProjects\Alcohol Detection\dataset\Grupo_2\E_2_1\Iritech\E_2_1_2\E_2_1_2_R_5\via_region_data.json
E_2_1_2_R_M_N_N_1980_51_2017.bmp308278,Alcohol,C:\PycharmProjects\Alcohol Detection\dataset\Grupo_2\E_2_1\Iritech\E_2_1_2\E_2_1_2_R_5\via_region_data.json
E_2_1_2_R_M_N_N_1980_52_2017.bmp308278,Alcohol,C:\PycharmProjects\Alcohol Detection\dataset\Grupo_2\E_2_1\Iritech\E_2_1_2\E_2_1_2_R_5\via_region_data.json
E_2_1_2_R_M_N_N_1980_53_2017.bmp308278,Alcohol,C:\PycharmProjects\Alcohol Detection\dataset\Grupo_2\E_2_1\Iritech\E_2_1_2\E_2_1_2_R_5\via_region_data.json
E_2_1_2_R_M_N_N_1980_54_2017.bmp308278,Alcohol,C:\PycharmProjects\Alcohol Detection\dataset\Grupo_2\E_2_1\Iritech\E_2_1_2\E_2_1_2_R_5\via_region_data.json
E_2_1_2_R_M_N_N_1980_55_2017.bmp308278,Alcohol,C:\PycharmProjects\Alcohol Detection\dataset\Grupo_2\E_2_1\Iritech\E_2_1_2\E_2_1_2_R_5\via_region_data.json
E_2_1_2_R_M_N_N_1980_56_2017.bmp308278,Alcohol,C:\PycharmProjects\Alcohol Detection\dataset\Grupo_2\E_2_1\Iritech\E_2_1_2\E_2_1_2_R_5\via_region_data.json
E_2_1_2_R_M_N_N_1980_57_2017.bmp308278,Alcohol,C:\PycharmProjects\Alcohol Detection\dataset\Grupo_2\E_2_1\Iritech\E_2_1_2\E_2_1_2_R_5\via_region_data.json
E_2_1_2_R_M_N_N_1980_58_2017.bmp308278,Alcohol,C:\PycharmProjects\Alcohol Detection\dataset\Grupo_2\E_2_1\Iritech\E_2_1_2\E_2_1_2_R_5\via_region_data.json
E_2_1_2_R_M_N_N_1980_59_2017.bmp308278,Alcohol,C:\PycharmProjects\Alcohol Detection\dataset\Grupo_2\E_2_1\Iritech\E_2_1_2\E_2_1_2_R_5\via_region_data.json
E_2_1_2_R_M_N_N_1980_60_2017.bmp308278,Alcohol,C:\PycharmProjects\Alcohol Detection\dataset\Grupo_2\E_2_1\Iritech\E_2_1_2\E_2_1_2_R_5\via_region_data.json
E_2_1_2_R_M_N_N_1980_61_2017.bmp308278,Alcohol,C:\PycharmProjects\Alcohol Detection\dataset\Grupo_2\E_2_1\Iritech\E_2_1_2\E_2_1_2_R_5\via_region_data.json
E_2_1_2_R_M_N_N_1980_62_2017.bmp308278,Alcohol,C:\PycharmProjects\Alcohol Detection\dataset\Grupo_2\E_2_1\Iritech\E_2_1_2\E_2_1_2_R_5\via_region_data.json
E_2_1_2_R_M_N_N_1980_63_2017.bmp308278,Alcohol,C:\PycharmProjects\Alcohol Detection\dataset\Grupo_2\E_2_1\Iritech\E_2_1_2\E_2_1_2_R_5\via_region_data.json
E_2_1_2_R_M_N_N_1980_64_2017.bmp308278,Alcohol,C:\PycharmProjects\Alcohol Detection\dataset\Grupo_2\E_2_1\Iritech\E_2_1_2\E_2_1_2_R_5\via_region_data.json
E_2_1_2_R_M_N_N_1980_65_2017.bmp308278,Alcohol,C:\PycharmProjects\Alcohol Detection\dataset\Grupo_2\E_2_1\Iritech\E_2_1_2\E_2_1_2_R_5\via_region_data.json
E_2_1_2_R_M_N_N_1980_66_2017.bmp308278,Alcohol,C:\PycharmProjects\Alcohol Detection\dataset\Grupo_2\E_2_1\Iritech\E_2_1_2\E_2_1_2_R_5\via_region_data.json
E_2_1_2_R_M_N_N_1980_67_2017.bmp308278,Alcohol,C:\PycharmProjects\Alcohol Detection\dataset\Grupo_2\E_2_1\Iritech\E_2_1_2\E_2_1_2_R_5\via_region_data.json
E_2_1_2_R_M_N_N_1980_68_2017.bmp308278,Alcohol,C:\PycharmProjects\Alcohol Detection\dataset\Grupo_2\E_2_1\Iritech\E_2_1_2\E_2_1_2_R_5\via_region_data.json
E_2_1_2_R_M_N_N_1980_69_2017.bmp308278,Alcohol,C:\PycharmProjects\Alcohol Detection\dataset\Grupo_2\E_2_1\Iritech\E_2_1_2\E_2_1_2_R_5\via_region_data.json
E_2_1_2_R_M_N_N_1980_70_2017.bmp308278,Alcohol,C:\PycharmProjects\Alcohol Detection\dataset\Grupo_2\E_2_1\Iritech\E_2_1_2\E_2_1_2_R_5\via_region_data.json
E_2_1_2_R_M_N_N_1980_71_2017.bmp308278,Alcohol,C:\PycharmProjects\Alcohol Detection\dataset\Grupo_2\E_2_1\Iritech\E_2_1_2\E_2_1_2_R_5\via_region_data.json
E_2_1_2_R_M_N_N_1980_72_2017.bmp308278,Alcohol,C:\PycharmProjects\Alcohol Detection\dataset\Grupo_2\E_2_1\Iritech\E_2_1_2\E_2_1_2_R_5\via_region_data.json
E_2_1_2_R_M_N_N_1980_73_2017.bmp308278,Alcohol,C:\PycharmProjects\Alcohol Detection\dataset\Grupo_2\E_2_1\Iritech\E_2_1_2\E_2_1_2_R_5\via_region_data.json
E_2_1_2_R_M_N_N_1980_74_2017.bmp308278,Alcohol,C:\PycharmProjects\Alcohol Detection\dataset\Grupo_2\E_2_1\Iritech\E_2_1_2\E_2_1_2_R_5\via_region_data.json
E_2_1_2_R_M_N_N_1980_75_2017.bmp308278,Alcohol,C:\PycharmProjects\Alcohol Detection\dataset\Grupo_2\E_2_1\Iritech\E_2_1_2\E_2_1_2_R_5\via_region_data.json
E_2_1_2_R_M_N_N_1980_76_2017.bmp308278,Alcohol,C:\PycharmProjects\Alcohol Detection\dataset\Grupo_2\E_2_1\Iritech\E_2_1_2\E_2_1_2_R_5\via_region_data.json
E_2_1_2_R_M_N_N_1980_77_2017.bmp308278,Alcohol,C:\PycharmProjects\Alcohol Detection\dataset\Grupo_2\E_2_1\Iritech\E_2_1_2\E_2_1_2_R_5\via_region_data.json
E_2_1_2_R_M_N_N_1980_78_2017.bmp308278,Alcohol,C:\PycharmProjects\Alcohol Detection\dataset\Grupo_2\E_2_1\Iritech\E_2_1_2\E_2_1_2_R_5\via_region_data.json
E_2_1_3_L_M_N_N_1980_0_2017.bmp308278,Non-Alcohol,C:\PycharmProjects\Alcohol Detection\dataset\Grupo_2\E_2_1\Iritech\E_2_1_3\via_region_data.json
E_2_1_3_R_M_N_N_1980_0_2017.bmp308278,Non-Alcohol,C:\PycharmProjects\Alcohol Detection\dataset\Grupo_2\E_2_1\Iritech\E_2_1_3\via_region_data.json
E_2_1_3_L_M_N_N_1980_0_2017.bmp308278,Non-Alcohol,C:\PycharmProjects\Alcohol Detection\dataset\Grupo_2\E_2_1\Iritech\E_2_1_3\E_2_1_3_L_5\via_region_data.json
E_2_1_3_L_M_N_N_1980_1_2017.bmp308278,Alcohol,C:\PycharmProjects\Alcohol Detection\dataset\Grupo_2\E_2_1\Iritech\E_2_1_3\E_2_1_3_L_5\via_region_data.json
E_2_1_3_L_M_N_N_1980_2_2017.bmp308278,Alcohol,C:\PycharmProjects\Alcohol Detection\dataset\Grupo_2\E_2_1\Iritech\E_2_1_3\E_2_1_3_L_5\via_region_data.json
E_2_1_3_L_M_N_N_1980_3_2017.bmp308278,Alcohol,C:\PycharmProjects\Alcohol Detection\dataset\Grupo_2\E_2_1\Iritech\E_2_1_3\E_2_1_3_L_5\via_region_data.json
E_2_1_3_L_M_N_N_1980_4_2017.bmp308278,Alcohol,C:\PycharmProjects\Alcohol Detection\dataset\Grupo_2\E_2_1\Iritech\E_2_1_3\E_2_1_3_L_5\via_region_data.json
E_2_1_3_L_M_N_N_1980_5_2017.bmp308278,Alcohol,C:\PycharmProjects\Alcohol Detection\dataset\Grupo_2\E_2_1\Iritech\E_2_1_3\E_2_1_3_L_5\via_region_data.json
E_2_1_3_L_M_N_N_1980_6_2017.bmp308278,Alcohol,C:\PycharmProjects\Alcohol Detection\dataset\Grupo_2\E_2_1\Iritech\E_2_1_3\E_2_1_3_L_5\via_region_data.json
E_2_1_3_L_M_N_N_1980_7_2017.bmp308278,Alcohol,C:\PycharmProjects\Alcohol Detection\dataset\Grupo_2\E_2_1\Iritech\E_2_1_3\E_2_1_3_L_5\via_region_data.json
E_2_1_3_L_M_N_N_1980_8_2017.bmp308278,Alcohol,C:\PycharmProjects\Alcohol Detection\dataset\Grupo_2\E_2_1\Iritech\E_2_1_3\E_2_1_3_L_5\via_region_data.json
E_2_1_3_L_M_N_N_1980_9_2017.bmp308278,Alcohol,C:\PycharmProjects\Alcohol Detection\dataset\Grupo_2\E_2_1\Iritech\E_2_1_3\E_2_1_3_L_5\via_region_data.json
E_2_1_3_L_M_N_N_1980_10_2017.bmp308278,Alcohol,C:\PycharmProjects\Alcohol Detection\dataset\Grupo_2\E_2_1\Iritech\E_2_1_3\E_2_1_3_L_5\via_region_data.json
E_2_1_3_L_M_N_N_1980_11_2017.bmp308278,Alcohol,C:\PycharmProjects\Alcohol Detection\dataset\Grupo_2\E_2_1\Iritech\E_2_1_3\E_2_1_3_L_5\via_region_data.json
E_2_1_3_L_M_N_N_1980_12_2017.bmp308278,Alcohol,C:\PycharmProjects\Alcohol Detection\dataset\Grupo_2\E_2_1\Iritech\E_2_1_3\E_2_1_3_L_5\via_region_data.json
E_2_1_3_L_M_N_N_1980_13_2017.bmp308278,Alcohol,C:\PycharmProjects\Alcohol Detection\dataset\Grupo_2\E_2_1\Iritech\E_2_1_3\E_2_1_3_L_5\via_region_data.json
E_2_1_3_L_M_N_N_1980_14_2017.bmp308278,Alcohol,C:\PycharmProjects\Alcohol Detection\dataset\Grupo_2\E_2_1\Iritech\E_2_1_3\E_2_1_3_L_5\via_region_data.json
E_2_1_3_L_M_N_N_1980_15_2017.bmp308278,Alcohol,C:\PycharmProjects\Alcohol Detection\dataset\Grupo_2\E_2_1\Iritech\E_2_1_3\E_2_1_3_L_5\via_region_data.json
E_2_1_3_L_M_N_N_1980_16_2017.bmp308278,Alcohol,C:\PycharmProjects\Alcohol Detection\dataset\Grupo_2\E_2_1\Iritech\E_2_1_3\E_2_1_3_L_5\via_region_data.json
E_2_1_3_L_M_N_N_1980_17_2017.bmp308278,Alcohol,C:\PycharmProjects\Alcohol Detection\dataset\Grupo_2\E_2_1\Iritech\E_2_1_3\E_2_1_3_L_5\via_region_data.json
E_2_1_3_L_M_N_N_1980_18_2017.bmp308278,Alcohol,C:\PycharmProjects\Alcohol Detection\dataset\Grupo_2\E_2_1\Iritech\E_2_1_3\E_2_1_3_L_5\via_region_data.json
E_2_1_3_L_M_N_N_1980_19_2017.bmp308278,Alcohol,C:\PycharmProjects\Alcohol Detection\dataset\Grupo_2\E_2_1\Iritech\E_2_1_3\E_2_1_3_L_5\via_region_data.json
E_2_1_3_L_M_N_N_1980_20_2017.bmp308278,Alcohol,C:\PycharmProjects\Alcohol Detection\dataset\Grupo_2\E_2_1\Iritech\E_2_1_3\E_2_1_3_L_5\via_region_data.json
E_2_1_3_L_M_N_N_1980_21_2017.bmp308278,Alcohol,C:\PycharmProjects\Alcohol Detection\dataset\Grupo_2\E_2_1\Iritech\E_2_1_3\E_2_1_3_L_5\via_region_data.json
E_2_1_3_L_M_N_N_1980_22_2017.bmp308278,Alcohol,C:\PycharmProjects\Alcohol Detection\dataset\Grupo_2\E_2_1\Iritech\E_2_1_3\E_2_1_3_L_5\via_region_data.json
E_2_1_3_L_M_N_N_1980_23_2017.bmp308278,Alcohol,C:\PycharmProjects\Alcohol Detection\dataset\Grupo_2\E_2_1\Iritech\E_2_1_3\E_2_1_3_L_5\via_region_data.json
E_2_1_3_L_M_N_N_1980_24_2017.bmp308278,Alcohol,C:\PycharmProjects\Alcohol Detection\dataset\Grupo_2\E_2_1\Iritech\E_2_1_3\E_2_1_3_L_5\via_region_data.json
E_2_1_3_L_M_N_N_1980_25_2017.bmp308278,Alcohol,C:\PycharmProjects\Alcohol Detection\dataset\Grupo_2\E_2_1\Iritech\E_2_1_3\E_2_1_3_L_5\via_region_data.json
E_2_1_3_L_M_N_N_1980_26_2017.bmp308278,Alcohol,C:\PycharmProjects\Alcohol Detection\dataset\Grupo_2\E_2_1\Iritech\E_2_1_3\E_2_1_3_L_5\via_region_data.json
E_2_1_3_L_M_N_N_1980_27_2017.bmp308278,Alcohol,C:\PycharmProjects\Alcohol Detection\dataset\Grupo_2\E_2_1\Iritech\E_2_1_3\E_2_1_3_L_5\via_region_data.json
E_2_1_3_L_M_N_N_1980_28_2017.bmp308278,Alcohol,C:\PycharmProjects\Alcohol Detection\dataset\Grupo_2\E_2_1\Iritech\E_2_1_3\E_2_1_3_L_5\via_region_data.json
E_2_1_3_L_M_N_N_1980_29_2017.bmp308278,Alcohol,C:\PycharmProjects\Alcohol Detection\dataset\Grupo_2\E_2_1\Iritech\E_2_1_3\E_2_1_3_L_5\via_region_data.json
E_2_1_3_L_M_N_N_1980_30_2017.bmp308278,Alcohol,C:\PycharmProjects\Alcohol Detection\dataset\Grupo_2\E_2_1\Iritech\E_2_1_3\E_2_1_3_L_5\via_region_data.json
E_2_1_3_L_M_N_N_1980_31_2017.bmp308278,Alcohol,C:\PycharmProjects\Alcohol Detection\dataset\Grupo_2\E_2_1\Iritech\E_2_1_3\E_2_1_3_L_5\via_region_data.json
E_2_1_3_L_M_N_N_1980_32_2017.bmp308278,Alcohol,C:\PycharmProjects\Alcohol Detection\dataset\Grupo_2\E_2_1\Iritech\E_2_1_3\E_2_1_3_L_5\via_region_data.json
E_2_1_3_L_M_N_N_1980_33_2017.bmp308278,Alcohol,C:\PycharmProjects\Alcohol Detection\dataset\Grupo_2\E_2_1\Iritech\E_2_1_3\E_2_1_3_L_5\via_region_data.json
E_2_1_3_L_M_N_N_1980_34_2017.bmp308278,Alcohol,C:\PycharmProjects\Alcohol Detection\dataset\Grupo_2\E_2_1\Iritech\E_2_1_3\E_2_1_3_L_5\via_region_data.json
E_2_1_3_L_M_N_N_1980_35_2017.bmp308278,Alcohol,C:\PycharmProjects\Alcohol Detection\dataset\Grupo_2\E_2_1\Iritech\E_2_1_3\E_2_1_3_L_5\via_region_data.json
E_2_1_3_L_M_N_N_1980_36_2017.bmp308278,Alcohol,C:\PycharmProjects\Alcohol Detection\dataset\Grupo_2\E_2_1\Iritech\E_2_1_3\E_2_1_3_L_5\via_region_data.json
E_2_1_3_L_M_N_N_1980_37_2017.bmp308278,Alcohol,C:\PycharmProjects\Alcohol Detection\dataset\Grupo_2\E_2_1\Iritech\E_2_1_3\E_2_1_3_L_5\via_region_data.json
E_2_1_3_L_M_N_N_1980_38_2017.bmp308278,Alcohol,C:\PycharmProjects\Alcohol Detection\dataset\Grupo_2\E_2_1\Iritech\E_2_1_3\E_2_1_3_L_5\via_region_data.json
E_2_1_3_L_M_N_N_1980_39_2017.bmp308278,Alcohol,C:\PycharmProjects\Alcohol Detection\dataset\Grupo_2\E_2_1\Iritech\E_2_1_3\E_2_1_3_L_5\via_region_data.json
E_2_1_3_L_M_N_N_1980_40_2017.bmp308278,Alcohol,C:\PycharmProjects\Alcohol Detection\dataset\Grupo_2\E_2_1\Iritech\E_2_1_3\E_2_1_3_L_5\via_region_data.json
E_2_1_3_L_M_N_N_1980_41_2017.bmp308278,Alcohol,C:\PycharmProjects\Alcohol Detection\dataset\Grupo_2\E_2_1\Iritech\E_2_1_3\E_2_1_3_L_5\via_region_data.json
E_2_1_3_L_M_N_N_1980_42_2017.bmp308278,Alcohol,C:\PycharmProjects\Alcohol Detection\dataset\Grupo_2\E_2_1\Iritech\E_2_1_3\E_2_1_3_L_5\via_region_data.json
E_2_1_3_L_M_N_N_1980_43_2017.bmp308278,Alcohol,C:\PycharmProjects\Alcohol Detection\dataset\Grupo_2\E_2_1\Iritech\E_2_1_3\E_2_1_3_L_5\via_region_data.json
E_2_1_3_L_M_N_N_1980_44_2017.bmp308278,Alcohol,C:\PycharmProjects\Alcohol Detection\dataset\Grupo_2\E_2_1\Iritech\E_2_1_3\E_2_1_3_L_5\via_region_data.json
E_2_1_3_L_M_N_N_1980_45_2017.bmp308278,Alcohol,C:\PycharmProjects\Alcohol Detection\dataset\Grupo_2\E_2_1\Iritech\E_2_1_3\E_2_1_3_L_5\via_region_data.json
E_2_1_3_L_M_N_N_1980_46_2017.bmp308278,Alcohol,C:\PycharmProjects\Alcohol Detection\dataset\Grupo_2\E_2_1\Iritech\E_2_1_3\E_2_1_3_L_5\via_region_data.json
E_2_1_3_L_M_N_N_1980_47_2017.bmp308278,Alcohol,C:\PycharmProjects\Alcohol Detection\dataset\Grupo_2\E_2_1\Iritech\E_2_1_3\E_2_1_3_L_5\via_region_data.json
E_2_1_3_L_M_N_N_1980_48_2017.bmp308278,Alcohol,C:\PycharmProjects\Alcohol Detection\dataset\Grupo_2\E_2_1\Iritech\E_2_1_3\E_2_1_3_L_5\via_region_data.json
E_2_1_3_L_M_N_N_1980_49_2017.bmp308278,Alcohol,C:\PycharmProjects\Alcohol Detection\dataset\Grupo_2\E_2_1\Iritech\E_2_1_3\E_2_1_3_L_5\via_region_data.json
E_2_1_3_L_M_N_N_1980_50_2017.bmp308278,Alcohol,C:\PycharmProjects\Alcohol Detection\dataset\Grupo_2\E_2_1\Iritech\E_2_1_3\E_2_1_3_L_5\via_region_data.json
E_2_1_3_L_M_N_N_1980_51_2017.bmp308278,Alcohol,C:\PycharmProjects\Alcohol Detection\dataset\Grupo_2\E_2_1\Iritech\E_2_1_3\E_2_1_3_L_5\via_region_data.json
E_2_1_3_L_M_N_N_1980_52_2017.bmp308278,Alcohol,C:\PycharmProjects\Alcohol Detection\dataset\Grupo_2\E_2_1\Iritech\E_2_1_3\E_2_1_3_L_5\via_region_data.json
E_2_1_3_L_M_N_N_1980_53_2017.bmp308278,Alcohol,C:\PycharmProjects\Alcohol Detection\dataset\Grupo_2\E_2_1\Iritech\E_2_1_3\E_2_1_3_L_5\via_region_data.json
E_2_1_3_L_M_N_N_1980_54_2017.bmp308278,Alcohol,C:\PycharmProjects\Alcohol Detection\dataset\Grupo_2\E_2_1\Iritech\E_2_1_3\E_2_1_3_L_5\via_region_data.json
E_2_1_3_L_M_N_N_1980_55_2017.bmp308278,Alcohol,C:\PycharmProjects\Alcohol Detection\dataset\Grupo_2\E_2_1\Iritech\E_2_1_3\E_2_1_3_L_5\via_region_data.json
E_2_1_3_L_M_N_N_1980_56_2017.bmp308278,Alcohol,C:\PycharmProjects\Alcohol Detection\dataset\Grupo_2\E_2_1\Iritech\E_2_1_3\E_2_1_3_L_5\via_region_data.json
E_2_1_3_L_M_N_N_1980_57_2017.bmp308278,Alcohol,C:\PycharmProjects\Alcohol Detection\dataset\Grupo_2\E_2_1\Iritech\E_2_1_3\E_2_1_3_L_5\via_region_data.json
E_2_1_3_L_M_N_N_1980_58_2017.bmp308278,Alcohol,C:\PycharmProjects\Alcohol Detection\dataset\Grupo_2\E_2_1\Iritech\E_2_1_3\E_2_1_3_L_5\via_region_data.json
E_2_1_3_L_M_N_N_1980_59_2017.bmp308278,Alcohol,C:\PycharmProjects\Alcohol Detection\dataset\Grupo_2\E_2_1\Iritech\E_2_1_3\E_2_1_3_L_5\via_region_data.json
E_2_1_3_L_M_N_N_1980_60_2017.bmp308278,Alcohol,C:\PycharmProjects\Alcohol Detection\dataset\Grupo_2\E_2_1\Iritech\E_2_1_3\E_2_1_3_L_5\via_region_data.json
E_2_1_3_L_M_N_N_1980_61_2017.bmp308278,Alcohol,C:\PycharmProjects\Alcohol Detection\dataset\Grupo_2\E_2_1\Iritech\E_2_1_3\E_2_1_3_L_5\via_region_data.json
E_2_1_3_L_M_N_N_1980_62_2017.bmp308278,Alcohol,C:\PycharmProjects\Alcohol Detection\dataset\Grupo_2\E_2_1\Iritech\E_2_1_3\E_2_1_3_L_5\via_region_data.json
E_2_1_3_L_M_N_N_1980_63_2017.bmp308278,Alcohol,C:\PycharmProjects\Alcohol Detection\dataset\Grupo_2\E_2_1\Iritech\E_2_1_3\E_2_1_3_L_5\via_region_data.json
E_2_1_3_L_M_N_N_1980_64_2017.bmp308278,Alcohol,C:\PycharmProjects\Alcohol Detection\dataset\Grupo_2\E_2_1\Iritech\E_2_1_3\E_2_1_3_L_5\via_region_data.json
E_2_1_3_L_M_N_N_1980_65_2017.bmp308278,Alcohol,C:\PycharmProjects\Alcohol Detection\dataset\Grupo_2\E_2_1\Iritech\E_2_1_3\E_2_1_3_L_5\via_region_data.json
E_2_1_3_L_M_N_N_1980_66_2017.bmp308278,Alcohol,C:\PycharmProjects\Alcohol Detection\dataset\Grupo_2\E_2_1\Iritech\E_2_1_3\E_2_1_3_L_5\via_region_data.json
E_2_1_3_L_M_N_N_1980_67_2017.bmp308278,Alcohol,C:\PycharmProjects\Alcohol Detection\dataset\Grupo_2\E_2_1\Iritech\E_2_1_3\E_2_1_3_L_5\via_region_data.json
E_2_1_3_L_M_N_N_1980_68_2017.bmp308278,Alcohol,C:\PycharmProjects\Alcohol Detection\dataset\Grupo_2\E_2_1\Iritech\E_2_1_3\E_2_1_3_L_5\via_region_data.json
E_2_1_3_L_M_N_N_1980_69_2017.bmp308278,Alcohol,C:\PycharmProjects\Alcohol Detection\dataset\Grupo_2\E_2_1\Iritech\E_2_1_3\E_2_1_3_L_5\via_region_data.json
E_2_1_3_L_M_N_N_1980_70_2017.bmp308278,Alcohol,C:\PycharmProjects\Alcohol Detection\dataset\Grupo_2\E_2_1\Iritech\E_2_1_3\E_2_1_3_L_5\via_region_data.json
E_2_1_3_L_M_N_N_1980_71_2017.bmp308278,Alcohol,C:\PycharmProjects\Alcohol Detection\dataset\Grupo_2\E_2_1\Iritech\E_2_1_3\E_2_1_3_L_5\via_region_data.json
E_2_1_3_L_M_N_N_1980_72_2017.bmp308278,Alcohol,C:\PycharmProjects\Alcohol Detection\dataset\Grupo_2\E_2_1\Iritech\E_2_1_3\E_2_1_3_L_5\via_region_data.json
E_2_1_3_L_M_N_N_1980_73_2017.bmp308278,Alcohol,C:\PycharmProjects\Alcohol Detection\dataset\Grupo_2\E_2_1\Iritech\E_2_1_3\E_2_1_3_L_5\via_region_data.json
E_2_1_3_L_M_N_N_1980_74_2017.bmp308278,Alcohol,C:\PycharmProjects\Alcohol Detection\dataset\Grupo_2\E_2_1\Iritech\E_2_1_3\E_2_1_3_L_5\via_region_data.json
E_2_1_3_L_M_N_N_1980_75_2017.bmp308278,Alcohol,C:\PycharmProjects\Alcohol Detection\dataset\Grupo_2\E_2_1\Iritech\E_2_1_3\E_2_1_3_L_5\via_region_data.json
E_2_1_3_L_M_N_N_1980_76_2017.bmp308278,Alcohol,C:\PycharmProjects\Alcohol Detection\dataset\Grupo_2\E_2_1\Iritech\E_2_1_3\E_2_1_3_L_5\via_region_data.json
E_2_1_3_R_M_N_N_1980_0_2017.bmp308278,Non-Alcohol,C:\PycharmProjects\Alcohol Detection\dataset\Grupo_2\E_2_1\Iritech\E_2_1_3\E_2_1_3_R_5\via_region_data.json
E_2_1_3_R_M_N_N_1980_1_2017.bmp308278,Alcohol,C:\PycharmProjects\Alcohol Detection\dataset\Grupo_2\E_2_1\Iritech\E_2_1_3\E_2_1_3_R_5\via_region_data.json
E_2_1_3_R_M_N_N_1980_2_2017.bmp308278,Alcohol,C:\PycharmProjects\Alcohol Detection\dataset\Grupo_2\E_2_1\Iritech\E_2_1_3\E_2_1_3_R_5\via_region_data.json
E_2_1_3_R_M_N_N_1980_3_2017.bmp308278,Alcohol,C:\PycharmProjects\Alcohol Detection\dataset\Grupo_2\E_2_1\Iritech\E_2_1_3\E_2_1_3_R_5\via_region_data.json
E_2_1_3_R_M_N_N_1980_4_2017.bmp308278,Alcohol,C:\PycharmProjects\Alcohol Detection\dataset\Grupo_2\E_2_1\Iritech\E_2_1_3\E_2_1_3_R_5\via_region_data.json
E_2_1_3_R_M_N_N_1980_5_2017.bmp308278,Alcohol,C:\PycharmProjects\Alcohol Detection\dataset\Grupo_2\E_2_1\Iritech\E_2_1_3\E_2_1_3_R_5\via_region_data.json
E_2_1_3_R_M_N_N_1980_6_2017.bmp308278,Alcohol,C:\PycharmProjects\Alcohol Detection\dataset\Grupo_2\E_2_1\Iritech\E_2_1_3\E_2_1_3_R_5\via_region_data.json
E_2_1_3_R_M_N_N_1980_7_2017.bmp308278,Alcohol,C:\PycharmProjects\Alcohol Detection\dataset\Grupo_2\E_2_1\Iritech\E_2_1_3\E_2_1_3_R_5\via_region_data.json
E_2_1_3_R_M_N_N_1980_8_2017.bmp308278,Alcohol,C:\PycharmProjects\Alcohol Detection\dataset\Grupo_2\E_2_1\Iritech\E_2_1_3\E_2_1_3_R_5\via_region_data.json
E_2_1_3_R_M_N_N_1980_9_2017.bmp308278,Alcohol,C:\PycharmProjects\Alcohol Detection\dataset\Grupo_2\E_2_1\Iritech\E_2_1_3\E_2_1_3_R_5\via_region_data.json
E_2_1_3_R_M_N_N_1980_10_2017.bmp308278,Alcohol,C:\PycharmProjects\Alcohol Detection\dataset\Grupo_2\E_2_1\Iritech\E_2_1_3\E_2_1_3_R_5\via_region_data.json
E_2_1_3_R_M_N_N_1980_11_2017.bmp308278,Alcohol,C:\PycharmProjects\Alcohol Detection\dataset\Grupo_2\E_2_1\Iritech\E_2_1_3\E_2_1_3_R_5\via_region_data.json
E_2_1_3_R_M_N_N_1980_12_2017.bmp308278,Alcohol,C:\PycharmProjects\Alcohol Detection\dataset\Grupo_2\E_2_1\Iritech\E_2_1_3\E_2_1_3_R_5\via_region_data.json
E_2_1_3_R_M_N_N_1980_13_2017.bmp308278,Alcohol,C:\PycharmProjects\Alcohol Detection\dataset\Grupo_2\E_2_1\Iritech\E_2_1_3\E_2_1_3_R_5\via_region_data.json
E_2_1_3_R_M_N_N_1980_14_2017.bmp308278,Alcohol,C:\PycharmProjects\Alcohol Detection\dataset\Grupo_2\E_2_1\Iritech\E_2_1_3\E_2_1_3_R_5\via_region_data.json
E_2_1_3_R_M_N_N_1980_15_2017.bmp308278,Alcohol,C:\PycharmProjects\Alcohol Detection\dataset\Grupo_2\E_2_1\Iritech\E_2_1_3\E_2_1_3_R_5\via_region_data.json
E_2_1_3_R_M_N_N_1980_16_2017.bmp308278,Alcohol,C:\PycharmProjects\Alcohol Detection\dataset\Grupo_2\E_2_1\Iritech\E_2_1_3\E_2_1_3_R_5\via_region_data.json
E_2_1_3_R_M_N_N_1980_17_2017.bmp308278,Alcohol,C:\PycharmProjects\Alcohol Detection\dataset\Grupo_2\E_2_1\Iritech\E_2_1_3\E_2_1_3_R_5\via_region_data.json
E_2_1_3_R_M_N_N_1980_18_2017.bmp308278,Alcohol,C:\PycharmProjects\Alcohol Detection\dataset\Grupo_2\E_2_1\Iritech\E_2_1_3\E_2_1_3_R_5\via_region_data.json
E_2_1_3_R_M_N_N_1980_19_2017.bmp308278,Alcohol,C:\PycharmProjects\Alcohol Detection\dataset\Grupo_2\E_2_1\Iritech\E_2_1_3\E_2_1_3_R_5\via_region_data.json
E_2_1_3_R_M_N_N_1980_20_2017.bmp308278,Alcohol,C:\PycharmProjects\Alcohol Detection\dataset\Grupo_2\E_2_1\Iritech\E_2_1_3\E_2_1_3_R_5\via_region_data.json
E_2_1_3_R_M_N_N_1980_21_2017.bmp308278,Alcohol,C:\PycharmProjects\Alcohol Detection\dataset\Grupo_2\E_2_1\Iritech\E_2_1_3\E_2_1_3_R_5\via_region_data.json
E_2_1_3_R_M_N_N_1980_22_2017.bmp308278,Alcohol,C:\PycharmProjects\Alcohol Detection\dataset\Grupo_2\E_2_1\Iritech\E_2_1_3\E_2_1_3_R_5\via_region_data.json
E_2_1_3_R_M_N_N_1980_23_2017.bmp308278,Alcohol,C:\PycharmProjects\Alcohol Detection\dataset\Grupo_2\E_2_1\Iritech\E_2_1_3\E_2_1_3_R_5\via_region_data.json
E_2_1_3_R_M_N_N_1980_24_2017.bmp308278,Alcohol,C:\PycharmProjects\Alcohol Detection\dataset\Grupo_2\E_2_1\Iritech\E_2_1_3\E_2_1_3_R_5\via_region_data.json
E_2_1_3_R_M_N_N_1980_25_2017.bmp308278,Alcohol,C:\PycharmProjects\Alcohol Detection\dataset\Grupo_2\E_2_1\Iritech\E_2_1_3\E_2_1_3_R_5\via_region_data.json
E_2_1_3_R_M_N_N_1980_26_2017.bmp308278,Alcohol,C:\PycharmProjects\Alcohol Detection\dataset\Grupo_2\E_2_1\Iritech\E_2_1_3\E_2_1_3_R_5\via_region_data.json
E_2_1_3_R_M_N_N_1980_27_2017.bmp308278,Alcohol,C:\PycharmProjects\Alcohol Detection\dataset\Grupo_2\E_2_1\Iritech\E_2_1_3\E_2_1_3_R_5\via_region_data.json
E_2_1_3_R_M_N_N_1980_28_2017.bmp308278,Alcohol,C:\PycharmProjects\Alcohol Detection\dataset\Grupo_2\E_2_1\Iritech\E_2_1_3\E_2_1_3_R_5\via_region_data.json
E_2_1_3_R_M_N_N_1980_29_2017.bmp308278,Alcohol,C:\PycharmProjects\Alcohol Detection\dataset\Grupo_2\E_2_1\Iritech\E_2_1_3\E_2_1_3_R_5\via_region_data.json
E_2_1_3_R_M_N_N_1980_30_2017.bmp308278,Alcohol,C:\PycharmProjects\Alcohol Detection\dataset\Grupo_2\E_2_1\Iritech\E_2_1_3\E_2_1_3_R_5\via_region_data.json
E_2_1_3_R_M_N_N_1980_31_2017.bmp308278,Alcohol,C:\PycharmProjects\Alcohol Detection\dataset\Grupo_2\E_2_1\Iritech\E_2_1_3\E_2_1_3_R_5\via_region_data.json
E_2_1_3_R_M_N_N_1980_32_2017.bmp308278,Alcohol,C:\PycharmProjects\Alcohol Detection\dataset\Grupo_2\E_2_1\Iritech\E_2_1_3\E_2_1_3_R_5\via_region_data.json
E_2_1_3_R_M_N_N_1980_33_2017.bmp308278,Alcohol,C:\PycharmProjects\Alcohol Detection\dataset\Grupo_2\E_2_1\Iritech\E_2_1_3\E_2_1_3_R_5\via_region_data.json
E_2_1_3_R_M_N_N_1980_34_2017.bmp308278,Alcohol,C:\PycharmProjects\Alcohol Detection\dataset\Grupo_2\E_2_1\Iritech\E_2_1_3\E_2_1_3_R_5\via_region_data.json
E_2_1_3_R_M_N_N_1980_35_2017.bmp308278,Alcohol,C:\PycharmProjects\Alcohol Detection\dataset\Grupo_2\E_2_1\Iritech\E_2_1_3\E_2_1_3_R_5\via_region_data.json
E_2_1_3_R_M_N_N_1980_36_2017.bmp308278,Alcohol,C:\PycharmProjects\Alcohol Detection\dataset\Grupo_2\E_2_1\Iritech\E_2_1_3\E_2_1_3_R_5\via_region_data.json
E_2_1_3_R_M_N_N_1980_37_2017.bmp308278,Alcohol,C:\PycharmProjects\Alcohol Detection\dataset\Grupo_2\E_2_1\Iritech\E_2_1_3\E_2_1_3_R_5\via_region_data.json
E_2_1_3_R_M_N_N_1980_38_2017.bmp308278,Alcohol,C:\PycharmProjects\Alcohol Detection\dataset\Grupo_2\E_2_1\Iritech\E_2_1_3\E_2_1_3_R_5\via_region_data.json
E_2_1_3_R_M_N_N_1980_39_2017.bmp308278,Alcohol,C:\PycharmProjects\Alcohol Detection\dataset\Grupo_2\E_2_1\Iritech\E_2_1_3\E_2_1_3_R_5\via_region_data.json
E_2_1_3_R_M_N_N_1980_40_2017.bmp308278,Alcohol,C:\PycharmProjects\Alcohol Detection\dataset\Grupo_2\E_2_1\Iritech\E_2_1_3\E_2_1_3_R_5\via_region_data.json
E_2_1_3_R_M_N_N_1980_41_2017.bmp308278,Alcohol,C:\PycharmProjects\Alcohol Detection\dataset\Grupo_2\E_2_1\Iritech\E_2_1_3\E_2_1_3_R_5\via_region_data.json
E_2_1_3_R_M_N_N_1980_42_2017.bmp308278,Alcohol,C:\PycharmProjects\Alcohol Detection\dataset\Grupo_2\E_2_1\Iritech\E_2_1_3\E_2_1_3_R_5\via_region_data.json
E_2_1_3_R_M_N_N_1980_43_2017.bmp308278,Alcohol,C:\PycharmProjects\Alcohol Detection\dataset\Grupo_2\E_2_1\Iritech\E_2_1_3\E_2_1_3_R_5\via_region_data.json
E_2_1_3_R_M_N_N_1980_44_2017.bmp308278,Alcohol,C:\PycharmProjects\Alcohol Detection\dataset\Grupo_2\E_2_1\Iritech\E_2_1_3\E_2_1_3_R_5\via_region_data.json
E_2_1_3_R_M_N_N_1980_45_2017.bmp308278,Alcohol,C:\PycharmProjects\Alcohol Detection\dataset\Grupo_2\E_2_1\Iritech\E_2_1_3\E_2_1_3_R_5\via_region_data.json
E_2_1_3_R_M_N_N_1980_46_2017.bmp308278,Alcohol,C:\PycharmProjects\Alcohol Detection\dataset\Grupo_2\E_2_1\Iritech\E_2_1_3\E_2_1_3_R_5\via_region_data.json
E_2_1_3_R_M_N_N_1980_47_2017.bmp308278,Alcohol,C:\PycharmProjects\Alcohol Detection\dataset\Grupo_2\E_2_1\Iritech\E_2_1_3\E_2_1_3_R_5\via_region_data.json
E_2_1_3_R_M_N_N_1980_48_2017.bmp308278,Alcohol,C:\PycharmProjects\Alcohol Detection\dataset\Grupo_2\E_2_1\Iritech\E_2_1_3\E_2_1_3_R_5\via_region_data.json
E_2_1_3_R_M_N_N_1980_49_2017.bmp308278,Alcohol,C:\PycharmProjects\Alcohol Detection\dataset\Grupo_2\E_2_1\Iritech\E_2_1_3\E_2_1_3_R_5\via_region_data.json
E_2_1_3_R_M_N_N_1980_50_2017.bmp308278,Alcohol,C:\PycharmProjects\Alcohol Detection\dataset\Grupo_2\E_2_1\Iritech\E_2_1_3\E_2_1_3_R_5\via_region_data.json
E_2_1_3_R_M_N_N_1980_51_2017.bmp308278,Alcohol,C:\PycharmProjects\Alcohol Detection\dataset\Grupo_2\E_2_1\Iritech\E_2_1_3\E_2_1_3_R_5\via_region_data.json
E_2_1_3_R_M_N_N_1980_52_2017.bmp308278,Alcohol,C:\PycharmProjects\Alcohol Detection\dataset\Grupo_2\E_2_1\Iritech\E_2_1_3\E_2_1_3_R_5\via_region_data.json
E_2_1_3_R_M_N_N_1980_53_2017.bmp308278,Alcohol,C:\PycharmProjects\Alcohol Detection\dataset\Grupo_2\E_2_1\Iritech\E_2_1_3\E_2_1_3_R_5\via_region_data.json
E_2_1_3_R_M_N_N_1980_54_2017.bmp308278,Alcohol,C:\PycharmProjects\Alcohol Detection\dataset\Grupo_2\E_2_1\Iritech\E_2_1_3\E_2_1_3_R_5\via_region_data.json
E_2_1_3_R_M_N_N_1980_55_2017.bmp308278,Alcohol,C:\PycharmProjects\Alcohol Detection\dataset\Grupo_2\E_2_1\Iritech\E_2_1_3\E_2_1_3_R_5\via_region_data.json
E_2_1_3_R_M_N_N_1980_56_2017.bmp308278,Alcohol,C:\PycharmProjects\Alcohol Detection\dataset\Grupo_2\E_2_1\Iritech\E_2_1_3\E_2_1_3_R_5\via_region_data.json
E_2_1_3_R_M_N_N_1980_57_2017.bmp308278,Alcohol,C:\PycharmProjects\Alcohol Detection\dataset\Grupo_2\E_2_1\Iritech\E_2_1_3\E_2_1_3_R_5\via_region_data.json
E_2_1_3_R_M_N_N_1980_58_2017.bmp308278,Alcohol,C:\PycharmProjects\Alcohol Detection\dataset\Grupo_2\E_2_1\Iritech\E_2_1_3\E_2_1_3_R_5\via_region_data.json
E_2_1_3_R_M_N_N_1980_59_2017.bmp308278,Alcohol,C:\PycharmProjects\Alcohol Detection\dataset\Grupo_2\E_2_1\Iritech\E_2_1_3\E_2_1_3_R_5\via_region_data.json
E_2_1_3_R_M_N_N_1980_60_2017.bmp308278,Alcohol,C:\PycharmProjects\Alcohol Detection\dataset\Grupo_2\E_2_1\Iritech\E_2_1_3\E_2_1_3_R_5\via_region_data.json
E_2_1_3_R_M_N_N_1980_61_2017.bmp308278,Alcohol,C:\PycharmProjects\Alcohol Detection\dataset\Grupo_2\E_2_1\Iritech\E_2_1_3\E_2_1_3_R_5\via_region_data.json
E_2_1_3_R_M_N_N_1980_62_2017.bmp308278,Alcohol,C:\PycharmProjects\Alcohol Detection\dataset\Grupo_2\E_2_1\Iritech\E_2_1_3\E_2_1_3_R_5\via_region_data.json
E_2_1_3_R_M_N_N_1980_63_2017.bmp308278,Alcohol,C:\PycharmProjects\Alcohol Detection\dataset\Grupo_2\E_2_1\Iritech\E_2_1_3\E_2_1_3_R_5\via_region_data.json
E_2_1_3_R_M_N_N_1980_64_2017.bmp308278,Alcohol,C:\PycharmProjects\Alcohol Detection\dataset\Grupo_2\E_2_1\Iritech\E_2_1_3\E_2_1_3_R_5\via_region_data.json
E_2_1_3_R_M_N_N_1980_65_2017.bmp308278,Alcohol,C:\PycharmProjects\Alcohol Detection\dataset\Grupo_2\E_2_1\Iritech\E_2_1_3\E_2_1_3_R_5\via_region_data.json
E_2_1_3_R_M_N_N_1980_66_2017.bmp308278,Alcohol,C:\PycharmProjects\Alcohol Detection\dataset\Grupo_2\E_2_1\Iritech\E_2_1_3\E_2_1_3_R_5\via_region_data.json
E_2_1_3_R_M_N_N_1980_67_2017.bmp308278,Alcohol,C:\PycharmProjects\Alcohol Detection\dataset\Grupo_2\E_2_1\Iritech\E_2_1_3\E_2_1_3_R_5\via_region_data.json
E_2_1_3_R_M_N_N_1980_68_2017.bmp308278,Alcohol,C:\PycharmProjects\Alcohol Detection\dataset\Grupo_2\E_2_1\Iritech\E_2_1_3\E_2_1_3_R_5\via_region_data.json
E_2_1_3_R_M_N_N_1980_69_2017.bmp308278,Alcohol,C:\PycharmProjects\Alcohol Detection\dataset\Grupo_2\E_2_1\Iritech\E_2_1_3\E_2_1_3_R_5\via_region_data.json
E_2_1_3_R_M_N_N_1980_70_2017.bmp308278,Alcohol,C:\PycharmProjects\Alcohol Detection\dataset\Grupo_2\E_2_1\Iritech\E_2_1_3\E_2_1_3_R_5\via_region_data.json
E_2_1_3_R_M_N_N_1980_71_2017.bmp308278,Alcohol,C:\PycharmProjects\Alcohol Detection\dataset\Grupo_2\E_2_1\Iritech\E_2_1_3\E_2_1_3_R_5\via_region_data.json
E_2_1_3_R_M_N_N_1980_72_2017.bmp308278,Alcohol,C:\PycharmProjects\Alcohol Detection\dataset\Grupo_2\E_2_1\Iritech\E_2_1_3\E_2_1_3_R_5\via_region_data.json
E_2_1_3_R_M_N_N_1980_73_2017.bmp308278,Alcohol,C:\PycharmProjects\Alcohol Detection\dataset\Grupo_2\E_2_1\Iritech\E_2_1_3\E_2_1_3_R_5\via_region_data.json
E_2_1_3_R_M_N_N_1980_74_2017.bmp308278,Alcohol,C:\PycharmProjects\Alcohol Detection\dataset\Grupo_2\E_2_1\Iritech\E_2_1_3\E_2_1_3_R_5\via_region_data.json
E_2_1_3_R_M_N_N_1980_75_2017.bmp308278,Alcohol,C:\PycharmProjects\Alcohol Detection\dataset\Grupo_2\E_2_1\Iritech\E_2_1_3\E_2_1_3_R_5\via_region_data.json
E_2_1_3_R_M_N_N_1980_76_2017.bmp308278,Alcohol,C:\PycharmProjects\Alcohol Detection\dataset\Grupo_2\E_2_1\Iritech\E_2_1_3\E_2_1_3_R_5\via_region_data.json
E_2_1_3_R_M_N_N_1980_77_2017.bmp308278,Alcohol,C:\PycharmProjects\Alcohol Detection\dataset\Grupo_2\E_2_1\Iritech\E_2_1_3\E_2_1_3_R_5\via_region_data.json
E_2_1_3_R_M_N_N_1980_78_2017.bmp308278,Alcohol,C:\PycharmProjects\Alcohol Detection\dataset\Grupo_2\E_2_1\Iritech\E_2_1_3\E_2_1_3_R_5\via_region_data.json
E_2_1_3_R_M_N_N_1980_79_2017.bmp308278,Alcohol,C:\PycharmProjects\Alcohol Detection\dataset\Grupo_2\E_2_1\Iritech\E_2_1_3\E_2_1_3_R_5\via_region_data.json
E_2_1_4_L_M_N_N_1980_0_2017.bmp308278,Non-Alcohol,C:\PycharmProjects\Alcohol Detection\dataset\Grupo_2\E_2_1\Iritech\E_2_1_4\via_region_data.json
E_2_1_4_R_M_N_N_1980_0_2017.bmp308278,Non-Alcohol,C:\PycharmProjects\Alcohol Detection\dataset\Grupo_2\E_2_1\Iritech\E_2_1_4\via_region_data.json
E_2_1_4_L_M_N_N_1980_0_2017.bmp308278,Non-Alcohol,C:\PycharmProjects\Alcohol Detection\dataset\Grupo_2\E_2_1\Iritech\E_2_1_4\E_2_1_4_L_5\via_region_data.json
E_2_1_4_L_M_N_N_1980_1_2017.bmp308278,Alcohol,C:\PycharmProjects\Alcohol Detection\dataset\Grupo_2\E_2_1\Iritech\E_2_1_4\E_2_1_4_L_5\via_region_data.json
E_2_1_4_L_M_N_N_1980_2_2017.bmp308278,Alcohol,C:\PycharmProjects\Alcohol Detection\dataset\Grupo_2\E_2_1\Iritech\E_2_1_4\E_2_1_4_L_5\via_region_data.json
E_2_1_4_L_M_N_N_1980_3_2017.bmp308278,Alcohol,C:\PycharmProjects\Alcohol Detection\dataset\Grupo_2\E_2_1\Iritech\E_2_1_4\E_2_1_4_L_5\via_region_data.json
E_2_1_4_L_M_N_N_1980_4_2017.bmp308278,Alcohol,C:\PycharmProjects\Alcohol Detection\dataset\Grupo_2\E_2_1\Iritech\E_2_1_4\E_2_1_4_L_5\via_region_data.json
E_2_1_4_L_M_N_N_1980_5_2017.bmp308278,Alcohol,C:\PycharmProjects\Alcohol Detection\dataset\Grupo_2\E_2_1\Iritech\E_2_1_4\E_2_1_4_L_5\via_region_data.json
E_2_1_4_L_M_N_N_1980_6_2017.bmp308278,Alcohol,C:\PycharmProjects\Alcohol Detection\dataset\Grupo_2\E_2_1\Iritech\E_2_1_4\E_2_1_4_L_5\via_region_data.json
E_2_1_4_L_M_N_N_1980_7_2017.bmp308278,Alcohol,C:\PycharmProjects\Alcohol Detection\dataset\Grupo_2\E_2_1\Iritech\E_2_1_4\E_2_1_4_L_5\via_region_data.json
E_2_1_4_L_M_N_N_1980_8_2017.bmp308278,Alcohol,C:\PycharmProjects\Alcohol Detection\dataset\Grupo_2\E_2_1\Iritech\E_2_1_4\E_2_1_4_L_5\via_region_data.json
E_2_1_4_L_M_N_N_1980_9_2017.bmp308278,Alcohol,C:\PycharmProjects\Alcohol Detection\dataset\Grupo_2\E_2_1\Iritech\E_2_1_4\E_2_1_4_L_5\via_region_data.json
E_2_1_4_L_M_N_N_1980_10_2017.bmp308278,Alcohol,C:\PycharmProjects\Alcohol Detection\dataset\Grupo_2\E_2_1\Iritech\E_2_1_4\E_2_1_4_L_5\via_region_data.json
E_2_1_4_L_M_N_N_1980_11_2017.bmp308278,Alcohol,C:\PycharmProjects\Alcohol Detection\dataset\Grupo_2\E_2_1\Iritech\E_2_1_4\E_2_1_4_L_5\via_region_data.json
E_2_1_4_L_M_N_N_1980_12_2017.bmp308278,Alcohol,C:\PycharmProjects\Alcohol Detection\dataset\Grupo_2\E_2_1\Iritech\E_2_1_4\E_2_1_4_L_5\via_region_data.json
E_2_1_4_L_M_N_N_1980_13_2017.bmp308278,Alcohol,C:\PycharmProjects\Alcohol Detection\dataset\Grupo_2\E_2_1\Iritech\E_2_1_4\E_2_1_4_L_5\via_region_data.json
E_2_1_4_L_M_N_N_1980_14_2017.bmp308278,Alcohol,C:\PycharmProjects\Alcohol Detection\dataset\Grupo_2\E_2_1\Iritech\E_2_1_4\E_2_1_4_L_5\via_region_data.json
E_2_1_4_L_M_N_N_1980_15_2017.bmp308278,Alcohol,C:\PycharmProjects\Alcohol Detection\dataset\Grupo_2\E_2_1\Iritech\E_2_1_4\E_2_1_4_L_5\via_region_data.json
E_2_1_4_L_M_N_N_1980_16_2017.bmp308278,Alcohol,C:\PycharmProjects\Alcohol Detection\dataset\Grupo_2\E_2_1\Iritech\E_2_1_4\E_2_1_4_L_5\via_region_data.json
E_2_1_4_L_M_N_N_1980_17_2017.bmp308278,Alcohol,C:\PycharmProjects\Alcohol Detection\dataset\Grupo_2\E_2_1\Iritech\E_2_1_4\E_2_1_4_L_5\via_region_data.json
E_2_1_4_L_M_N_N_1980_18_2017.bmp308278,Alcohol,C:\PycharmProjects\Alcohol Detection\dataset\Grupo_2\E_2_1\Iritech\E_2_1_4\E_2_1_4_L_5\via_region_data.json
E_2_1_4_L_M_N_N_1980_19_2017.bmp308278,Alcohol,C:\PycharmProjects\Alcohol Detection\dataset\Grupo_2\E_2_1\Iritech\E_2_1_4\E_2_1_4_L_5\via_region_data.json
E_2_1_4_L_M_N_N_1980_20_2017.bmp308278,Alcohol,C:\PycharmProjects\Alcohol Detection\dataset\Grupo_2\E_2_1\Iritech\E_2_1_4\E_2_1_4_L_5\via_region_data.json
E_2_1_4_L_M_N_N_1980_21_2017.bmp308278,Alcohol,C:\PycharmProjects\Alcohol Detection\dataset\Grupo_2\E_2_1\Iritech\E_2_1_4\E_2_1_4_L_5\via_region_data.json
E_2_1_4_L_M_N_N_1980_22_2017.bmp308278,Alcohol,C:\PycharmProjects\Alcohol Detection\dataset\Grupo_2\E_2_1\Iritech\E_2_1_4\E_2_1_4_L_5\via_region_data.json
E_2_1_4_L_M_N_N_1980_23_2017.bmp308278,Alcohol,C:\PycharmProjects\Alcohol Detection\dataset\Grupo_2\E_2_1\Iritech\E_2_1_4\E_2_1_4_L_5\via_region_data.json
E_2_1_4_L_M_N_N_1980_24_2017.bmp308278,Alcohol,C:\PycharmProjects\Alcohol Detection\dataset\Grupo_2\E_2_1\Iritech\E_2_1_4\E_2_1_4_L_5\via_region_data.json
E_2_1_4_L_M_N_N_1980_25_2017.bmp308278,Alcohol,C:\PycharmProjects\Alcohol Detection\dataset\Grupo_2\E_2_1\Iritech\E_2_1_4\E_2_1_4_L_5\via_region_data.json
E_2_1_4_L_M_N_N_1980_26_2017.bmp308278,Alcohol,C:\PycharmProjects\Alcohol Detection\dataset\Grupo_2\E_2_1\Iritech\E_2_1_4\E_2_1_4_L_5\via_region_data.json
E_2_1_4_L_M_N_N_1980_27_2017.bmp308278,Alcohol,C:\PycharmProjects\Alcohol Detection\dataset\Grupo_2\E_2_1\Iritech\E_2_1_4\E_2_1_4_L_5\via_region_data.json
E_2_1_4_L_M_N_N_1980_28_2017.bmp308278,Alcohol,C:\PycharmProjects\Alcohol Detection\dataset\Grupo_2\E_2_1\Iritech\E_2_1_4\E_2_1_4_L_5\via_region_data.json
E_2_1_4_L_M_N_N_1980_29_2017.bmp308278,Alcohol,C:\PycharmProjects\Alcohol Detection\dataset\Grupo_2\E_2_1\Iritech\E_2_1_4\E_2_1_4_L_5\via_region_data.json
E_2_1_4_L_M_N_N_1980_30_2017.bmp308278,Alcohol,C:\PycharmProjects\Alcohol Detection\dataset\Grupo_2\E_2_1\Iritech\E_2_1_4\E_2_1_4_L_5\via_region_data.json
E_2_1_4_L_M_N_N_1980_31_2017.bmp308278,Alcohol,C:\PycharmProjects\Alcohol Detection\dataset\Grupo_2\E_2_1\Iritech\E_2_1_4\E_2_1_4_L_5\via_region_data.json
E_2_1_4_L_M_N_N_1980_32_2017.bmp308278,Alcohol,C:\PycharmProjects\Alcohol Detection\dataset\Grupo_2\E_2_1\Iritech\E_2_1_4\E_2_1_4_L_5\via_region_data.json
E_2_1_4_L_M_N_N_1980_33_2017.bmp308278,Alcohol,C:\PycharmProjects\Alcohol Detection\dataset\Grupo_2\E_2_1\Iritech\E_2_1_4\E_2_1_4_L_5\via_region_data.json
E_2_1_4_L_M_N_N_1980_34_2017.bmp308278,Alcohol,C:\PycharmProjects\Alcohol Detection\dataset\Grupo_2\E_2_1\Iritech\E_2_1_4\E_2_1_4_L_5\via_region_data.json
E_2_1_4_L_M_N_N_1980_35_2017.bmp308278,Alcohol,C:\PycharmProjects\Alcohol Detection\dataset\Grupo_2\E_2_1\Iritech\E_2_1_4\E_2_1_4_L_5\via_region_data.json
E_2_1_4_L_M_N_N_1980_36_2017.bmp308278,Alcohol,C:\PycharmProjects\Alcohol Detection\dataset\Grupo_2\E_2_1\Iritech\E_2_1_4\E_2_1_4_L_5\via_region_data.json
E_2_1_4_L_M_N_N_1980_37_2017.bmp308278,Alcohol,C:\PycharmProjects\Alcohol Detection\dataset\Grupo_2\E_2_1\Iritech\E_2_1_4\E_2_1_4_L_5\via_region_data.json
E_2_1_4_L_M_N_N_1980_38_2017.bmp308278,Alcohol,C:\PycharmProjects\Alcohol Detection\dataset\Grupo_2\E_2_1\Iritech\E_2_1_4\E_2_1_4_L_5\via_region_data.json
E_2_1_4_L_M_N_N_1980_39_2017.bmp308278,Alcohol,C:\PycharmProjects\Alcohol Detection\dataset\Grupo_2\E_2_1\Iritech\E_2_1_4\E_2_1_4_L_5\via_region_data.json
E_2_1_4_L_M_N_N_1980_40_2017.bmp308278,Alcohol,C:\PycharmProjects\Alcohol Detection\dataset\Grupo_2\E_2_1\Iritech\E_2_1_4\E_2_1_4_L_5\via_region_data.json
E_2_1_4_L_M_N_N_1980_41_2017.bmp308278,Alcohol,C:\PycharmProjects\Alcohol Detection\dataset\Grupo_2\E_2_1\Iritech\E_2_1_4\E_2_1_4_L_5\via_region_data.json
E_2_1_4_L_M_N_N_1980_42_2017.bmp308278,Alcohol,C:\PycharmProjects\Alcohol Detection\dataset\Grupo_2\E_2_1\Iritech\E_2_1_4\E_2_1_4_L_5\via_region_data.json
E_2_1_4_L_M_N_N_1980_43_2017.bmp308278,Alcohol,C:\PycharmProjects\Alcohol Detection\dataset\Grupo_2\E_2_1\Iritech\E_2_1_4\E_2_1_4_L_5\via_region_data.json
E_2_1_4_L_M_N_N_1980_44_2017.bmp308278,Alcohol,C:\PycharmProjects\Alcohol Detection\dataset\Grupo_2\E_2_1\Iritech\E_2_1_4\E_2_1_4_L_5\via_region_data.json
E_2_1_4_L_M_N_N_1980_45_2017.bmp308278,Alcohol,C:\PycharmProjects\Alcohol Detection\dataset\Grupo_2\E_2_1\Iritech\E_2_1_4\E_2_1_4_L_5\via_region_data.json
E_2_1_4_L_M_N_N_1980_46_2017.bmp308278,Alcohol,C:\PycharmProjects\Alcohol Detection\dataset\Grupo_2\E_2_1\Iritech\E_2_1_4\E_2_1_4_L_5\via_region_data.json
E_2_1_4_L_M_N_N_1980_47_2017.bmp308278,Alcohol,C:\PycharmProjects\Alcohol Detection\dataset\Grupo_2\E_2_1\Iritech\E_2_1_4\E_2_1_4_L_5\via_region_data.json
E_2_1_4_L_M_N_N_1980_48_2017.bmp308278,Alcohol,C:\PycharmProjects\Alcohol Detection\dataset\Grupo_2\E_2_1\Iritech\E_2_1_4\E_2_1_4_L_5\via_region_data.json
E_2_1_4_L_M_N_N_1980_49_2017.bmp308278,Alcohol,C:\PycharmProjects\Alcohol Detection\dataset\Grupo_2\E_2_1\Iritech\E_2_1_4\E_2_1_4_L_5\via_region_data.json
E_2_1_4_L_M_N_N_1980_50_2017.bmp308278,Alcohol,C:\PycharmProjects\Alcohol Detection\dataset\Grupo_2\E_2_1\Iritech\E_2_1_4\E_2_1_4_L_5\via_region_data.json
E_2_1_4_L_M_N_N_1980_51_2017.bmp308278,Alcohol,C:\PycharmProjects\Alcohol Detection\dataset\Grupo_2\E_2_1\Iritech\E_2_1_4\E_2_1_4_L_5\via_region_data.json
E_2_1_4_L_M_N_N_1980_52_2017.bmp308278,Alcohol,C:\PycharmProjects\Alcohol Detection\dataset\Grupo_2\E_2_1\Iritech\E_2_1_4\E_2_1_4_L_5\via_region_data.json
E_2_1_4_L_M_N_N_1980_53_2017.bmp308278,Alcohol,C:\PycharmProjects\Alcohol Detection\dataset\Grupo_2\E_2_1\Iritech\E_2_1_4\E_2_1_4_L_5\via_region_data.json
E_2_1_4_L_M_N_N_1980_54_2017.bmp308278,Alcohol,C:\PycharmProjects\Alcohol Detection\dataset\Grupo_2\E_2_1\Iritech\E_2_1_4\E_2_1_4_L_5\via_region_data.json
E_2_1_4_L_M_N_N_1980_55_2017.bmp308278,Alcohol,C:\PycharmProjects\Alcohol Detection\dataset\Grupo_2\E_2_1\Iritech\E_2_1_4\E_2_1_4_L_5\via_region_data.json
E_2_1_4_L_M_N_N_1980_56_2017.bmp308278,Alcohol,C:\PycharmProjects\Alcohol Detection\dataset\Grupo_2\E_2_1\Iritech\E_2_1_4\E_2_1_4_L_5\via_region_data.json
E_2_1_4_L_M_N_N_1980_57_2017.bmp308278,Alcohol,C:\PycharmProjects\Alcohol Detection\dataset\Grupo_2\E_2_1\Iritech\E_2_1_4\E_2_1_4_L_5\via_region_data.json
E_2_1_4_L_M_N_N_1980_58_2017.bmp308278,Alcohol,C:\PycharmProjects\Alcohol Detection\dataset\Grupo_2\E_2_1\Iritech\E_2_1_4\E_2_1_4_L_5\via_region_data.json
E_2_1_4_L_M_N_N_1980_59_2017.bmp308278,Alcohol,C:\PycharmProjects\Alcohol Detection\dataset\Grupo_2\E_2_1\Iritech\E_2_1_4\E_2_1_4_L_5\via_region_data.json
E_2_1_4_L_M_N_N_1980_60_2017.bmp308278,Alcohol,C:\PycharmProjects\Alcohol Detection\dataset\Grupo_2\E_2_1\Iritech\E_2_1_4\E_2_1_4_L_5\via_region_data.json
E_2_1_4_L_M_N_N_1980_61_2017.bmp308278,Alcohol,C:\PycharmProjects\Alcohol Detection\dataset\Grupo_2\E_2_1\Iritech\E_2_1_4\E_2_1_4_L_5\via_region_data.json
E_2_1_4_L_M_N_N_1980_62_2017.bmp308278,Alcohol,C:\PycharmProjects\Alcohol Detection\dataset\Grupo_2\E_2_1\Iritech\E_2_1_4\E_2_1_4_L_5\via_region_data.json
E_2_1_4_L_M_N_N_1980_63_2017.bmp308278,Alcohol,C:\PycharmProjects\Alcohol Detection\dataset\Grupo_2\E_2_1\Iritech\E_2_1_4\E_2_1_4_L_5\via_region_data.json
E_2_1_4_L_M_N_N_1980_64_2017.bmp308278,Alcohol,C:\PycharmProjects\Alcohol Detection\dataset\Grupo_2\E_2_1\Iritech\E_2_1_4\E_2_1_4_L_5\via_region_data.json
E_2_1_4_L_M_N_N_1980_65_2017.bmp308278,Alcohol,C:\PycharmProjects\Alcohol Detection\dataset\Grupo_2\E_2_1\Iritech\E_2_1_4\E_2_1_4_L_5\via_region_data.json
E_2_1_4_L_M_N_N_1980_66_2017.bmp308278,Alcohol,C:\PycharmProjects\Alcohol Detection\dataset\Grupo_2\E_2_1\Iritech\E_2_1_4\E_2_1_4_L_5\via_region_data.json
E_2_1_4_L_M_N_N_1980_67_2017.bmp308278,Alcohol,C:\PycharmProjects\Alcohol Detection\dataset\Grupo_2\E_2_1\Iritech\E_2_1_4\E_2_1_4_L_5\via_region_data.json
E_2_1_4_L_M_N_N_1980_68_2017.bmp308278,Alcohol,C:\PycharmProjects\Alcohol Detection\dataset\Grupo_2\E_2_1\Iritech\E_2_1_4\E_2_1_4_L_5\via_region_data.json
E_2_1_4_L_M_N_N_1980_69_2017.bmp308278,Alcohol,C:\PycharmProjects\Alcohol Detection\dataset\Grupo_2\E_2_1\Iritech\E_2_1_4\E_2_1_4_L_5\via_region_data.json
E_2_1_4_L_M_N_N_1980_70_2017.bmp308278,Alcohol,C:\PycharmProjects\Alcohol Detection\dataset\Grupo_2\E_2_1\Iritech\E_2_1_4\E_2_1_4_L_5\via_region_data.json
E_2_1_4_L_M_N_N_1980_71_2017.bmp308278,Alcohol,C:\PycharmProjects\Alcohol Detection\dataset\Grupo_2\E_2_1\Iritech\E_2_1_4\E_2_1_4_L_5\via_region_data.json
E_2_1_4_L_M_N_N_1980_72_2017.bmp308278,Alcohol,C:\PycharmProjects\Alcohol Detection\dataset\Grupo_2\E_2_1\Iritech\E_2_1_4\E_2_1_4_L_5\via_region_data.json
E_2_1_4_L_M_N_N_1980_73_2017.bmp308278,Alcohol,C:\PycharmProjects\Alcohol Detection\dataset\Grupo_2\E_2_1\Iritech\E_2_1_4\E_2_1_4_L_5\via_region_data.json
E_2_1_4_L_M_N_N_1980_74_2017.bmp308278,Alcohol,C:\PycharmProjects\Alcohol Detection\dataset\Grupo_2\E_2_1\Iritech\E_2_1_4\E_2_1_4_L_5\via_region_data.json
E_2_1_4_L_M_N_N_1980_75_2017.bmp308278,Alcohol,C:\PycharmProjects\Alcohol Detection\dataset\Grupo_2\E_2_1\Iritech\E_2_1_4\E_2_1_4_L_5\via_region_data.json
E_2_1_4_L_M_N_N_1980_76_2017.bmp308278,Alcohol,C:\PycharmProjects\Alcohol Detection\dataset\Grupo_2\E_2_1\Iritech\E_2_1_4\E_2_1_4_L_5\via_region_data.json
E_2_1_4_L_M_N_N_1980_77_2017.bmp308278,Alcohol,C:\PycharmProjects\Alcohol Detection\dataset\Grupo_2\E_2_1\Iritech\E_2_1_4\E_2_1_4_L_5\via_region_data.json
E_2_1_4_R_M_N_N_1980_0_2017.bmp308278,Non-Alcohol,C:\PycharmProjects\Alcohol Detection\dataset\Grupo_2\E_2_1\Iritech\E_2_1_4\E_2_1_4_R_5\via_region_data.json
E_2_1_4_R_M_N_N_1980_1_2017.bmp308278,Alcohol,C:\PycharmProjects\Alcohol Detection\dataset\Grupo_2\E_2_1\Iritech\E_2_1_4\E_2_1_4_R_5\via_region_data.json
E_2_1_4_R_M_N_N_1980_2_2017.bmp308278,Alcohol,C:\PycharmProjects\Alcohol Detection\dataset\Grupo_2\E_2_1\Iritech\E_2_1_4\E_2_1_4_R_5\via_region_data.json
E_2_1_4_R_M_N_N_1980_3_2017.bmp308278,Alcohol,C:\PycharmProjects\Alcohol Detection\dataset\Grupo_2\E_2_1\Iritech\E_2_1_4\E_2_1_4_R_5\via_region_data.json
E_2_1_4_R_M_N_N_1980_4_2017.bmp308278,Alcohol,C:\PycharmProjects\Alcohol Detection\dataset\Grupo_2\E_2_1\Iritech\E_2_1_4\E_2_1_4_R_5\via_region_data.json
E_2_1_4_R_M_N_N_1980_5_2017.bmp308278,Alcohol,C:\PycharmProjects\Alcohol Detection\dataset\Grupo_2\E_2_1\Iritech\E_2_1_4\E_2_1_4_R_5\via_region_data.json
E_2_1_4_R_M_N_N_1980_6_2017.bmp308278,Alcohol,C:\PycharmProjects\Alcohol Detection\dataset\Grupo_2\E_2_1\Iritech\E_2_1_4\E_2_1_4_R_5\via_region_data.json
E_2_1_4_R_M_N_N_1980_7_2017.bmp308278,Alcohol,C:\PycharmProjects\Alcohol Detection\dataset\Grupo_2\E_2_1\Iritech\E_2_1_4\E_2_1_4_R_5\via_region_data.json
E_2_1_4_R_M_N_N_1980_8_2017.bmp308278,Alcohol,C:\PycharmProjects\Alcohol Detection\dataset\Grupo_2\E_2_1\Iritech\E_2_1_4\E_2_1_4_R_5\via_region_data.json
E_2_1_4_R_M_N_N_1980_9_2017.bmp308278,Alcohol,C:\PycharmProjects\Alcohol Detection\dataset\Grupo_2\E_2_1\Iritech\E_2_1_4\E_2_1_4_R_5\via_region_data.json
E_2_1_4_R_M_N_N_1980_10_2017.bmp308278,Alcohol,C:\PycharmProjects\Alcohol Detection\dataset\Grupo_2\E_2_1\Iritech\E_2_1_4\E_2_1_4_R_5\via_region_data.json
E_2_1_4_R_M_N_N_1980_11_2017.bmp308278,Alcohol,C:\PycharmProjects\Alcohol Detection\dataset\Grupo_2\E_2_1\Iritech\E_2_1_4\E_2_1_4_R_5\via_region_data.json
E_2_1_4_R_M_N_N_1980_12_2017.bmp308278,Alcohol,C:\PycharmProjects\Alcohol Detection\dataset\Grupo_2\E_2_1\Iritech\E_2_1_4\E_2_1_4_R_5\via_region_data.json
E_2_1_4_R_M_N_N_1980_13_2017.bmp308278,Alcohol,C:\PycharmProjects\Alcohol Detection\dataset\Grupo_2\E_2_1\Iritech\E_2_1_4\E_2_1_4_R_5\via_region_data.json
E_2_1_4_R_M_N_N_1980_14_2017.bmp308278,Alcohol,C:\PycharmProjects\Alcohol Detection\dataset\Grupo_2\E_2_1\Iritech\E_2_1_4\E_2_1_4_R_5\via_region_data.json
E_2_1_4_R_M_N_N_1980_15_2017.bmp308278,Alcohol,C:\PycharmProjects\Alcohol Detection\dataset\Grupo_2\E_2_1\Iritech\E_2_1_4\E_2_1_4_R_5\via_region_data.json
E_2_1_4_R_M_N_N_1980_16_2017.bmp308278,Alcohol,C:\PycharmProjects\Alcohol Detection\dataset\Grupo_2\E_2_1\Iritech\E_2_1_4\E_2_1_4_R_5\via_region_data.json
E_2_1_4_R_M_N_N_1980_17_2017.bmp308278,Alcohol,C:\PycharmProjects\Alcohol Detection\dataset\Grupo_2\E_2_1\Iritech\E_2_1_4\E_2_1_4_R_5\via_region_data.json
E_2_1_4_R_M_N_N_1980_18_2017.bmp308278,Alcohol,C:\PycharmProjects\Alcohol Detection\dataset\Grupo_2\E_2_1\Iritech\E_2_1_4\E_2_1_4_R_5\via_region_data.json
E_2_1_4_R_M_N_N_1980_19_2017.bmp308278,Alcohol,C:\PycharmProjects\Alcohol Detection\dataset\Grupo_2\E_2_1\Iritech\E_2_1_4\E_2_1_4_R_5\via_region_data.json
E_2_1_4_R_M_N_N_1980_20_2017.bmp308278,Alcohol,C:\PycharmProjects\Alcohol Detection\dataset\Grupo_2\E_2_1\Iritech\E_2_1_4\E_2_1_4_R_5\via_region_data.json
E_2_1_4_R_M_N_N_1980_21_2017.bmp308278,Alcohol,C:\PycharmProjects\Alcohol Detection\dataset\Grupo_2\E_2_1\Iritech\E_2_1_4\E_2_1_4_R_5\via_region_data.json
E_2_1_4_R_M_N_N_1980_22_2017.bmp308278,Alcohol,C:\PycharmProjects\Alcohol Detection\dataset\Grupo_2\E_2_1\Iritech\E_2_1_4\E_2_1_4_R_5\via_region_data.json
E_2_1_4_R_M_N_N_1980_23_2017.bmp308278,Alcohol,C:\PycharmProjects\Alcohol Detection\dataset\Grupo_2\E_2_1\Iritech\E_2_1_4\E_2_1_4_R_5\via_region_data.json
E_2_1_4_R_M_N_N_1980_24_2017.bmp308278,Alcohol,C:\PycharmProjects\Alcohol Detection\dataset\Grupo_2\E_2_1\Iritech\E_2_1_4\E_2_1_4_R_5\via_region_data.json
E_2_1_4_R_M_N_N_1980_25_2017.bmp308278,Alcohol,C:\PycharmProjects\Alcohol Detection\dataset\Grupo_2\E_2_1\Iritech\E_2_1_4\E_2_1_4_R_5\via_region_data.json
E_2_1_4_R_M_N_N_1980_26_2017.bmp308278,Alcohol,C:\PycharmProjects\Alcohol Detection\dataset\Grupo_2\E_2_1\Iritech\E_2_1_4\E_2_1_4_R_5\via_region_data.json
E_2_1_4_R_M_N_N_1980_27_2017.bmp308278,Alcohol,C:\PycharmProjects\Alcohol Detection\dataset\Grupo_2\E_2_1\Iritech\E_2_1_4\E_2_1_4_R_5\via_region_data.json
E_2_1_4_R_M_N_N_1980_28_2017.bmp308278,Alcohol,C:\PycharmProjects\Alcohol Detection\dataset\Grupo_2\E_2_1\Iritech\E_2_1_4\E_2_1_4_R_5\via_region_data.json
E_2_1_4_R_M_N_N_1980_29_2017.bmp308278,Alcohol,C:\PycharmProjects\Alcohol Detection\dataset\Grupo_2\E_2_1\Iritech\E_2_1_4\E_2_1_4_R_5\via_region_data.json
E_2_1_4_R_M_N_N_1980_30_2017.bmp308278,Alcohol,C:\PycharmProjects\Alcohol Detection\dataset\Grupo_2\E_2_1\Iritech\E_2_1_4\E_2_1_4_R_5\via_region_data.json
E_2_1_4_R_M_N_N_1980_31_2017.bmp308278,Alcohol,C:\PycharmProjects\Alcohol Detection\dataset\Grupo_2\E_2_1\Iritech\E_2_1_4\E_2_1_4_R_5\via_region_data.json
E_2_1_4_R_M_N_N_1980_32_2017.bmp308278,Alcohol,C:\PycharmProjects\Alcohol Detection\dataset\Grupo_2\E_2_1\Iritech\E_2_1_4\E_2_1_4_R_5\via_region_data.json
E_2_1_4_R_M_N_N_1980_33_2017.bmp308278,Alcohol,C:\PycharmProjects\Alcohol Detection\dataset\Grupo_2\E_2_1\Iritech\E_2_1_4\E_2_1_4_R_5\via_region_data.json
E_2_1_4_R_M_N_N_1980_34_2017.bmp308278,Alcohol,C:\PycharmProjects\Alcohol Detection\dataset\Grupo_2\E_2_1\Iritech\E_2_1_4\E_2_1_4_R_5\via_region_data.json
E_2_1_4_R_M_N_N_1980_35_2017.bmp308278,Alcohol,C:\PycharmProjects\Alcohol Detection\dataset\Grupo_2\E_2_1\Iritech\E_2_1_4\E_2_1_4_R_5\via_region_data.json
E_2_1_4_R_M_N_N_1980_36_2017.bmp308278,Alcohol,C:\PycharmProjects\Alcohol Detection\dataset\Grupo_2\E_2_1\Iritech\E_2_1_4\E_2_1_4_R_5\via_region_data.json
E_2_1_4_R_M_N_N_1980_37_2017.bmp308278,Alcohol,C:\PycharmProjects\Alcohol Detection\dataset\Grupo_2\E_2_1\Iritech\E_2_1_4\E_2_1_4_R_5\via_region_data.json
E_2_1_4_R_M_N_N_1980_38_2017.bmp308278,Alcohol,C:\PycharmProjects\Alcohol Detection\dataset\Grupo_2\E_2_1\Iritech\E_2_1_4\E_2_1_4_R_5\via_region_data.json
E_2_1_4_R_M_N_N_1980_39_2017.bmp308278,Alcohol,C:\PycharmProjects\Alcohol Detection\dataset\Grupo_2\E_2_1\Iritech\E_2_1_4\E_2_1_4_R_5\via_region_data.json
E_2_1_4_R_M_N_N_1980_40_2017.bmp308278,Alcohol,C:\PycharmProjects\Alcohol Detection\dataset\Grupo_2\E_2_1\Iritech\E_2_1_4\E_2_1_4_R_5\via_region_data.json
E_2_1_4_R_M_N_N_1980_41_2017.bmp308278,Alcohol,C:\PycharmProjects\Alcohol Detection\dataset\Grupo_2\E_2_1\Iritech\E_2_1_4\E_2_1_4_R_5\via_region_data.json
E_2_1_4_R_M_N_N_1980_42_2017.bmp308278,Alcohol,C:\PycharmProjects\Alcohol Detection\dataset\Grupo_2\E_2_1\Iritech\E_2_1_4\E_2_1_4_R_5\via_region_data.json
E_2_1_4_R_M_N_N_1980_43_2017.bmp308278,Alcohol,C:\PycharmProjects\Alcohol Detection\dataset\Grupo_2\E_2_1\Iritech\E_2_1_4\E_2_1_4_R_5\via_region_data.json
E_2_1_4_R_M_N_N_1980_44_2017.bmp308278,Alcohol,C:\PycharmProjects\Alcohol Detection\dataset\Grupo_2\E_2_1\Iritech\E_2_1_4\E_2_1_4_R_5\via_region_data.json
E_2_1_4_R_M_N_N_1980_45_2017.bmp308278,Alcohol,C:\PycharmProjects\Alcohol Detection\dataset\Grupo_2\E_2_1\Iritech\E_2_1_4\E_2_1_4_R_5\via_region_data.json
E_2_1_4_R_M_N_N_1980_46_2017.bmp308278,Alcohol,C:\PycharmProjects\Alcohol Detection\dataset\Grupo_2\E_2_1\Iritech\E_2_1_4\E_2_1_4_R_5\via_region_data.json
E_2_1_4_R_M_N_N_1980_47_2017.bmp308278,Alcohol,C:\PycharmProjects\Alcohol Detection\dataset\Grupo_2\E_2_1\Iritech\E_2_1_4\E_2_1_4_R_5\via_region_data.json
E_2_1_4_R_M_N_N_1980_48_2017.bmp308278,Alcohol,C:\PycharmProjects\Alcohol Detection\dataset\Grupo_2\E_2_1\Iritech\E_2_1_4\E_2_1_4_R_5\via_region_data.json
E_2_1_4_R_M_N_N_1980_49_2017.bmp308278,Alcohol,C:\PycharmProjects\Alcohol Detection\dataset\Grupo_2\E_2_1\Iritech\E_2_1_4\E_2_1_4_R_5\via_region_data.json
E_2_1_4_R_M_N_N_1980_50_2017.bmp308278,Alcohol,C:\PycharmProjects\Alcohol Detection\dataset\Grupo_2\E_2_1\Iritech\E_2_1_4\E_2_1_4_R_5\via_region_data.json
E_2_1_4_R_M_N_N_1980_51_2017.bmp308278,Alcohol,C:\PycharmProjects\Alcohol Detection\dataset\Grupo_2\E_2_1\Iritech\E_2_1_4\E_2_1_4_R_5\via_region_data.json
E_2_1_4_R_M_N_N_1980_52_2017.bmp308278,Alcohol,C:\PycharmProjects\Alcohol Detection\dataset\Grupo_2\E_2_1\Iritech\E_2_1_4\E_2_1_4_R_5\via_region_data.json
E_2_1_4_R_M_N_N_1980_53_2017.bmp308278,Alcohol,C:\PycharmProjects\Alcohol Detection\dataset\Grupo_2\E_2_1\Iritech\E_2_1_4\E_2_1_4_R_5\via_region_data.json
E_2_1_4_R_M_N_N_1980_54_2017.bmp308278,Alcohol,C:\PycharmProjects\Alcohol Detection\dataset\Grupo_2\E_2_1\Iritech\E_2_1_4\E_2_1_4_R_5\via_region_data.json
E_2_1_4_R_M_N_N_1980_55_2017.bmp308278,Alcohol,C:\PycharmProjects\Alcohol Detection\dataset\Grupo_2\E_2_1\Iritech\E_2_1_4\E_2_1_4_R_5\via_region_data.json
E_2_1_4_R_M_N_N_1980_56_2017.bmp308278,Alcohol,C:\PycharmProjects\Alcohol Detection\dataset\Grupo_2\E_2_1\Iritech\E_2_1_4\E_2_1_4_R_5\via_region_data.json
E_2_1_4_R_M_N_N_1980_57_2017.bmp308278,Alcohol,C:\PycharmProjects\Alcohol Detection\dataset\Grupo_2\E_2_1\Iritech\E_2_1_4\E_2_1_4_R_5\via_region_data.json
E_2_1_4_R_M_N_N_1980_58_2017.bmp308278,Alcohol,C:\PycharmProjects\Alcohol Detection\dataset\Grupo_2\E_2_1\Iritech\E_2_1_4\E_2_1_4_R_5\via_region_data.json
E_2_1_4_R_M_N_N_1980_59_2017.bmp308278,Alcohol,C:\PycharmProjects\Alcohol Detection\dataset\Grupo_2\E_2_1\Iritech\E_2_1_4\E_2_1_4_R_5\via_region_data.json
E_2_1_4_R_M_N_N_1980_60_2017.bmp308278,Alcohol,C:\PycharmProjects\Alcohol Detection\dataset\Grupo_2\E_2_1\Iritech\E_2_1_4\E_2_1_4_R_5\via_region_data.json
E_2_1_4_R_M_N_N_1980_61_2017.bmp308278,Alcohol,C:\PycharmProjects\Alcohol Detection\dataset\Grupo_2\E_2_1\Iritech\E_2_1_4\E_2_1_4_R_5\via_region_data.json
E_2_1_4_R_M_N_N_1980_62_2017.bmp308278,Alcohol,C:\PycharmProjects\Alcohol Detection\dataset\Grupo_2\E_2_1\Iritech\E_2_1_4\E_2_1_4_R_5\via_region_data.json
E_2_1_4_R_M_N_N_1980_63_2017.bmp308278,Alcohol,C:\PycharmProjects\Alcohol Detection\dataset\Grupo_2\E_2_1\Iritech\E_2_1_4\E_2_1_4_R_5\via_region_data.json
E_2_1_4_R_M_N_N_1980_64_2017.bmp308278,Alcohol,C:\PycharmProjects\Alcohol Detection\dataset\Grupo_2\E_2_1\Iritech\E_2_1_4\E_2_1_4_R_5\via_region_data.json
E_2_1_4_R_M_N_N_1980_65_2017.bmp308278,Alcohol,C:\PycharmProjects\Alcohol Detection\dataset\Grupo_2\E_2_1\Iritech\E_2_1_4\E_2_1_4_R_5\via_region_data.json
E_2_1_4_R_M_N_N_1980_66_2017.bmp308278,Alcohol,C:\PycharmProjects\Alcohol Detection\dataset\Grupo_2\E_2_1\Iritech\E_2_1_4\E_2_1_4_R_5\via_region_data.json
E_2_1_4_R_M_N_N_1980_67_2017.bmp308278,Alcohol,C:\PycharmProjects\Alcohol Detection\dataset\Grupo_2\E_2_1\Iritech\E_2_1_4\E_2_1_4_R_5\via_region_data.json
E_2_1_4_R_M_N_N_1980_68_2017.bmp308278,Alcohol,C:\PycharmProjects\Alcohol Detection\dataset\Grupo_2\E_2_1\Iritech\E_2_1_4\E_2_1_4_R_5\via_region_data.json
E_2_1_4_R_M_N_N_1980_69_2017.bmp308278,Alcohol,C:\PycharmProjects\Alcohol Detection\dataset\Grupo_2\E_2_1\Iritech\E_2_1_4\E_2_1_4_R_5\via_region_data.json
E_2_1_4_R_M_N_N_1980_70_2017.bmp308278,Alcohol,C:\PycharmProjects\Alcohol Detection\dataset\Grupo_2\E_2_1\Iritech\E_2_1_4\E_2_1_4_R_5\via_region_data.json
E_2_1_4_R_M_N_N_1980_71_2017.bmp308278,Alcohol,C:\PycharmProjects\Alcohol Detection\dataset\Grupo_2\E_2_1\Iritech\E_2_1_4\E_2_1_4_R_5\via_region_data.json
E_2_1_4_R_M_N_N_1980_72_2017.bmp308278,Alcohol,C:\PycharmProjects\Alcohol Detection\dataset\Grupo_2\E_2_1\Iritech\E_2_1_4\E_2_1_4_R_5\via_region_data.json
E_2_1_4_R_M_N_N_1980_73_2017.bmp308278,Alcohol,C:\PycharmProjects\Alcohol Detection\dataset\Grupo_2\E_2_1\Iritech\E_2_1_4\E_2_1_4_R_5\via_region_data.json
E_2_1_4_R_M_N_N_1980_74_2017.bmp308278,Alcohol,C:\PycharmProjects\Alcohol Detection\dataset\Grupo_2\E_2_1\Iritech\E_2_1_4\E_2_1_4_R_5\via_region_data.json
E_2_1_4_R_M_N_N_1980_75_2017.bmp308278,Alcohol,C:\PycharmProjects\Alcohol Detection\dataset\Grupo_2\E_2_1\Iritech\E_2_1_4\E_2_1_4_R_5\via_region_data.json
E_2_1_4_R_M_N_N_1980_76_2017.bmp308278,Alcohol,C:\PycharmProjects\Alcohol Detection\dataset\Grupo_2\E_2_1\Iritech\E_2_1_4\E_2_1_4_R_5\via_region_data.json
E_2_1_4_R_M_N_N_1980_77_2017.bmp308278,Alcohol,C:\PycharmProjects\Alcohol Detection\dataset\Grupo_2\E_2_1\Iritech\E_2_1_4\E_2_1_4_R_5\via_region_data.json
E_2_1_4_R_M_N_N_1980_78_2017.bmp308278,Alcohol,C:\PycharmProjects\Alcohol Detection\dataset\Grupo_2\E_2_1\Iritech\E_2_1_4\E_2_1_4_R_5\via_region_data.json
E_2_1_0_L_M_N_N_1980_0_2017.bmp308278,Non-Alcohol,C:\PycharmProjects\Alcohol Detection\dataset\Grupo_2\E_2_1\LG\E_2_1_0\E_2_1_0_R_10\via_region_data.json
E_2_1_0_L_M_N_N_1980_1_2017.bmp308278,Non-Alcohol,C:\PycharmProjects\Alcohol Detection\dataset\Grupo_2\E_2_1\LG\E_2_1_0\E_2_1_0_R_10\via_region_data.json
E_2_1_0_L_M_N_N_1980_2_2017.bmp308278,Non-Alcohol,C:\PycharmProjects\Alcohol Detection\dataset\Grupo_2\E_2_1\LG\E_2_1_0\E_2_1_0_R_10\via_region_data.json
E_2_1_0_L_M_N_N_1980_3_2017.bmp308278,Non-Alcohol,C:\PycharmProjects\Alcohol Detection\dataset\Grupo_2\E_2_1\LG\E_2_1_0\E_2_1_0_R_10\via_region_data.json
E_2_1_0_L_M_N_N_1980_4_2017.bmp308278,Non-Alcohol,C:\PycharmProjects\Alcohol Detection\dataset\Grupo_2\E_2_1\LG\E_2_1_0\E_2_1_0_R_10\via_region_data.json
E_2_1_0_L_M_N_N_1980_5_2017.bmp308278,Non-Alcohol,C:\PycharmProjects\Alcohol Detection\dataset\Grupo_2\E_2_1\LG\E_2_1_0\E_2_1_0_R_10\via_region_data.json
E_2_1_0_L_M_N_N_1980_6_2017.bmp308278,Non-Alcohol,C:\PycharmProjects\Alcohol Detection\dataset\Grupo_2\E_2_1\LG\E_2_1_0\E_2_1_0_R_10\via_region_data.json
E_2_1_0_L_M_N_N_1980_7_2017.bmp308278,Non-Alcohol,C:\PycharmProjects\Alcohol Detection\dataset\Grupo_2\E_2_1\LG\E_2_1_0\E_2_1_0_R_10\via_region_data.json
E_2_1_0_L_M_N_N_1980_8_2017.bmp308278,Non-Alcohol,C:\PycharmProjects\Alcohol Detection\dataset\Grupo_2\E_2_1\LG\E_2_1_0\E_2_1_0_R_10\via_region_data.json
E_2_1_0_L_M_N_N_1980_9_2017.bmp308278,Non-Alcohol,C:\PycharmProjects\Alcohol Detection\dataset\Grupo_2\E_2_1\LG\E_2_1_0\E_2_1_0_R_10\via_region_data.json
E_2_1_0_R_M_N_N_1980_0_2017.bmp308278,Non-Alcohol,C:\PycharmProjects\Alcohol Detection\dataset\Grupo_2\E_2_1\LG\E_2_1_0\E_2_1_0_R_10\via_region_data.json
E_2_1_0_R_M_N_N_1980_1_2017.bmp308278,Non-Alcohol,C:\PycharmProjects\Alcohol Detection\dataset\Grupo_2\E_2_1\LG\E_2_1_0\E_2_1_0_R_10\via_region_data.json
E_2_1_0_R_M_N_N_1980_2_2017.bmp308278,Non-Alcohol,C:\PycharmProjects\Alcohol Detection\dataset\Grupo_2\E_2_1\LG\E_2_1_0\E_2_1_0_R_10\via_region_data.json
E_2_1_0_R_M_N_N_1980_3_2017.bmp308278,Non-Alcohol,C:\PycharmProjects\Alcohol Detection\dataset\Grupo_2\E_2_1\LG\E_2_1_0\E_2_1_0_R_10\via_region_data.json
E_2_1_0_R_M_N_N_1980_4_2017.bmp308278,Non-Alcohol,C:\PycharmProjects\Alcohol Detection\dataset\Grupo_2\E_2_1\LG\E_2_1_0\E_2_1_0_R_10\via_region_data.json
E_2_1_0_R_M_N_N_1980_5_2017.bmp308278,Non-Alcohol,C:\PycharmProjects\Alcohol Detection\dataset\Grupo_2\E_2_1\LG\E_2_1_0\E_2_1_0_R_10\via_region_data.json
E_2_1_0_R_M_N_N_1980_6_2017.bmp308278,Non-Alcohol,C:\PycharmProjects\Alcohol Detection\dataset\Grupo_2\E_2_1\LG\E_2_1_0\E_2_1_0_R_10\via_region_data.json
E_2_1_0_R_M_N_N_1980_7_2017.bmp308278,Non-Alcohol,C:\PycharmProjects\Alcohol Detection\dataset\Grupo_2\E_2_1\LG\E_2_1_0\E_2_1_0_R_10\via_region_data.json
E_2_1_0_R_M_N_N_1980_8_2017.bmp308278,Non-Alcohol,C:\PycharmProjects\Alcohol Detection\dataset\Grupo_2\E_2_1\LG\E_2_1_0\E_2_1_0_R_10\via_region_data.json
E_2_1_0_R_M_N_N_1980_9_2017.bmp308278,Non-Alcohol,C:\PycharmProjects\Alcohol Detection\dataset\Grupo_2\E_2_1\LG\E_2_1_0\E_2_1_0_R_10\via_region_data.json
E_2_1_1_L_M_N_N_1980_0_2017.bmp308278,Non-Alcohol,C:\PycharmProjects\Alcohol Detection\dataset\Grupo_2\E_2_1\LG\E_2_1_1\E_2_1_1_R_10\via_region_data.json
E_2_1_1_L_M_N_N_1980_1_2017.bmp308278,Alcohol,C:\PycharmProjects\Alcohol Detection\dataset\Grupo_2\E_2_1\LG\E_2_1_1\E_2_1_1_R_10\via_region_data.json
E_2_1_1_L_M_N_N_1980_2_2017.bmp308278,Alcohol,C:\PycharmProjects\Alcohol Detection\dataset\Grupo_2\E_2_1\LG\E_2_1_1\E_2_1_1_R_10\via_region_data.json
E_2_1_1_L_M_N_N_1980_3_2017.bmp308278,Alcohol,C:\PycharmProjects\Alcohol Detection\dataset\Grupo_2\E_2_1\LG\E_2_1_1\E_2_1_1_R_10\via_region_data.json
E_2_1_1_L_M_N_N_1980_4_2017.bmp308278,Alcohol,C:\PycharmProjects\Alcohol Detection\dataset\Grupo_2\E_2_1\LG\E_2_1_1\E_2_1_1_R_10\via_region_data.json
E_2_1_1_L_M_N_N_1980_5_2017.bmp308278,Alcohol,C:\PycharmProjects\Alcohol Detection\dataset\Grupo_2\E_2_1\LG\E_2_1_1\E_2_1_1_R_10\via_region_data.json
E_2_1_1_L_M_N_N_1980_6_2017.bmp308278,Alcohol,C:\PycharmProjects\Alcohol Detection\dataset\Grupo_2\E_2_1\LG\E_2_1_1\E_2_1_1_R_10\via_region_data.json
E_2_1_1_L_M_N_N_1980_7_2017.bmp308278,Alcohol,C:\PycharmProjects\Alcohol Detection\dataset\Grupo_2\E_2_1\LG\E_2_1_1\E_2_1_1_R_10\via_region_data.json
E_2_1_1_L_M_N_N_1980_8_2017.bmp308278,Alcohol,C:\PycharmProjects\Alcohol Detection\dataset\Grupo_2\E_2_1\LG\E_2_1_1\E_2_1_1_R_10\via_region_data.json
E_2_1_1_L_M_N_N_1980_9_2017.bmp308278,Alcohol,C:\PycharmProjects\Alcohol Detection\dataset\Grupo_2\E_2_1\LG\E_2_1_1\E_2_1_1_R_10\via_region_data.json
E_2_1_1_R_M_N_N_1980_0_2017.bmp308278,Non-Alcohol,C:\PycharmProjects\Alcohol Detection\dataset\Grupo_2\E_2_1\LG\E_2_1_1\E_2_1_1_R_10\via_region_data.json
E_2_1_1_R_M_N_N_1980_1_2017.bmp308278,Alcohol,C:\PycharmProjects\Alcohol Detection\dataset\Grupo_2\E_2_1\LG\E_2_1_1\E_2_1_1_R_10\via_region_data.json
E_2_1_1_R_M_N_N_1980_2_2017.bmp308278,Alcohol,C:\PycharmProjects\Alcohol Detection\dataset\Grupo_2\E_2_1\LG\E_2_1_1\E_2_1_1_R_10\via_region_data.json
E_2_1_1_R_M_N_N_1980_3_2017.bmp308278,Alcohol,C:\PycharmProjects\Alcohol Detection\dataset\Grupo_2\E_2_1\LG\E_2_1_1\E_2_1_1_R_10\via_region_data.json
E_2_1_1_R_M_N_N_1980_4_2017.bmp308278,Alcohol,C:\PycharmProjects\Alcohol Detection\dataset\Grupo_2\E_2_1\LG\E_2_1_1\E_2_1_1_R_10\via_region_data.json
E_2_1_1_R_M_N_N_1980_5_2017.bmp308278,Alcohol,C:\PycharmProjects\Alcohol Detection\dataset\Grupo_2\E_2_1\LG\E_2_1_1\E_2_1_1_R_10\via_region_data.json
E_2_1_1_R_M_N_N_1980_6_2017.bmp308278,Alcohol,C:\PycharmProjects\Alcohol Detection\dataset\Grupo_2\E_2_1\LG\E_2_1_1\E_2_1_1_R_10\via_region_data.json
E_2_1_1_R_M_N_N_1980_7_2017.bmp308278,Alcohol,C:\PycharmProjects\Alcohol Detection\dataset\Grupo_2\E_2_1\LG\E_2_1_1\E_2_1_1_R_10\via_region_data.json
E_2_1_1_R_M_N_N_1980_8_2017.bmp308278,Alcohol,C:\PycharmProjects\Alcohol Detection\dataset\Grupo_2\E_2_1\LG\E_2_1_1\E_2_1_1_R_10\via_region_data.json
E_2_1_1_R_M_N_N_1980_9_2017.bmp308278,Alcohol,C:\PycharmProjects\Alcohol Detection\dataset\Grupo_2\E_2_1\LG\E_2_1_1\E_2_1_1_R_10\via_region_data.json
E_2_1_2_L_M_N_N_1980_0_2017.bmp308278,Non-Alcohol,C:\PycharmProjects\Alcohol Detection\dataset\Grupo_2\E_2_1\LG\E_2_1_2\E_2_1_2_R_10\via_region_data.json
E_2_1_2_L_M_N_N_1980_1_2017.bmp308278,Alcohol,C:\PycharmProjects\Alcohol Detection\dataset\Grupo_2\E_2_1\LG\E_2_1_2\E_2_1_2_R_10\via_region_data.json
E_2_1_2_L_M_N_N_1980_2_2017.bmp308278,Alcohol,C:\PycharmProjects\Alcohol Detection\dataset\Grupo_2\E_2_1\LG\E_2_1_2\E_2_1_2_R_10\via_region_data.json
E_2_1_2_L_M_N_N_1980_3_2017.bmp308278,Alcohol,C:\PycharmProjects\Alcohol Detection\dataset\Grupo_2\E_2_1\LG\E_2_1_2\E_2_1_2_R_10\via_region_data.json
E_2_1_2_L_M_N_N_1980_4_2017.bmp308278,Alcohol,C:\PycharmProjects\Alcohol Detection\dataset\Grupo_2\E_2_1\LG\E_2_1_2\E_2_1_2_R_10\via_region_data.json
E_2_1_2_L_M_N_N_1980_5_2017.bmp308278,Alcohol,C:\PycharmProjects\Alcohol Detection\dataset\Grupo_2\E_2_1\LG\E_2_1_2\E_2_1_2_R_10\via_region_data.json
E_2_1_2_L_M_N_N_1980_6_2017.bmp308278,Alcohol,C:\PycharmProjects\Alcohol Detection\dataset\Grupo_2\E_2_1\LG\E_2_1_2\E_2_1_2_R_10\via_region_data.json
E_2_1_2_L_M_N_N_1980_7_2017.bmp308278,Alcohol,C:\PycharmProjects\Alcohol Detection\dataset\Grupo_2\E_2_1\LG\E_2_1_2\E_2_1_2_R_10\via_region_data.json
E_2_1_2_L_M_N_N_1980_8_2017.bmp308278,Alcohol,C:\PycharmProjects\Alcohol Detection\dataset\Grupo_2\E_2_1\LG\E_2_1_2\E_2_1_2_R_10\via_region_data.json
E_2_1_2_L_M_N_N_1980_9_2017.bmp308278,Alcohol,C:\PycharmProjects\Alcohol Detection\dataset\Grupo_2\E_2_1\LG\E_2_1_2\E_2_1_2_R_10\via_region_data.json
E_2_1_2_R_M_N_N_1980_0_2017.bmp308278,Non-Alcohol,C:\PycharmProjects\Alcohol Detection\dataset\Grupo_2\E_2_1\LG\E_2_1_2\E_2_1_2_R_10\via_region_data.json
E_2_1_2_R_M_N_N_1980_1_2017.bmp308278,Alcohol,C:\PycharmProjects\Alcohol Detection\dataset\Grupo_2\E_2_1\LG\E_2_1_2\E_2_1_2_R_10\via_region_data.json
E_2_1_2_R_M_N_N_1980_2_2017.bmp308278,Alcohol,C:\PycharmProjects\Alcohol Detection\dataset\Grupo_2\E_2_1\LG\E_2_1_2\E_2_1_2_R_10\via_region_data.json
E_2_1_2_R_M_N_N_1980_3_2017.bmp308278,Alcohol,C:\PycharmProjects\Alcohol Detection\dataset\Grupo_2\E_2_1\LG\E_2_1_2\E_2_1_2_R_10\via_region_data.json
E_2_1_2_R_M_N_N_1980_4_2017.bmp308278,Alcohol,C:\PycharmProjects\Alcohol Detection\dataset\Grupo_2\E_2_1\LG\E_2_1_2\E_2_1_2_R_10\via_region_data.json
E_2_1_2_R_M_N_N_1980_5_2017.bmp308278,Alcohol,C:\PycharmProjects\Alcohol Detection\dataset\Grupo_2\E_2_1\LG\E_2_1_2\E_2_1_2_R_10\via_region_data.json
E_2_1_2_R_M_N_N_1980_6_2017.bmp308278,Alcohol,C:\PycharmProjects\Alcohol Detection\dataset\Grupo_2\E_2_1\LG\E_2_1_2\E_2_1_2_R_10\via_region_data.json
E_2_1_2_R_M_N_N_1980_7_2017.bmp308278,Alcohol,C:\PycharmProjects\Alcohol Detection\dataset\Grupo_2\E_2_1\LG\E_2_1_2\E_2_1_2_R_10\via_region_data.json
E_2_1_2_R_M_N_N_1980_8_2017.bmp308278,Alcohol,C:\PycharmProjects\Alcohol Detection\dataset\Grupo_2\E_2_1\LG\E_2_1_2\E_2_1_2_R_10\via_region_data.json
E_2_1_2_R_M_N_N_1980_9_2017.bmp308278,Alcohol,C:\PycharmProjects\Alcohol Detection\dataset\Grupo_2\E_2_1\LG\E_2_1_2\E_2_1_2_R_10\via_region_data.json
E_2_1_3_L_M_N_N_1980_0_2017.bmp308278,Non-Alcohol,C:\PycharmProjects\Alcohol Detection\dataset\Grupo_2\E_2_1\LG\E_2_1_3\E_2_1_3_R_10\via_region_data.json
E_2_1_3_L_M_N_N_1980_1_2017.bmp308278,Alcohol,C:\PycharmProjects\Alcohol Detection\dataset\Grupo_2\E_2_1\LG\E_2_1_3\E_2_1_3_R_10\via_region_data.json
E_2_1_3_L_M_N_N_1980_2_2017.bmp308278,Alcohol,C:\PycharmProjects\Alcohol Detection\dataset\Grupo_2\E_2_1\LG\E_2_1_3\E_2_1_3_R_10\via_region_data.json
E_2_1_3_L_M_N_N_1980_3_2017.bmp308278,Alcohol,C:\PycharmProjects\Alcohol Detection\dataset\Grupo_2\E_2_1\LG\E_2_1_3\E_2_1_3_R_10\via_region_data.json
E_2_1_3_L_M_N_N_1980_4_2017.bmp308278,Alcohol,C:\PycharmProjects\Alcohol Detection\dataset\Grupo_2\E_2_1\LG\E_2_1_3\E_2_1_3_R_10\via_region_data.json
E_2_1_3_L_M_N_N_1980_5_2017.bmp308278,Alcohol,C:\PycharmProjects\Alcohol Detection\dataset\Grupo_2\E_2_1\LG\E_2_1_3\E_2_1_3_R_10\via_region_data.json
E_2_1_3_L_M_N_N_1980_6_2017.bmp308278,Alcohol,C:\PycharmProjects\Alcohol Detection\dataset\Grupo_2\E_2_1\LG\E_2_1_3\E_2_1_3_R_10\via_region_data.json
E_2_1_3_L_M_N_N_1980_7_2017.bmp308278,Alcohol,C:\PycharmProjects\Alcohol Detection\dataset\Grupo_2\E_2_1\LG\E_2_1_3\E_2_1_3_R_10\via_region_data.json
E_2_1_3_L_M_N_N_1980_8_2017.bmp308278,Alcohol,C:\PycharmProjects\Alcohol Detection\dataset\Grupo_2\E_2_1\LG\E_2_1_3\E_2_1_3_R_10\via_region_data.json
E_2_1_3_L_M_N_N_1980_9_2017.bmp308278,Alcohol,C:\PycharmProjects\Alcohol Detection\dataset\Grupo_2\E_2_1\LG\E_2_1_3\E_2_1_3_R_10\via_region_data.json
E_2_1_3_R_M_N_N_1980_0_2017.bmp308278,Non-Alcohol,C:\PycharmProjects\Alcohol Detection\dataset\Grupo_2\E_2_1\LG\E_2_1_3\E_2_1_3_R_10\via_region_data.json
E_2_1_3_R_M_N_N_1980_1_2017.bmp308278,Alcohol,C:\PycharmProjects\Alcohol Detection\dataset\Grupo_2\E_2_1\LG\E_2_1_3\E_2_1_3_R_10\via_region_data.json
E_2_1_3_R_M_N_N_1980_2_2017.bmp308278,Alcohol,C:\PycharmProjects\Alcohol Detection\dataset\Grupo_2\E_2_1\LG\E_2_1_3\E_2_1_3_R_10\via_region_data.json
E_2_1_3_R_M_N_N_1980_3_2017.bmp308278,Alcohol,C:\PycharmProjects\Alcohol Detection\dataset\Grupo_2\E_2_1\LG\E_2_1_3\E_2_1_3_R_10\via_region_data.json
E_2_1_3_R_M_N_N_1980_4_2017.bmp308278,Alcohol,C:\PycharmProjects\Alcohol Detection\dataset\Grupo_2\E_2_1\LG\E_2_1_3\E_2_1_3_R_10\via_region_data.json
E_2_1_3_R_M_N_N_1980_5_2017.bmp308278,Alcohol,C:\PycharmProjects\Alcohol Detection\dataset\Grupo_2\E_2_1\LG\E_2_1_3\E_2_1_3_R_10\via_region_data.json
E_2_1_3_R_M_N_N_1980_6_2017.bmp308278,Alcohol,C:\PycharmProjects\Alcohol Detection\dataset\Grupo_2\E_2_1\LG\E_2_1_3\E_2_1_3_R_10\via_region_data.json
E_2_1_3_R_M_N_N_1980_7_2017.bmp308278,Alcohol,C:\PycharmProjects\Alcohol Detection\dataset\Grupo_2\E_2_1\LG\E_2_1_3\E_2_1_3_R_10\via_region_data.json
E_2_1_3_R_M_N_N_1980_8_2017.bmp308278,Alcohol,C:\PycharmProjects\Alcohol Detection\dataset\Grupo_2\E_2_1\LG\E_2_1_3\E_2_1_3_R_10\via_region_data.json
E_2_1_3_R_M_N_N_1980_9_2017.bmp308278,Alcohol,C:\PycharmProjects\Alcohol Detection\dataset\Grupo_2\E_2_1\LG\E_2_1_3\E_2_1_3_R_10\via_region_data.json
E_2_1_4_L_M_N_N_1980_0_2017.bmp308278,Non-Alcohol,C:\PycharmProjects\Alcohol Detection\dataset\Grupo_2\E_2_1\LG\E_2_1_4\E_2_1_4_R_10\via_region_data.json
E_2_1_4_L_M_N_N_1980_1_2017.bmp308278,Alcohol,C:\PycharmProjects\Alcohol Detection\dataset\Grupo_2\E_2_1\LG\E_2_1_4\E_2_1_4_R_10\via_region_data.json
E_2_1_4_L_M_N_N_1980_2_2017.bmp308278,Alcohol,C:\PycharmProjects\Alcohol Detection\dataset\Grupo_2\E_2_1\LG\E_2_1_4\E_2_1_4_R_10\via_region_data.json
E_2_1_4_L_M_N_N_1980_3_2017.bmp308278,Alcohol,C:\PycharmProjects\Alcohol Detection\dataset\Grupo_2\E_2_1\LG\E_2_1_4\E_2_1_4_R_10\via_region_data.json
E_2_1_4_L_M_N_N_1980_4_2017.bmp308278,Alcohol,C:\PycharmProjects\Alcohol Detection\dataset\Grupo_2\E_2_1\LG\E_2_1_4\E_2_1_4_R_10\via_region_data.json
E_2_1_4_L_M_N_N_1980_5_2017.bmp308278,Alcohol,C:\PycharmProjects\Alcohol Detection\dataset\Grupo_2\E_2_1\LG\E_2_1_4\E_2_1_4_R_10\via_region_data.json
E_2_1_4_L_M_N_N_1980_6_2017.bmp308278,Alcohol,C:\PycharmProjects\Alcohol Detection\dataset\Grupo_2\E_2_1\LG\E_2_1_4\E_2_1_4_R_10\via_region_data.json
E_2_1_4_L_M_N_N_1980_7_2017.bmp308278,Alcohol,C:\PycharmProjects\Alcohol Detection\dataset\Grupo_2\E_2_1\LG\E_2_1_4\E_2_1_4_R_10\via_region_data.json
E_2_1_4_L_M_N_N_1980_8_2017.bmp308278,Alcohol,C:\PycharmProjects\Alcohol Detection\dataset\Grupo_2\E_2_1\LG\E_2_1_4\E_2_1_4_R_10\via_region_data.json
E_2_1_4_L_M_N_N_1980_9_2017.bmp308278,Alcohol,C:\PycharmProjects\Alcohol Detection\dataset\Grupo_2\E_2_1\LG\E_2_1_4\E_2_1_4_R_10\via_region_data.json
E_2_1_4_R_M_N_N_1980_0_2017.bmp308278,Non-Alcohol,C:\PycharmProjects\Alcohol Detection\dataset\Grupo_2\E_2_1\LG\E_2_1_4\E_2_1_4_R_10\via_region_data.json
E_2_1_4_R_M_N_N_1980_1_2017.bmp308278,Alcohol,C:\PycharmProjects\Alcohol Detection\dataset\Grupo_2\E_2_1\LG\E_2_1_4\E_2_1_4_R_10\via_region_data.json
E_2_1_4_R_M_N_N_1980_2_2017.bmp308278,Alcohol,C:\PycharmProjects\Alcohol Detection\dataset\Grupo_2\E_2_1\LG\E_2_1_4\E_2_1_4_R_10\via_region_data.json
E_2_1_4_R_M_N_N_1980_3_2017.bmp308278,Alcohol,C:\PycharmProjects\Alcohol Detection\dataset\Grupo_2\E_2_1\LG\E_2_1_4\E_2_1_4_R_10\via_region_data.json
E_2_1_4_R_M_N_N_1980_4_2017.bmp308278,Alcohol,C:\PycharmProjects\Alcohol Detection\dataset\Grupo_2\E_2_1\LG\E_2_1_4\E_2_1_4_R_10\via_region_data.json
E_2_1_4_R_M_N_N_1980_5_2017.bmp308278,Alcohol,C:\PycharmProjects\Alcohol Detection\dataset\Grupo_2\E_2_1\LG\E_2_1_4\E_2_1_4_R_10\via_region_data.json
E_2_1_4_R_M_N_N_1980_6_2017.bmp308278,Alcohol,C:\PycharmProjects\Alcohol Detection\dataset\Grupo_2\E_2_1\LG\E_2_1_4\E_2_1_4_R_10\via_region_data.json
E_2_1_4_R_M_N_N_1980_7_2017.bmp308278,Alcohol,C:\PycharmProjects\Alcohol Detection\dataset\Grupo_2\E_2_1\LG\E_2_1_4\E_2_1_4_R_10\via_region_data.json
E_2_1_4_R_M_N_N_1980_8_2017.bmp308278,Alcohol,C:\PycharmProjects\Alcohol Detection\dataset\Grupo_2\E_2_1\LG\E_2_1_4\E_2_1_4_R_10\via_region_data.json
E_2_1_4_R_M_N_N_1980_9_2017.bmp308278,Alcohol,C:\PycharmProjects\Alcohol Detection\dataset\Grupo_2\E_2_1\LG\E_2_1_4\E_2_1_4_R_10\via_region_data.json
E_2_2_0_L_M_N_N_1970_0_2017.bmp308278,Non-Alcohol,C:\PycharmProjects\Alcohol Detection\dataset\Grupo_2\E_2_2\Iritech\E_2_2_0\via_region_data.json
E_2_2_0_R_M_N_N_1970_0_2017.bmp308278,Non-Alcohol,C:\PycharmProjects\Alcohol Detection\dataset\Grupo_2\E_2_2\Iritech\E_2_2_0\via_region_data.json
E_2_2_0_L_M_N_N_1970_0_2017.bmp308278,Non-Alcohol,C:\PycharmProjects\Alcohol Detection\dataset\Grupo_2\E_2_2\Iritech\E_2_2_0\E_2_2_0_L_5\via_region_data.json
E_2_2_0_L_M_N_N_1970_1_2017.bmp308278,Non-Alcohol,C:\PycharmProjects\Alcohol Detection\dataset\Grupo_2\E_2_2\Iritech\E_2_2_0\E_2_2_0_L_5\via_region_data.json
E_2_2_0_L_M_N_N_1970_2_2017.bmp308278,Non-Alcohol,C:\PycharmProjects\Alcohol Detection\dataset\Grupo_2\E_2_2\Iritech\E_2_2_0\E_2_2_0_L_5\via_region_data.json
E_2_2_0_L_M_N_N_1970_3_2017.bmp308278,Non-Alcohol,C:\PycharmProjects\Alcohol Detection\dataset\Grupo_2\E_2_2\Iritech\E_2_2_0\E_2_2_0_L_5\via_region_data.json
E_2_2_0_L_M_N_N_1970_4_2017.bmp308278,Non-Alcohol,C:\PycharmProjects\Alcohol Detection\dataset\Grupo_2\E_2_2\Iritech\E_2_2_0\E_2_2_0_L_5\via_region_data.json
E_2_2_0_L_M_N_N_1970_5_2017.bmp308278,Non-Alcohol,C:\PycharmProjects\Alcohol Detection\dataset\Grupo_2\E_2_2\Iritech\E_2_2_0\E_2_2_0_L_5\via_region_data.json
E_2_2_0_L_M_N_N_1970_6_2017.bmp308278,Non-Alcohol,C:\PycharmProjects\Alcohol Detection\dataset\Grupo_2\E_2_2\Iritech\E_2_2_0\E_2_2_0_L_5\via_region_data.json
E_2_2_0_L_M_N_N_1970_7_2017.bmp308278,Non-Alcohol,C:\PycharmProjects\Alcohol Detection\dataset\Grupo_2\E_2_2\Iritech\E_2_2_0\E_2_2_0_L_5\via_region_data.json
E_2_2_0_L_M_N_N_1970_8_2017.bmp308278,Non-Alcohol,C:\PycharmProjects\Alcohol Detection\dataset\Grupo_2\E_2_2\Iritech\E_2_2_0\E_2_2_0_L_5\via_region_data.json
E_2_2_0_L_M_N_N_1970_9_2017.bmp308278,Non-Alcohol,C:\PycharmProjects\Alcohol Detection\dataset\Grupo_2\E_2_2\Iritech\E_2_2_0\E_2_2_0_L_5\via_region_data.json
E_2_2_0_L_M_N_N_1970_10_2017.bmp308278,Non-Alcohol,C:\PycharmProjects\Alcohol Detection\dataset\Grupo_2\E_2_2\Iritech\E_2_2_0\E_2_2_0_L_5\via_region_data.json
E_2_2_0_L_M_N_N_1970_11_2017.bmp308278,Non-Alcohol,C:\PycharmProjects\Alcohol Detection\dataset\Grupo_2\E_2_2\Iritech\E_2_2_0\E_2_2_0_L_5\via_region_data.json
E_2_2_0_L_M_N_N_1970_12_2017.bmp308278,Non-Alcohol,C:\PycharmProjects\Alcohol Detection\dataset\Grupo_2\E_2_2\Iritech\E_2_2_0\E_2_2_0_L_5\via_region_data.json
E_2_2_0_L_M_N_N_1970_13_2017.bmp308278,Non-Alcohol,C:\PycharmProjects\Alcohol Detection\dataset\Grupo_2\E_2_2\Iritech\E_2_2_0\E_2_2_0_L_5\via_region_data.json
E_2_2_0_L_M_N_N_1970_14_2017.bmp308278,Non-Alcohol,C:\PycharmProjects\Alcohol Detection\dataset\Grupo_2\E_2_2\Iritech\E_2_2_0\E_2_2_0_L_5\via_region_data.json
E_2_2_0_L_M_N_N_1970_15_2017.bmp308278,Non-Alcohol,C:\PycharmProjects\Alcohol Detection\dataset\Grupo_2\E_2_2\Iritech\E_2_2_0\E_2_2_0_L_5\via_region_data.json
E_2_2_0_L_M_N_N_1970_16_2017.bmp308278,Non-Alcohol,C:\PycharmProjects\Alcohol Detection\dataset\Grupo_2\E_2_2\Iritech\E_2_2_0\E_2_2_0_L_5\via_region_data.json
E_2_2_0_L_M_N_N_1970_17_2017.bmp308278,Non-Alcohol,C:\PycharmProjects\Alcohol Detection\dataset\Grupo_2\E_2_2\Iritech\E_2_2_0\E_2_2_0_L_5\via_region_data.json
E_2_2_0_L_M_N_N_1970_18_2017.bmp308278,Non-Alcohol,C:\PycharmProjects\Alcohol Detection\dataset\Grupo_2\E_2_2\Iritech\E_2_2_0\E_2_2_0_L_5\via_region_data.json
E_2_2_0_L_M_N_N_1970_19_2017.bmp308278,Non-Alcohol,C:\PycharmProjects\Alcohol Detection\dataset\Grupo_2\E_2_2\Iritech\E_2_2_0\E_2_2_0_L_5\via_region_data.json
E_2_2_0_L_M_N_N_1970_20_2017.bmp308278,Non-Alcohol,C:\PycharmProjects\Alcohol Detection\dataset\Grupo_2\E_2_2\Iritech\E_2_2_0\E_2_2_0_L_5\via_region_data.json
E_2_2_0_L_M_N_N_1970_21_2017.bmp308278,Non-Alcohol,C:\PycharmProjects\Alcohol Detection\dataset\Grupo_2\E_2_2\Iritech\E_2_2_0\E_2_2_0_L_5\via_region_data.json
E_2_2_0_L_M_N_N_1970_22_2017.bmp308278,Non-Alcohol,C:\PycharmProjects\Alcohol Detection\dataset\Grupo_2\E_2_2\Iritech\E_2_2_0\E_2_2_0_L_5\via_region_data.json
E_2_2_0_L_M_N_N_1970_23_2017.bmp308278,Non-Alcohol,C:\PycharmProjects\Alcohol Detection\dataset\Grupo_2\E_2_2\Iritech\E_2_2_0\E_2_2_0_L_5\via_region_data.json
E_2_2_0_L_M_N_N_1970_24_2017.bmp308278,Non-Alcohol,C:\PycharmProjects\Alcohol Detection\dataset\Grupo_2\E_2_2\Iritech\E_2_2_0\E_2_2_0_L_5\via_region_data.json
E_2_2_0_L_M_N_N_1970_25_2017.bmp308278,Non-Alcohol,C:\PycharmProjects\Alcohol Detection\dataset\Grupo_2\E_2_2\Iritech\E_2_2_0\E_2_2_0_L_5\via_region_data.json
E_2_2_0_L_M_N_N_1970_26_2017.bmp308278,Non-Alcohol,C:\PycharmProjects\Alcohol Detection\dataset\Grupo_2\E_2_2\Iritech\E_2_2_0\E_2_2_0_L_5\via_region_data.json
E_2_2_0_L_M_N_N_1970_27_2017.bmp308278,Non-Alcohol,C:\PycharmProjects\Alcohol Detection\dataset\Grupo_2\E_2_2\Iritech\E_2_2_0\E_2_2_0_L_5\via_region_data.json
E_2_2_0_L_M_N_N_1970_28_2017.bmp308278,Non-Alcohol,C:\PycharmProjects\Alcohol Detection\dataset\Grupo_2\E_2_2\Iritech\E_2_2_0\E_2_2_0_L_5\via_region_data.json
E_2_2_0_L_M_N_N_1970_29_2017.bmp308278,Non-Alcohol,C:\PycharmProjects\Alcohol Detection\dataset\Grupo_2\E_2_2\Iritech\E_2_2_0\E_2_2_0_L_5\via_region_data.json
E_2_2_0_L_M_N_N_1970_30_2017.bmp308278,Non-Alcohol,C:\PycharmProjects\Alcohol Detection\dataset\Grupo_2\E_2_2\Iritech\E_2_2_0\E_2_2_0_L_5\via_region_data.json
E_2_2_0_L_M_N_N_1970_31_2017.bmp308278,Non-Alcohol,C:\PycharmProjects\Alcohol Detection\dataset\Grupo_2\E_2_2\Iritech\E_2_2_0\E_2_2_0_L_5\via_region_data.json
E_2_2_0_L_M_N_N_1970_32_2017.bmp308278,Non-Alcohol,C:\PycharmProjects\Alcohol Detection\dataset\Grupo_2\E_2_2\Iritech\E_2_2_0\E_2_2_0_L_5\via_region_data.json
E_2_2_0_L_M_N_N_1970_33_2017.bmp308278,Non-Alcohol,C:\PycharmProjects\Alcohol Detection\dataset\Grupo_2\E_2_2\Iritech\E_2_2_0\E_2_2_0_L_5\via_region_data.json
E_2_2_0_L_M_N_N_1970_34_2017.bmp308278,Non-Alcohol,C:\PycharmProjects\Alcohol Detection\dataset\Grupo_2\E_2_2\Iritech\E_2_2_0\E_2_2_0_L_5\via_region_data.json
E_2_2_0_L_M_N_N_1970_35_2017.bmp308278,Non-Alcohol,C:\PycharmProjects\Alcohol Detection\dataset\Grupo_2\E_2_2\Iritech\E_2_2_0\E_2_2_0_L_5\via_region_data.json
E_2_2_0_L_M_N_N_1970_36_2017.bmp308278,Non-Alcohol,C:\PycharmProjects\Alcohol Detection\dataset\Grupo_2\E_2_2\Iritech\E_2_2_0\E_2_2_0_L_5\via_region_data.json
E_2_2_0_L_M_N_N_1970_37_2017.bmp308278,Non-Alcohol,C:\PycharmProjects\Alcohol Detection\dataset\Grupo_2\E_2_2\Iritech\E_2_2_0\E_2_2_0_L_5\via_region_data.json
E_2_2_0_L_M_N_N_1970_38_2017.bmp308278,Non-Alcohol,C:\PycharmProjects\Alcohol Detection\dataset\Grupo_2\E_2_2\Iritech\E_2_2_0\E_2_2_0_L_5\via_region_data.json
E_2_2_0_L_M_N_N_1970_39_2017.bmp308278,Non-Alcohol,C:\PycharmProjects\Alcohol Detection\dataset\Grupo_2\E_2_2\Iritech\E_2_2_0\E_2_2_0_L_5\via_region_data.json
E_2_2_0_L_M_N_N_1970_40_2017.bmp308278,Non-Alcohol,C:\PycharmProjects\Alcohol Detection\dataset\Grupo_2\E_2_2\Iritech\E_2_2_0\E_2_2_0_L_5\via_region_data.json
E_2_2_0_L_M_N_N_1970_41_2017.bmp308278,Non-Alcohol,C:\PycharmProjects\Alcohol Detection\dataset\Grupo_2\E_2_2\Iritech\E_2_2_0\E_2_2_0_L_5\via_region_data.json
E_2_2_0_L_M_N_N_1970_42_2017.bmp308278,Non-Alcohol,C:\PycharmProjects\Alcohol Detection\dataset\Grupo_2\E_2_2\Iritech\E_2_2_0\E_2_2_0_L_5\via_region_data.json
E_2_2_0_L_M_N_N_1970_43_2017.bmp308278,Non-Alcohol,C:\PycharmProjects\Alcohol Detection\dataset\Grupo_2\E_2_2\Iritech\E_2_2_0\E_2_2_0_L_5\via_region_data.json
E_2_2_0_L_M_N_N_1970_44_2017.bmp308278,Non-Alcohol,C:\PycharmProjects\Alcohol Detection\dataset\Grupo_2\E_2_2\Iritech\E_2_2_0\E_2_2_0_L_5\via_region_data.json
E_2_2_0_L_M_N_N_1970_45_2017.bmp308278,Non-Alcohol,C:\PycharmProjects\Alcohol Detection\dataset\Grupo_2\E_2_2\Iritech\E_2_2_0\E_2_2_0_L_5\via_region_data.json
E_2_2_0_L_M_N_N_1970_46_2017.bmp308278,Non-Alcohol,C:\PycharmProjects\Alcohol Detection\dataset\Grupo_2\E_2_2\Iritech\E_2_2_0\E_2_2_0_L_5\via_region_data.json
E_2_2_0_L_M_N_N_1970_47_2017.bmp308278,Non-Alcohol,C:\PycharmProjects\Alcohol Detection\dataset\Grupo_2\E_2_2\Iritech\E_2_2_0\E_2_2_0_L_5\via_region_data.json
E_2_2_0_L_M_N_N_1970_48_2017.bmp308278,Non-Alcohol,C:\PycharmProjects\Alcohol Detection\dataset\Grupo_2\E_2_2\Iritech\E_2_2_0\E_2_2_0_L_5\via_region_data.json
E_2_2_0_L_M_N_N_1970_49_2017.bmp308278,Non-Alcohol,C:\PycharmProjects\Alcohol Detection\dataset\Grupo_2\E_2_2\Iritech\E_2_2_0\E_2_2_0_L_5\via_region_data.json
E_2_2_0_L_M_N_N_1970_50_2017.bmp308278,Non-Alcohol,C:\PycharmProjects\Alcohol Detection\dataset\Grupo_2\E_2_2\Iritech\E_2_2_0\E_2_2_0_L_5\via_region_data.json
E_2_2_0_L_M_N_N_1970_51_2017.bmp308278,Non-Alcohol,C:\PycharmProjects\Alcohol Detection\dataset\Grupo_2\E_2_2\Iritech\E_2_2_0\E_2_2_0_L_5\via_region_data.json
E_2_2_0_L_M_N_N_1970_52_2017.bmp308278,Non-Alcohol,C:\PycharmProjects\Alcohol Detection\dataset\Grupo_2\E_2_2\Iritech\E_2_2_0\E_2_2_0_L_5\via_region_data.json
E_2_2_0_L_M_N_N_1970_53_2017.bmp308278,Non-Alcohol,C:\PycharmProjects\Alcohol Detection\dataset\Grupo_2\E_2_2\Iritech\E_2_2_0\E_2_2_0_L_5\via_region_data.json
E_2_2_0_L_M_N_N_1970_54_2017.bmp308278,Non-Alcohol,C:\PycharmProjects\Alcohol Detection\dataset\Grupo_2\E_2_2\Iritech\E_2_2_0\E_2_2_0_L_5\via_region_data.json
E_2_2_0_L_M_N_N_1970_55_2017.bmp308278,Non-Alcohol,C:\PycharmProjects\Alcohol Detection\dataset\Grupo_2\E_2_2\Iritech\E_2_2_0\E_2_2_0_L_5\via_region_data.json
E_2_2_0_L_M_N_N_1970_56_2017.bmp308278,Non-Alcohol,C:\PycharmProjects\Alcohol Detection\dataset\Grupo_2\E_2_2\Iritech\E_2_2_0\E_2_2_0_L_5\via_region_data.json
E_2_2_0_L_M_N_N_1970_57_2017.bmp308278,Non-Alcohol,C:\PycharmProjects\Alcohol Detection\dataset\Grupo_2\E_2_2\Iritech\E_2_2_0\E_2_2_0_L_5\via_region_data.json
E_2_2_0_L_M_N_N_1970_58_2017.bmp308278,Non-Alcohol,C:\PycharmProjects\Alcohol Detection\dataset\Grupo_2\E_2_2\Iritech\E_2_2_0\E_2_2_0_L_5\via_region_data.json
E_2_2_0_L_M_N_N_1970_59_2017.bmp308278,Non-Alcohol,C:\PycharmProjects\Alcohol Detection\dataset\Grupo_2\E_2_2\Iritech\E_2_2_0\E_2_2_0_L_5\via_region_data.json
E_2_2_0_L_M_N_N_1970_60_2017.bmp308278,Non-Alcohol,C:\PycharmProjects\Alcohol Detection\dataset\Grupo_2\E_2_2\Iritech\E_2_2_0\E_2_2_0_L_5\via_region_data.json
E_2_2_0_L_M_N_N_1970_61_2017.bmp308278,Non-Alcohol,C:\PycharmProjects\Alcohol Detection\dataset\Grupo_2\E_2_2\Iritech\E_2_2_0\E_2_2_0_L_5\via_region_data.json
E_2_2_0_L_M_N_N_1970_62_2017.bmp308278,Non-Alcohol,C:\PycharmProjects\Alcohol Detection\dataset\Grupo_2\E_2_2\Iritech\E_2_2_0\E_2_2_0_L_5\via_region_data.json
E_2_2_0_L_M_N_N_1970_63_2017.bmp308278,Non-Alcohol,C:\PycharmProjects\Alcohol Detection\dataset\Grupo_2\E_2_2\Iritech\E_2_2_0\E_2_2_0_L_5\via_region_data.json
E_2_2_0_L_M_N_N_1970_64_2017.bmp308278,Non-Alcohol,C:\PycharmProjects\Alcohol Detection\dataset\Grupo_2\E_2_2\Iritech\E_2_2_0\E_2_2_0_L_5\via_region_data.json
E_2_2_0_L_M_N_N_1970_65_2017.bmp308278,Non-Alcohol,C:\PycharmProjects\Alcohol Detection\dataset\Grupo_2\E_2_2\Iritech\E_2_2_0\E_2_2_0_L_5\via_region_data.json
E_2_2_0_L_M_N_N_1970_66_2017.bmp308278,Non-Alcohol,C:\PycharmProjects\Alcohol Detection\dataset\Grupo_2\E_2_2\Iritech\E_2_2_0\E_2_2_0_L_5\via_region_data.json
E_2_2_0_L_M_N_N_1970_67_2017.bmp308278,Non-Alcohol,C:\PycharmProjects\Alcohol Detection\dataset\Grupo_2\E_2_2\Iritech\E_2_2_0\E_2_2_0_L_5\via_region_data.json
E_2_2_0_L_M_N_N_1970_68_2017.bmp308278,Non-Alcohol,C:\PycharmProjects\Alcohol Detection\dataset\Grupo_2\E_2_2\Iritech\E_2_2_0\E_2_2_0_L_5\via_region_data.json
E_2_2_0_L_M_N_N_1970_69_2017.bmp308278,Non-Alcohol,C:\PycharmProjects\Alcohol Detection\dataset\Grupo_2\E_2_2\Iritech\E_2_2_0\E_2_2_0_L_5\via_region_data.json
E_2_2_0_L_M_N_N_1970_70_2017.bmp308278,Non-Alcohol,C:\PycharmProjects\Alcohol Detection\dataset\Grupo_2\E_2_2\Iritech\E_2_2_0\E_2_2_0_L_5\via_region_data.json
E_2_2_0_L_M_N_N_1970_71_2017.bmp308278,Non-Alcohol,C:\PycharmProjects\Alcohol Detection\dataset\Grupo_2\E_2_2\Iritech\E_2_2_0\E_2_2_0_L_5\via_region_data.json
E_2_2_0_L_M_N_N_1970_72_2017.bmp308278,Non-Alcohol,C:\PycharmProjects\Alcohol Detection\dataset\Grupo_2\E_2_2\Iritech\E_2_2_0\E_2_2_0_L_5\via_region_data.json
E_2_2_0_L_M_N_N_1970_73_2017.bmp308278,Non-Alcohol,C:\PycharmProjects\Alcohol Detection\dataset\Grupo_2\E_2_2\Iritech\E_2_2_0\E_2_2_0_L_5\via_region_data.json
E_2_2_0_L_M_N_N_1970_74_2017.bmp308278,Non-Alcohol,C:\PycharmProjects\Alcohol Detection\dataset\Grupo_2\E_2_2\Iritech\E_2_2_0\E_2_2_0_L_5\via_region_data.json
E_2_2_0_L_M_N_N_1970_75_2017.bmp308278,Non-Alcohol,C:\PycharmProjects\Alcohol Detection\dataset\Grupo_2\E_2_2\Iritech\E_2_2_0\E_2_2_0_L_5\via_region_data.json
E_2_2_0_L_M_N_N_1970_76_2017.bmp308278,Non-Alcohol,C:\PycharmProjects\Alcohol Detection\dataset\Grupo_2\E_2_2\Iritech\E_2_2_0\E_2_2_0_L_5\via_region_data.json
E_2_2_0_L_M_N_N_1970_77_2017.bmp308278,Non-Alcohol,C:\PycharmProjects\Alcohol Detection\dataset\Grupo_2\E_2_2\Iritech\E_2_2_0\E_2_2_0_L_5\via_region_data.json
E_2_2_0_R_M_N_N_1970_90_2017.bmp308278,Non-Alcohol,C:\PycharmProjects\Alcohol Detection\dataset\Grupo_2\E_2_2\Iritech\E_2_2_0\E_2_2_0_R_5\via_region_data.json
E_2_2_0_R_M_N_N_1970_91_2017.bmp308278,Non-Alcohol,C:\PycharmProjects\Alcohol Detection\dataset\Grupo_2\E_2_2\Iritech\E_2_2_0\E_2_2_0_R_5\via_region_data.json
E_2_2_0_R_M_N_N_1970_92_2017.bmp308278,Non-Alcohol,C:\PycharmProjects\Alcohol Detection\dataset\Grupo_2\E_2_2\Iritech\E_2_2_0\E_2_2_0_R_5\via_region_data.json
E_2_2_0_R_M_N_N_1970_93_2017.bmp308278,Non-Alcohol,C:\PycharmProjects\Alcohol Detection\dataset\Grupo_2\E_2_2\Iritech\E_2_2_0\E_2_2_0_R_5\via_region_data.json
E_2_2_0_R_M_N_N_1970_94_2017.bmp308278,Non-Alcohol,C:\PycharmProjects\Alcohol Detection\dataset\Grupo_2\E_2_2\Iritech\E_2_2_0\E_2_2_0_R_5\via_region_data.json
E_2_2_0_R_M_N_N_1970_95_2017.bmp308278,Non-Alcohol,C:\PycharmProjects\Alcohol Detection\dataset\Grupo_2\E_2_2\Iritech\E_2_2_0\E_2_2_0_R_5\via_region_data.json
E_2_2_0_R_M_N_N_1970_96_2017.bmp308278,Non-Alcohol,C:\PycharmProjects\Alcohol Detection\dataset\Grupo_2\E_2_2\Iritech\E_2_2_0\E_2_2_0_R_5\via_region_data.json
E_2_2_0_R_M_N_N_1970_97_2017.bmp308278,Non-Alcohol,C:\PycharmProjects\Alcohol Detection\dataset\Grupo_2\E_2_2\Iritech\E_2_2_0\E_2_2_0_R_5\via_region_data.json
E_2_2_0_R_M_N_N_1970_98_2017.bmp308278,Non-Alcohol,C:\PycharmProjects\Alcohol Detection\dataset\Grupo_2\E_2_2\Iritech\E_2_2_0\E_2_2_0_R_5\via_region_data.json
E_2_2_0_R_M_N_N_1970_99_2017.bmp308278,Non-Alcohol,C:\PycharmProjects\Alcohol Detection\dataset\Grupo_2\E_2_2\Iritech\E_2_2_0\E_2_2_0_R_5\via_region_data.json
E_2_2_0_R_M_N_N_1970_100_2017.bmp308278,Non-Alcohol,C:\PycharmProjects\Alcohol Detection\dataset\Grupo_2\E_2_2\Iritech\E_2_2_0\E_2_2_0_R_5\via_region_data.json
E_2_2_0_R_M_N_N_1970_101_2017.bmp308278,Non-Alcohol,C:\PycharmProjects\Alcohol Detection\dataset\Grupo_2\E_2_2\Iritech\E_2_2_0\E_2_2_0_R_5\via_region_data.json
E_2_2_0_R_M_N_N_1970_102_2017.bmp308278,Non-Alcohol,C:\PycharmProjects\Alcohol Detection\dataset\Grupo_2\E_2_2\Iritech\E_2_2_0\E_2_2_0_R_5\via_region_data.json
E_2_2_0_R_M_N_N_1970_103_2017.bmp308278,Non-Alcohol,C:\PycharmProjects\Alcohol Detection\dataset\Grupo_2\E_2_2\Iritech\E_2_2_0\E_2_2_0_R_5\via_region_data.json
E_2_2_0_R_M_N_N_1970_104_2017.bmp308278,Non-Alcohol,C:\PycharmProjects\Alcohol Detection\dataset\Grupo_2\E_2_2\Iritech\E_2_2_0\E_2_2_0_R_5\via_region_data.json
E_2_2_0_R_M_N_N_1970_105_2017.bmp308278,Non-Alcohol,C:\PycharmProjects\Alcohol Detection\dataset\Grupo_2\E_2_2\Iritech\E_2_2_0\E_2_2_0_R_5\via_region_data.json
E_2_2_0_R_M_N_N_1970_106_2017.bmp308278,Non-Alcohol,C:\PycharmProjects\Alcohol Detection\dataset\Grupo_2\E_2_2\Iritech\E_2_2_0\E_2_2_0_R_5\via_region_data.json
E_2_2_0_R_M_N_N_1970_107_2017.bmp308278,Non-Alcohol,C:\PycharmProjects\Alcohol Detection\dataset\Grupo_2\E_2_2\Iritech\E_2_2_0\E_2_2_0_R_5\via_region_data.json
E_2_2_0_R_M_N_N_1970_108_2017.bmp308278,Non-Alcohol,C:\PycharmProjects\Alcohol Detection\dataset\Grupo_2\E_2_2\Iritech\E_2_2_0\E_2_2_0_R_5\via_region_data.json
E_2_2_0_R_M_N_N_1970_109_2017.bmp308278,Non-Alcohol,C:\PycharmProjects\Alcohol Detection\dataset\Grupo_2\E_2_2\Iritech\E_2_2_0\E_2_2_0_R_5\via_region_data.json
E_2_2_0_R_M_N_N_1970_110_2017.bmp308278,Non-Alcohol,C:\PycharmProjects\Alcohol Detection\dataset\Grupo_2\E_2_2\Iritech\E_2_2_0\E_2_2_0_R_5\via_region_data.json
E_2_2_0_R_M_N_N_1970_111_2017.bmp308278,Non-Alcohol,C:\PycharmProjects\Alcohol Detection\dataset\Grupo_2\E_2_2\Iritech\E_2_2_0\E_2_2_0_R_5\via_region_data.json
E_2_2_0_R_M_N_N_1970_112_2017.bmp308278,Non-Alcohol,C:\PycharmProjects\Alcohol Detection\dataset\Grupo_2\E_2_2\Iritech\E_2_2_0\E_2_2_0_R_5\via_region_data.json
E_2_2_0_R_M_N_N_1970_113_2017.bmp308278,Non-Alcohol,C:\PycharmProjects\Alcohol Detection\dataset\Grupo_2\E_2_2\Iritech\E_2_2_0\E_2_2_0_R_5\via_region_data.json
E_2_2_0_R_M_N_N_1970_114_2017.bmp308278,Non-Alcohol,C:\PycharmProjects\Alcohol Detection\dataset\Grupo_2\E_2_2\Iritech\E_2_2_0\E_2_2_0_R_5\via_region_data.json
E_2_2_0_R_M_N_N_1970_115_2017.bmp308278,Non-Alcohol,C:\PycharmProjects\Alcohol Detection\dataset\Grupo_2\E_2_2\Iritech\E_2_2_0\E_2_2_0_R_5\via_region_data.json
E_2_2_0_R_M_N_N_1970_116_2017.bmp308278,Non-Alcohol,C:\PycharmProjects\Alcohol Detection\dataset\Grupo_2\E_2_2\Iritech\E_2_2_0\E_2_2_0_R_5\via_region_data.json
E_2_2_0_R_M_N_N_1970_117_2017.bmp308278,Non-Alcohol,C:\PycharmProjects\Alcohol Detection\dataset\Grupo_2\E_2_2\Iritech\E_2_2_0\E_2_2_0_R_5\via_region_data.json
E_2_2_0_R_M_N_N_1970_118_2017.bmp308278,Non-Alcohol,C:\PycharmProjects\Alcohol Detection\dataset\Grupo_2\E_2_2\Iritech\E_2_2_0\E_2_2_0_R_5\via_region_data.json
E_2_2_0_R_M_N_N_1970_119_2017.bmp308278,Non-Alcohol,C:\PycharmProjects\Alcohol Detection\dataset\Grupo_2\E_2_2\Iritech\E_2_2_0\E_2_2_0_R_5\via_region_data.json
E_2_2_0_R_M_N_N_1970_120_2017.bmp308278,Non-Alcohol,C:\PycharmProjects\Alcohol Detection\dataset\Grupo_2\E_2_2\Iritech\E_2_2_0\E_2_2_0_R_5\via_region_data.json
E_2_2_0_R_M_N_N_1970_121_2017.bmp308278,Non-Alcohol,C:\PycharmProjects\Alcohol Detection\dataset\Grupo_2\E_2_2\Iritech\E_2_2_0\E_2_2_0_R_5\via_region_data.json
E_2_2_0_R_M_N_N_1970_122_2017.bmp308278,Non-Alcohol,C:\PycharmProjects\Alcohol Detection\dataset\Grupo_2\E_2_2\Iritech\E_2_2_0\E_2_2_0_R_5\via_region_data.json
E_2_2_0_R_M_N_N_1970_123_2017.bmp308278,Non-Alcohol,C:\PycharmProjects\Alcohol Detection\dataset\Grupo_2\E_2_2\Iritech\E_2_2_0\E_2_2_0_R_5\via_region_data.json
E_2_2_0_R_M_N_N_1970_124_2017.bmp308278,Non-Alcohol,C:\PycharmProjects\Alcohol Detection\dataset\Grupo_2\E_2_2\Iritech\E_2_2_0\E_2_2_0_R_5\via_region_data.json
E_2_2_0_R_M_N_N_1970_125_2017.bmp308278,Non-Alcohol,C:\PycharmProjects\Alcohol Detection\dataset\Grupo_2\E_2_2\Iritech\E_2_2_0\E_2_2_0_R_5\via_region_data.json
E_2_2_0_R_M_N_N_1970_126_2017.bmp308278,Non-Alcohol,C:\PycharmProjects\Alcohol Detection\dataset\Grupo_2\E_2_2\Iritech\E_2_2_0\E_2_2_0_R_5\via_region_data.json
E_2_2_0_R_M_N_N_1970_127_2017.bmp308278,Non-Alcohol,C:\PycharmProjects\Alcohol Detection\dataset\Grupo_2\E_2_2\Iritech\E_2_2_0\E_2_2_0_R_5\via_region_data.json
E_2_2_0_R_M_N_N_1970_128_2017.bmp308278,Non-Alcohol,C:\PycharmProjects\Alcohol Detection\dataset\Grupo_2\E_2_2\Iritech\E_2_2_0\E_2_2_0_R_5\via_region_data.json
E_2_2_0_R_M_N_N_1970_129_2017.bmp308278,Non-Alcohol,C:\PycharmProjects\Alcohol Detection\dataset\Grupo_2\E_2_2\Iritech\E_2_2_0\E_2_2_0_R_5\via_region_data.json
E_2_2_0_R_M_N_N_1970_130_2017.bmp308278,Non-Alcohol,C:\PycharmProjects\Alcohol Detection\dataset\Grupo_2\E_2_2\Iritech\E_2_2_0\E_2_2_0_R_5\via_region_data.json
E_2_2_0_R_M_N_N_1970_131_2017.bmp308278,Non-Alcohol,C:\PycharmProjects\Alcohol Detection\dataset\Grupo_2\E_2_2\Iritech\E_2_2_0\E_2_2_0_R_5\via_region_data.json
E_2_2_0_R_M_N_N_1970_132_2017.bmp308278,Non-Alcohol,C:\PycharmProjects\Alcohol Detection\dataset\Grupo_2\E_2_2\Iritech\E_2_2_0\E_2_2_0_R_5\via_region_data.json
E_2_2_0_R_M_N_N_1970_133_2017.bmp308278,Non-Alcohol,C:\PycharmProjects\Alcohol Detection\dataset\Grupo_2\E_2_2\Iritech\E_2_2_0\E_2_2_0_R_5\via_region_data.json
E_2_2_0_R_M_N_N_1970_134_2017.bmp308278,Non-Alcohol,C:\PycharmProjects\Alcohol Detection\dataset\Grupo_2\E_2_2\Iritech\E_2_2_0\E_2_2_0_R_5\via_region_data.json
E_2_2_0_R_M_N_N_1970_135_2017.bmp308278,Non-Alcohol,C:\PycharmProjects\Alcohol Detection\dataset\Grupo_2\E_2_2\Iritech\E_2_2_0\E_2_2_0_R_5\via_region_data.json
E_2_2_0_R_M_N_N_1970_136_2017.bmp308278,Non-Alcohol,C:\PycharmProjects\Alcohol Detection\dataset\Grupo_2\E_2_2\Iritech\E_2_2_0\E_2_2_0_R_5\via_region_data.json
E_2_2_0_R_M_N_N_1970_137_2017.bmp308278,Non-Alcohol,C:\PycharmProjects\Alcohol Detection\dataset\Grupo_2\E_2_2\Iritech\E_2_2_0\E_2_2_0_R_5\via_region_data.json
E_2_2_0_R_M_N_N_1970_138_2017.bmp308278,Non-Alcohol,C:\PycharmProjects\Alcohol Detection\dataset\Grupo_2\E_2_2\Iritech\E_2_2_0\E_2_2_0_R_5\via_region_data.json
E_2_2_0_R_M_N_N_1970_139_2017.bmp308278,Non-Alcohol,C:\PycharmProjects\Alcohol Detection\dataset\Grupo_2\E_2_2\Iritech\E_2_2_0\E_2_2_0_R_5\via_region_data.json
E_2_2_0_R_M_N_N_1970_140_2017.bmp308278,Non-Alcohol,C:\PycharmProjects\Alcohol Detection\dataset\Grupo_2\E_2_2\Iritech\E_2_2_0\E_2_2_0_R_5\via_region_data.json
E_2_2_0_R_M_N_N_1970_141_2017.bmp308278,Non-Alcohol,C:\PycharmProjects\Alcohol Detection\dataset\Grupo_2\E_2_2\Iritech\E_2_2_0\E_2_2_0_R_5\via_region_data.json
E_2_2_0_R_M_N_N_1970_142_2017.bmp308278,Non-Alcohol,C:\PycharmProjects\Alcohol Detection\dataset\Grupo_2\E_2_2\Iritech\E_2_2_0\E_2_2_0_R_5\via_region_data.json
E_2_2_0_R_M_N_N_1970_143_2017.bmp308278,Non-Alcohol,C:\PycharmProjects\Alcohol Detection\dataset\Grupo_2\E_2_2\Iritech\E_2_2_0\E_2_2_0_R_5\via_region_data.json
E_2_2_0_R_M_N_N_1970_144_2017.bmp308278,Non-Alcohol,C:\PycharmProjects\Alcohol Detection\dataset\Grupo_2\E_2_2\Iritech\E_2_2_0\E_2_2_0_R_5\via_region_data.json
E_2_2_0_R_M_N_N_1970_145_2017.bmp308278,Non-Alcohol,C:\PycharmProjects\Alcohol Detection\dataset\Grupo_2\E_2_2\Iritech\E_2_2_0\E_2_2_0_R_5\via_region_data.json
E_2_2_0_R_M_N_N_1970_146_2017.bmp308278,Non-Alcohol,C:\PycharmProjects\Alcohol Detection\dataset\Grupo_2\E_2_2\Iritech\E_2_2_0\E_2_2_0_R_5\via_region_data.json
E_2_2_0_R_M_N_N_1970_147_2017.bmp308278,Non-Alcohol,C:\PycharmProjects\Alcohol Detection\dataset\Grupo_2\E_2_2\Iritech\E_2_2_0\E_2_2_0_R_5\via_region_data.json
E_2_2_0_R_M_N_N_1970_148_2017.bmp308278,Non-Alcohol,C:\PycharmProjects\Alcohol Detection\dataset\Grupo_2\E_2_2\Iritech\E_2_2_0\E_2_2_0_R_5\via_region_data.json
E_2_2_0_R_M_N_N_1970_149_2017.bmp308278,Non-Alcohol,C:\PycharmProjects\Alcohol Detection\dataset\Grupo_2\E_2_2\Iritech\E_2_2_0\E_2_2_0_R_5\via_region_data.json
E_2_2_0_R_M_N_N_1970_150_2017.bmp308278,Non-Alcohol,C:\PycharmProjects\Alcohol Detection\dataset\Grupo_2\E_2_2\Iritech\E_2_2_0\E_2_2_0_R_5\via_region_data.json
E_2_2_0_R_M_N_N_1970_151_2017.bmp308278,Non-Alcohol,C:\PycharmProjects\Alcohol Detection\dataset\Grupo_2\E_2_2\Iritech\E_2_2_0\E_2_2_0_R_5\via_region_data.json
E_2_2_0_R_M_N_N_1970_152_2017.bmp308278,Non-Alcohol,C:\PycharmProjects\Alcohol Detection\dataset\Grupo_2\E_2_2\Iritech\E_2_2_0\E_2_2_0_R_5\via_region_data.json
E_2_2_0_R_M_N_N_1970_153_2017.bmp308278,Non-Alcohol,C:\PycharmProjects\Alcohol Detection\dataset\Grupo_2\E_2_2\Iritech\E_2_2_0\E_2_2_0_R_5\via_region_data.json
E_2_2_0_R_M_N_N_1970_154_2017.bmp308278,Non-Alcohol,C:\PycharmProjects\Alcohol Detection\dataset\Grupo_2\E_2_2\Iritech\E_2_2_0\E_2_2_0_R_5\via_region_data.json
E_2_2_0_R_M_N_N_1970_155_2017.bmp308278,Non-Alcohol,C:\PycharmProjects\Alcohol Detection\dataset\Grupo_2\E_2_2\Iritech\E_2_2_0\E_2_2_0_R_5\via_region_data.json
E_2_2_0_R_M_N_N_1970_156_2017.bmp308278,Non-Alcohol,C:\PycharmProjects\Alcohol Detection\dataset\Grupo_2\E_2_2\Iritech\E_2_2_0\E_2_2_0_R_5\via_region_data.json
E_2_2_0_R_M_N_N_1970_157_2017.bmp308278,Non-Alcohol,C:\PycharmProjects\Alcohol Detection\dataset\Grupo_2\E_2_2\Iritech\E_2_2_0\E_2_2_0_R_5\via_region_data.json
E_2_2_0_R_M_N_N_1970_158_2017.bmp308278,Non-Alcohol,C:\PycharmProjects\Alcohol Detection\dataset\Grupo_2\E_2_2\Iritech\E_2_2_0\E_2_2_0_R_5\via_region_data.json
E_2_2_0_R_M_N_N_1970_159_2017.bmp308278,Non-Alcohol,C:\PycharmProjects\Alcohol Detection\dataset\Grupo_2\E_2_2\Iritech\E_2_2_0\E_2_2_0_R_5\via_region_data.json
E_2_2_0_R_M_N_N_1970_160_2017.bmp308278,Non-Alcohol,C:\PycharmProjects\Alcohol Detection\dataset\Grupo_2\E_2_2\Iritech\E_2_2_0\E_2_2_0_R_5\via_region_data.json
E_2_2_0_R_M_N_N_1970_161_2017.bmp308278,Non-Alcohol,C:\PycharmProjects\Alcohol Detection\dataset\Grupo_2\E_2_2\Iritech\E_2_2_0\E_2_2_0_R_5\via_region_data.json
E_2_2_0_R_M_N_N_1970_162_2017.bmp308278,Non-Alcohol,C:\PycharmProjects\Alcohol Detection\dataset\Grupo_2\E_2_2\Iritech\E_2_2_0\E_2_2_0_R_5\via_region_data.json
E_2_2_0_R_M_N_N_1970_163_2017.bmp308278,Non-Alcohol,C:\PycharmProjects\Alcohol Detection\dataset\Grupo_2\E_2_2\Iritech\E_2_2_0\E_2_2_0_R_5\via_region_data.json
E_2_2_0_R_M_N_N_1970_164_2017.bmp308278,Non-Alcohol,C:\PycharmProjects\Alcohol Detection\dataset\Grupo_2\E_2_2\Iritech\E_2_2_0\E_2_2_0_R_5\via_region_data.json
E_2_2_0_R_M_N_N_1970_165_2017.bmp308278,Non-Alcohol,C:\PycharmProjects\Alcohol Detection\dataset\Grupo_2\E_2_2\Iritech\E_2_2_0\E_2_2_0_R_5\via_region_data.json
E_2_2_0_R_M_N_N_1970_166_2017.bmp308278,Non-Alcohol,C:\PycharmProjects\Alcohol Detection\dataset\Grupo_2\E_2_2\Iritech\E_2_2_0\E_2_2_0_R_5\via_region_data.json
E_2_2_0_R_M_N_N_1970_167_2017.bmp308278,Non-Alcohol,C:\PycharmProjects\Alcohol Detection\dataset\Grupo_2\E_2_2\Iritech\E_2_2_0\E_2_2_0_R_5\via_region_data.json
E_2_2_0_R_M_N_N_1970_168_2017.bmp308278,Non-Alcohol,C:\PycharmProjects\Alcohol Detection\dataset\Grupo_2\E_2_2\Iritech\E_2_2_0\E_2_2_0_R_5\via_region_data.json
E_2_2_1_L_M_N_N_1970_0_2017.bmp308278,Non-Alcohol,C:\PycharmProjects\Alcohol Detection\dataset\Grupo_2\E_2_2\Iritech\E_2_2_1\via_region_data.json
E_2_2_1_R_M_N_N_1970_0_2017.bmp308278,Non-Alcohol,C:\PycharmProjects\Alcohol Detection\dataset\Grupo_2\E_2_2\Iritech\E_2_2_1\via_region_data.json
E_2_2_1_L_M_N_N_1970_0_2017.bmp308278,Non-Alcohol,C:\PycharmProjects\Alcohol Detection\dataset\Grupo_2\E_2_2\Iritech\E_2_2_1\E_2_2_1_L_5\via_region_data.json
E_2_2_1_L_M_N_N_1970_1_2017.bmp308278,Alcohol,C:\PycharmProjects\Alcohol Detection\dataset\Grupo_2\E_2_2\Iritech\E_2_2_1\E_2_2_1_L_5\via_region_data.json
E_2_2_1_L_M_N_N_1970_2_2017.bmp308278,Alcohol,C:\PycharmProjects\Alcohol Detection\dataset\Grupo_2\E_2_2\Iritech\E_2_2_1\E_2_2_1_L_5\via_region_data.json
E_2_2_1_L_M_N_N_1970_3_2017.bmp308278,Alcohol,C:\PycharmProjects\Alcohol Detection\dataset\Grupo_2\E_2_2\Iritech\E_2_2_1\E_2_2_1_L_5\via_region_data.json
E_2_2_1_L_M_N_N_1970_4_2017.bmp308278,Alcohol,C:\PycharmProjects\Alcohol Detection\dataset\Grupo_2\E_2_2\Iritech\E_2_2_1\E_2_2_1_L_5\via_region_data.json
E_2_2_1_L_M_N_N_1970_5_2017.bmp308278,Alcohol,C:\PycharmProjects\Alcohol Detection\dataset\Grupo_2\E_2_2\Iritech\E_2_2_1\E_2_2_1_L_5\via_region_data.json
E_2_2_1_L_M_N_N_1970_6_2017.bmp308278,Alcohol,C:\PycharmProjects\Alcohol Detection\dataset\Grupo_2\E_2_2\Iritech\E_2_2_1\E_2_2_1_L_5\via_region_data.json
E_2_2_1_L_M_N_N_1970_7_2017.bmp308278,Alcohol,C:\PycharmProjects\Alcohol Detection\dataset\Grupo_2\E_2_2\Iritech\E_2_2_1\E_2_2_1_L_5\via_region_data.json
E_2_2_1_L_M_N_N_1970_8_2017.bmp308278,Alcohol,C:\PycharmProjects\Alcohol Detection\dataset\Grupo_2\E_2_2\Iritech\E_2_2_1\E_2_2_1_L_5\via_region_data.json
E_2_2_1_L_M_N_N_1970_9_2017.bmp308278,Alcohol,C:\PycharmProjects\Alcohol Detection\dataset\Grupo_2\E_2_2\Iritech\E_2_2_1\E_2_2_1_L_5\via_region_data.json
E_2_2_1_L_M_N_N_1970_10_2017.bmp308278,Alcohol,C:\PycharmProjects\Alcohol Detection\dataset\Grupo_2\E_2_2\Iritech\E_2_2_1\E_2_2_1_L_5\via_region_data.json
E_2_2_1_L_M_N_N_1970_11_2017.bmp308278,Alcohol,C:\PycharmProjects\Alcohol Detection\dataset\Grupo_2\E_2_2\Iritech\E_2_2_1\E_2_2_1_L_5\via_region_data.json
E_2_2_1_L_M_N_N_1970_12_2017.bmp308278,Alcohol,C:\PycharmProjects\Alcohol Detection\dataset\Grupo_2\E_2_2\Iritech\E_2_2_1\E_2_2_1_L_5\via_region_data.json
E_2_2_1_L_M_N_N_1970_13_2017.bmp308278,Alcohol,C:\PycharmProjects\Alcohol Detection\dataset\Grupo_2\E_2_2\Iritech\E_2_2_1\E_2_2_1_L_5\via_region_data.json
E_2_2_1_L_M_N_N_1970_14_2017.bmp308278,Alcohol,C:\PycharmProjects\Alcohol Detection\dataset\Grupo_2\E_2_2\Iritech\E_2_2_1\E_2_2_1_L_5\via_region_data.json
E_2_2_1_L_M_N_N_1970_15_2017.bmp308278,Alcohol,C:\PycharmProjects\Alcohol Detection\dataset\Grupo_2\E_2_2\Iritech\E_2_2_1\E_2_2_1_L_5\via_region_data.json
E_2_2_1_L_M_N_N_1970_16_2017.bmp308278,Alcohol,C:\PycharmProjects\Alcohol Detection\dataset\Grupo_2\E_2_2\Iritech\E_2_2_1\E_2_2_1_L_5\via_region_data.json
E_2_2_1_L_M_N_N_1970_17_2017.bmp308278,Alcohol,C:\PycharmProjects\Alcohol Detection\dataset\Grupo_2\E_2_2\Iritech\E_2_2_1\E_2_2_1_L_5\via_region_data.json
E_2_2_1_L_M_N_N_1970_18_2017.bmp308278,Alcohol,C:\PycharmProjects\Alcohol Detection\dataset\Grupo_2\E_2_2\Iritech\E_2_2_1\E_2_2_1_L_5\via_region_data.json
E_2_2_1_L_M_N_N_1970_19_2017.bmp308278,Alcohol,C:\PycharmProjects\Alcohol Detection\dataset\Grupo_2\E_2_2\Iritech\E_2_2_1\E_2_2_1_L_5\via_region_data.json
E_2_2_1_L_M_N_N_1970_20_2017.bmp308278,Alcohol,C:\PycharmProjects\Alcohol Detection\dataset\Grupo_2\E_2_2\Iritech\E_2_2_1\E_2_2_1_L_5\via_region_data.json
E_2_2_1_L_M_N_N_1970_21_2017.bmp308278,Alcohol,C:\PycharmProjects\Alcohol Detection\dataset\Grupo_2\E_2_2\Iritech\E_2_2_1\E_2_2_1_L_5\via_region_data.json
E_2_2_1_L_M_N_N_1970_22_2017.bmp308278,Alcohol,C:\PycharmProjects\Alcohol Detection\dataset\Grupo_2\E_2_2\Iritech\E_2_2_1\E_2_2_1_L_5\via_region_data.json
E_2_2_1_L_M_N_N_1970_23_2017.bmp308278,Alcohol,C:\PycharmProjects\Alcohol Detection\dataset\Grupo_2\E_2_2\Iritech\E_2_2_1\E_2_2_1_L_5\via_region_data.json
E_2_2_1_L_M_N_N_1970_24_2017.bmp308278,Alcohol,C:\PycharmProjects\Alcohol Detection\dataset\Grupo_2\E_2_2\Iritech\E_2_2_1\E_2_2_1_L_5\via_region_data.json
E_2_2_1_L_M_N_N_1970_25_2017.bmp308278,Alcohol,C:\PycharmProjects\Alcohol Detection\dataset\Grupo_2\E_2_2\Iritech\E_2_2_1\E_2_2_1_L_5\via_region_data.json
E_2_2_1_L_M_N_N_1970_26_2017.bmp308278,Alcohol,C:\PycharmProjects\Alcohol Detection\dataset\Grupo_2\E_2_2\Iritech\E_2_2_1\E_2_2_1_L_5\via_region_data.json
E_2_2_1_L_M_N_N_1970_27_2017.bmp308278,Alcohol,C:\PycharmProjects\Alcohol Detection\dataset\Grupo_2\E_2_2\Iritech\E_2_2_1\E_2_2_1_L_5\via_region_data.json
E_2_2_1_L_M_N_N_1970_28_2017.bmp308278,Alcohol,C:\PycharmProjects\Alcohol Detection\dataset\Grupo_2\E_2_2\Iritech\E_2_2_1\E_2_2_1_L_5\via_region_data.json
E_2_2_1_L_M_N_N_1970_29_2017.bmp308278,Alcohol,C:\PycharmProjects\Alcohol Detection\dataset\Grupo_2\E_2_2\Iritech\E_2_2_1\E_2_2_1_L_5\via_region_data.json
E_2_2_1_L_M_N_N_1970_30_2017.bmp308278,Alcohol,C:\PycharmProjects\Alcohol Detection\dataset\Grupo_2\E_2_2\Iritech\E_2_2_1\E_2_2_1_L_5\via_region_data.json
E_2_2_1_L_M_N_N_1970_31_2017.bmp308278,Alcohol,C:\PycharmProjects\Alcohol Detection\dataset\Grupo_2\E_2_2\Iritech\E_2_2_1\E_2_2_1_L_5\via_region_data.json
E_2_2_1_L_M_N_N_1970_32_2017.bmp308278,Alcohol,C:\PycharmProjects\Alcohol Detection\dataset\Grupo_2\E_2_2\Iritech\E_2_2_1\E_2_2_1_L_5\via_region_data.json
E_2_2_1_L_M_N_N_1970_33_2017.bmp308278,Alcohol,C:\PycharmProjects\Alcohol Detection\dataset\Grupo_2\E_2_2\Iritech\E_2_2_1\E_2_2_1_L_5\via_region_data.json
E_2_2_1_L_M_N_N_1970_34_2017.bmp308278,Alcohol,C:\PycharmProjects\Alcohol Detection\dataset\Grupo_2\E_2_2\Iritech\E_2_2_1\E_2_2_1_L_5\via_region_data.json
E_2_2_1_L_M_N_N_1970_35_2017.bmp308278,Alcohol,C:\PycharmProjects\Alcohol Detection\dataset\Grupo_2\E_2_2\Iritech\E_2_2_1\E_2_2_1_L_5\via_region_data.json
E_2_2_1_L_M_N_N_1970_36_2017.bmp308278,Alcohol,C:\PycharmProjects\Alcohol Detection\dataset\Grupo_2\E_2_2\Iritech\E_2_2_1\E_2_2_1_L_5\via_region_data.json
E_2_2_1_L_M_N_N_1970_37_2017.bmp308278,Alcohol,C:\PycharmProjects\Alcohol Detection\dataset\Grupo_2\E_2_2\Iritech\E_2_2_1\E_2_2_1_L_5\via_region_data.json
E_2_2_1_L_M_N_N_1970_38_2017.bmp308278,Alcohol,C:\PycharmProjects\Alcohol Detection\dataset\Grupo_2\E_2_2\Iritech\E_2_2_1\E_2_2_1_L_5\via_region_data.json
E_2_2_1_L_M_N_N_1970_39_2017.bmp308278,Alcohol,C:\PycharmProjects\Alcohol Detection\dataset\Grupo_2\E_2_2\Iritech\E_2_2_1\E_2_2_1_L_5\via_region_data.json
E_2_2_1_L_M_N_N_1970_40_2017.bmp308278,Alcohol,C:\PycharmProjects\Alcohol Detection\dataset\Grupo_2\E_2_2\Iritech\E_2_2_1\E_2_2_1_L_5\via_region_data.json
E_2_2_1_L_M_N_N_1970_41_2017.bmp308278,Alcohol,C:\PycharmProjects\Alcohol Detection\dataset\Grupo_2\E_2_2\Iritech\E_2_2_1\E_2_2_1_L_5\via_region_data.json
E_2_2_1_L_M_N_N_1970_42_2017.bmp308278,Alcohol,C:\PycharmProjects\Alcohol Detection\dataset\Grupo_2\E_2_2\Iritech\E_2_2_1\E_2_2_1_L_5\via_region_data.json
E_2_2_1_L_M_N_N_1970_43_2017.bmp308278,Alcohol,C:\PycharmProjects\Alcohol Detection\dataset\Grupo_2\E_2_2\Iritech\E_2_2_1\E_2_2_1_L_5\via_region_data.json
E_2_2_1_L_M_N_N_1970_44_2017.bmp308278,Alcohol,C:\PycharmProjects\Alcohol Detection\dataset\Grupo_2\E_2_2\Iritech\E_2_2_1\E_2_2_1_L_5\via_region_data.json
E_2_2_1_L_M_N_N_1970_45_2017.bmp308278,Alcohol,C:\PycharmProjects\Alcohol Detection\dataset\Grupo_2\E_2_2\Iritech\E_2_2_1\E_2_2_1_L_5\via_region_data.json
E_2_2_1_L_M_N_N_1970_46_2017.bmp308278,Alcohol,C:\PycharmProjects\Alcohol Detection\dataset\Grupo_2\E_2_2\Iritech\E_2_2_1\E_2_2_1_L_5\via_region_data.json
E_2_2_1_L_M_N_N_1970_47_2017.bmp308278,Alcohol,C:\PycharmProjects\Alcohol Detection\dataset\Grupo_2\E_2_2\Iritech\E_2_2_1\E_2_2_1_L_5\via_region_data.json
E_2_2_1_L_M_N_N_1970_48_2017.bmp308278,Alcohol,C:\PycharmProjects\Alcohol Detection\dataset\Grupo_2\E_2_2\Iritech\E_2_2_1\E_2_2_1_L_5\via_region_data.json
E_2_2_1_L_M_N_N_1970_49_2017.bmp308278,Alcohol,C:\PycharmProjects\Alcohol Detection\dataset\Grupo_2\E_2_2\Iritech\E_2_2_1\E_2_2_1_L_5\via_region_data.json
E_2_2_1_L_M_N_N_1970_50_2017.bmp308278,Alcohol,C:\PycharmProjects\Alcohol Detection\dataset\Grupo_2\E_2_2\Iritech\E_2_2_1\E_2_2_1_L_5\via_region_data.json
E_2_2_1_L_M_N_N_1970_51_2017.bmp308278,Alcohol,C:\PycharmProjects\Alcohol Detection\dataset\Grupo_2\E_2_2\Iritech\E_2_2_1\E_2_2_1_L_5\via_region_data.json
E_2_2_1_L_M_N_N_1970_52_2017.bmp308278,Alcohol,C:\PycharmProjects\Alcohol Detection\dataset\Grupo_2\E_2_2\Iritech\E_2_2_1\E_2_2_1_L_5\via_region_data.json
E_2_2_1_L_M_N_N_1970_53_2017.bmp308278,Alcohol,C:\PycharmProjects\Alcohol Detection\dataset\Grupo_2\E_2_2\Iritech\E_2_2_1\E_2_2_1_L_5\via_region_data.json
E_2_2_1_L_M_N_N_1970_54_2017.bmp308278,Alcohol,C:\PycharmProjects\Alcohol Detection\dataset\Grupo_2\E_2_2\Iritech\E_2_2_1\E_2_2_1_L_5\via_region_data.json
E_2_2_1_L_M_N_N_1970_55_2017.bmp308278,Alcohol,C:\PycharmProjects\Alcohol Detection\dataset\Grupo_2\E_2_2\Iritech\E_2_2_1\E_2_2_1_L_5\via_region_data.json
E_2_2_1_L_M_N_N_1970_56_2017.bmp308278,Alcohol,C:\PycharmProjects\Alcohol Detection\dataset\Grupo_2\E_2_2\Iritech\E_2_2_1\E_2_2_1_L_5\via_region_data.json
E_2_2_1_L_M_N_N_1970_57_2017.bmp308278,Alcohol,C:\PycharmProjects\Alcohol Detection\dataset\Grupo_2\E_2_2\Iritech\E_2_2_1\E_2_2_1_L_5\via_region_data.json
E_2_2_1_L_M_N_N_1970_58_2017.bmp308278,Alcohol,C:\PycharmProjects\Alcohol Detection\dataset\Grupo_2\E_2_2\Iritech\E_2_2_1\E_2_2_1_L_5\via_region_data.json
E_2_2_1_L_M_N_N_1970_59_2017.bmp308278,Alcohol,C:\PycharmProjects\Alcohol Detection\dataset\Grupo_2\E_2_2\Iritech\E_2_2_1\E_2_2_1_L_5\via_region_data.json
E_2_2_1_L_M_N_N_1970_60_2017.bmp308278,Alcohol,C:\PycharmProjects\Alcohol Detection\dataset\Grupo_2\E_2_2\Iritech\E_2_2_1\E_2_2_1_L_5\via_region_data.json
E_2_2_1_L_M_N_N_1970_61_2017.bmp308278,Alcohol,C:\PycharmProjects\Alcohol Detection\dataset\Grupo_2\E_2_2\Iritech\E_2_2_1\E_2_2_1_L_5\via_region_data.json
E_2_2_1_L_M_N_N_1970_62_2017.bmp308278,Alcohol,C:\PycharmProjects\Alcohol Detection\dataset\Grupo_2\E_2_2\Iritech\E_2_2_1\E_2_2_1_L_5\via_region_data.json
E_2_2_1_L_M_N_N_1970_63_2017.bmp308278,Alcohol,C:\PycharmProjects\Alcohol Detection\dataset\Grupo_2\E_2_2\Iritech\E_2_2_1\E_2_2_1_L_5\via_region_data.json
E_2_2_1_L_M_N_N_1970_64_2017.bmp308278,Alcohol,C:\PycharmProjects\Alcohol Detection\dataset\Grupo_2\E_2_2\Iritech\E_2_2_1\E_2_2_1_L_5\via_region_data.json
E_2_2_1_L_M_N_N_1970_65_2017.bmp308278,Alcohol,C:\PycharmProjects\Alcohol Detection\dataset\Grupo_2\E_2_2\Iritech\E_2_2_1\E_2_2_1_L_5\via_region_data.json
E_2_2_1_L_M_N_N_1970_66_2017.bmp308278,Alcohol,C:\PycharmProjects\Alcohol Detection\dataset\Grupo_2\E_2_2\Iritech\E_2_2_1\E_2_2_1_L_5\via_region_data.json
E_2_2_1_L_M_N_N_1970_67_2017.bmp308278,Alcohol,C:\PycharmProjects\Alcohol Detection\dataset\Grupo_2\E_2_2\Iritech\E_2_2_1\E_2_2_1_L_5\via_region_data.json
E_2_2_1_L_M_N_N_1970_68_2017.bmp308278,Alcohol,C:\PycharmProjects\Alcohol Detection\dataset\Grupo_2\E_2_2\Iritech\E_2_2_1\E_2_2_1_L_5\via_region_data.json
E_2_2_1_L_M_N_N_1970_69_2017.bmp308278,Alcohol,C:\PycharmProjects\Alcohol Detection\dataset\Grupo_2\E_2_2\Iritech\E_2_2_1\E_2_2_1_L_5\via_region_data.json
E_2_2_1_L_M_N_N_1970_70_2017.bmp308278,Alcohol,C:\PycharmProjects\Alcohol Detection\dataset\Grupo_2\E_2_2\Iritech\E_2_2_1\E_2_2_1_L_5\via_region_data.json
E_2_2_1_L_M_N_N_1970_71_2017.bmp308278,Alcohol,C:\PycharmProjects\Alcohol Detection\dataset\Grupo_2\E_2_2\Iritech\E_2_2_1\E_2_2_1_L_5\via_region_data.json
E_2_2_1_L_M_N_N_1970_72_2017.bmp308278,Alcohol,C:\PycharmProjects\Alcohol Detection\dataset\Grupo_2\E_2_2\Iritech\E_2_2_1\E_2_2_1_L_5\via_region_data.json
E_2_2_1_L_M_N_N_1970_73_2017.bmp308278,Alcohol,C:\PycharmProjects\Alcohol Detection\dataset\Grupo_2\E_2_2\Iritech\E_2_2_1\E_2_2_1_L_5\via_region_data.json
E_2_2_1_L_M_N_N_1970_74_2017.bmp308278,Alcohol,C:\PycharmProjects\Alcohol Detection\dataset\Grupo_2\E_2_2\Iritech\E_2_2_1\E_2_2_1_L_5\via_region_data.json
E_2_2_1_L_M_N_N_1970_75_2017.bmp308278,Alcohol,C:\PycharmProjects\Alcohol Detection\dataset\Grupo_2\E_2_2\Iritech\E_2_2_1\E_2_2_1_L_5\via_region_data.json
E_2_2_1_L_M_N_N_1970_76_2017.bmp308278,Alcohol,C:\PycharmProjects\Alcohol Detection\dataset\Grupo_2\E_2_2\Iritech\E_2_2_1\E_2_2_1_L_5\via_region_data.json
E_2_2_1_L_M_N_N_1970_77_2017.bmp308278,Alcohol,C:\PycharmProjects\Alcohol Detection\dataset\Grupo_2\E_2_2\Iritech\E_2_2_1\E_2_2_1_L_5\via_region_data.json
E_2_2_1_R_M_N_N_1970_0_2017.bmp308278,Non-Alcohol,C:\PycharmProjects\Alcohol Detection\dataset\Grupo_2\E_2_2\Iritech\E_2_2_1\E_2_2_1_R_5\via_region_data.json
E_2_2_1_R_M_N_N_1970_1_2017.bmp308278,Alcohol,C:\PycharmProjects\Alcohol Detection\dataset\Grupo_2\E_2_2\Iritech\E_2_2_1\E_2_2_1_R_5\via_region_data.json
E_2_2_1_R_M_N_N_1970_2_2017.bmp308278,Alcohol,C:\PycharmProjects\Alcohol Detection\dataset\Grupo_2\E_2_2\Iritech\E_2_2_1\E_2_2_1_R_5\via_region_data.json
E_2_2_1_R_M_N_N_1970_3_2017.bmp308278,Alcohol,C:\PycharmProjects\Alcohol Detection\dataset\Grupo_2\E_2_2\Iritech\E_2_2_1\E_2_2_1_R_5\via_region_data.json
E_2_2_1_R_M_N_N_1970_4_2017.bmp308278,Alcohol,C:\PycharmProjects\Alcohol Detection\dataset\Grupo_2\E_2_2\Iritech\E_2_2_1\E_2_2_1_R_5\via_region_data.json
E_2_2_1_R_M_N_N_1970_5_2017.bmp308278,Alcohol,C:\PycharmProjects\Alcohol Detection\dataset\Grupo_2\E_2_2\Iritech\E_2_2_1\E_2_2_1_R_5\via_region_data.json
E_2_2_1_R_M_N_N_1970_6_2017.bmp308278,Alcohol,C:\PycharmProjects\Alcohol Detection\dataset\Grupo_2\E_2_2\Iritech\E_2_2_1\E_2_2_1_R_5\via_region_data.json
E_2_2_1_R_M_N_N_1970_7_2017.bmp308278,Alcohol,C:\PycharmProjects\Alcohol Detection\dataset\Grupo_2\E_2_2\Iritech\E_2_2_1\E_2_2_1_R_5\via_region_data.json
E_2_2_1_R_M_N_N_1970_8_2017.bmp308278,Alcohol,C:\PycharmProjects\Alcohol Detection\dataset\Grupo_2\E_2_2\Iritech\E_2_2_1\E_2_2_1_R_5\via_region_data.json
E_2_2_1_R_M_N_N_1970_9_2017.bmp308278,Alcohol,C:\PycharmProjects\Alcohol Detection\dataset\Grupo_2\E_2_2\Iritech\E_2_2_1\E_2_2_1_R_5\via_region_data.json
E_2_2_1_R_M_N_N_1970_10_2017.bmp308278,Alcohol,C:\PycharmProjects\Alcohol Detection\dataset\Grupo_2\E_2_2\Iritech\E_2_2_1\E_2_2_1_R_5\via_region_data.json
E_2_2_1_R_M_N_N_1970_11_2017.bmp308278,Alcohol,C:\PycharmProjects\Alcohol Detection\dataset\Grupo_2\E_2_2\Iritech\E_2_2_1\E_2_2_1_R_5\via_region_data.json
E_2_2_1_R_M_N_N_1970_12_2017.bmp308278,Alcohol,C:\PycharmProjects\Alcohol Detection\dataset\Grupo_2\E_2_2\Iritech\E_2_2_1\E_2_2_1_R_5\via_region_data.json
E_2_2_1_R_M_N_N_1970_13_2017.bmp308278,Alcohol,C:\PycharmProjects\Alcohol Detection\dataset\Grupo_2\E_2_2\Iritech\E_2_2_1\E_2_2_1_R_5\via_region_data.json
E_2_2_1_R_M_N_N_1970_14_2017.bmp308278,Alcohol,C:\PycharmProjects\Alcohol Detection\dataset\Grupo_2\E_2_2\Iritech\E_2_2_1\E_2_2_1_R_5\via_region_data.json
E_2_2_1_R_M_N_N_1970_15_2017.bmp308278,Alcohol,C:\PycharmProjects\Alcohol Detection\dataset\Grupo_2\E_2_2\Iritech\E_2_2_1\E_2_2_1_R_5\via_region_data.json
E_2_2_1_R_M_N_N_1970_16_2017.bmp308278,Alcohol,C:\PycharmProjects\Alcohol Detection\dataset\Grupo_2\E_2_2\Iritech\E_2_2_1\E_2_2_1_R_5\via_region_data.json
E_2_2_1_R_M_N_N_1970_17_2017.bmp308278,Alcohol,C:\PycharmProjects\Alcohol Detection\dataset\Grupo_2\E_2_2\Iritech\E_2_2_1\E_2_2_1_R_5\via_region_data.json
E_2_2_1_R_M_N_N_1970_18_2017.bmp308278,Alcohol,C:\PycharmProjects\Alcohol Detection\dataset\Grupo_2\E_2_2\Iritech\E_2_2_1\E_2_2_1_R_5\via_region_data.json
E_2_2_1_R_M_N_N_1970_19_2017.bmp308278,Alcohol,C:\PycharmProjects\Alcohol Detection\dataset\Grupo_2\E_2_2\Iritech\E_2_2_1\E_2_2_1_R_5\via_region_data.json
E_2_2_1_R_M_N_N_1970_20_2017.bmp308278,Alcohol,C:\PycharmProjects\Alcohol Detection\dataset\Grupo_2\E_2_2\Iritech\E_2_2_1\E_2_2_1_R_5\via_region_data.json
E_2_2_1_R_M_N_N_1970_21_2017.bmp308278,Alcohol,C:\PycharmProjects\Alcohol Detection\dataset\Grupo_2\E_2_2\Iritech\E_2_2_1\E_2_2_1_R_5\via_region_data.json
E_2_2_1_R_M_N_N_1970_22_2017.bmp308278,Alcohol,C:\PycharmProjects\Alcohol Detection\dataset\Grupo_2\E_2_2\Iritech\E_2_2_1\E_2_2_1_R_5\via_region_data.json
E_2_2_1_R_M_N_N_1970_23_2017.bmp308278,Alcohol,C:\PycharmProjects\Alcohol Detection\dataset\Grupo_2\E_2_2\Iritech\E_2_2_1\E_2_2_1_R_5\via_region_data.json
E_2_2_1_R_M_N_N_1970_24_2017.bmp308278,Alcohol,C:\PycharmProjects\Alcohol Detection\dataset\Grupo_2\E_2_2\Iritech\E_2_2_1\E_2_2_1_R_5\via_region_data.json
E_2_2_1_R_M_N_N_1970_25_2017.bmp308278,Alcohol,C:\PycharmProjects\Alcohol Detection\dataset\Grupo_2\E_2_2\Iritech\E_2_2_1\E_2_2_1_R_5\via_region_data.json
E_2_2_1_R_M_N_N_1970_26_2017.bmp308278,Alcohol,C:\PycharmProjects\Alcohol Detection\dataset\Grupo_2\E_2_2\Iritech\E_2_2_1\E_2_2_1_R_5\via_region_data.json
E_2_2_1_R_M_N_N_1970_27_2017.bmp308278,Alcohol,C:\PycharmProjects\Alcohol Detection\dataset\Grupo_2\E_2_2\Iritech\E_2_2_1\E_2_2_1_R_5\via_region_data.json
E_2_2_1_R_M_N_N_1970_28_2017.bmp308278,Alcohol,C:\PycharmProjects\Alcohol Detection\dataset\Grupo_2\E_2_2\Iritech\E_2_2_1\E_2_2_1_R_5\via_region_data.json
E_2_2_1_R_M_N_N_1970_29_2017.bmp308278,Alcohol,C:\PycharmProjects\Alcohol Detection\dataset\Grupo_2\E_2_2\Iritech\E_2_2_1\E_2_2_1_R_5\via_region_data.json
E_2_2_1_R_M_N_N_1970_30_2017.bmp308278,Alcohol,C:\PycharmProjects\Alcohol Detection\dataset\Grupo_2\E_2_2\Iritech\E_2_2_1\E_2_2_1_R_5\via_region_data.json
E_2_2_1_R_M_N_N_1970_31_2017.bmp308278,Alcohol,C:\PycharmProjects\Alcohol Detection\dataset\Grupo_2\E_2_2\Iritech\E_2_2_1\E_2_2_1_R_5\via_region_data.json
E_2_2_1_R_M_N_N_1970_32_2017.bmp308278,Alcohol,C:\PycharmProjects\Alcohol Detection\dataset\Grupo_2\E_2_2\Iritech\E_2_2_1\E_2_2_1_R_5\via_region_data.json
E_2_2_1_R_M_N_N_1970_33_2017.bmp308278,Alcohol,C:\PycharmProjects\Alcohol Detection\dataset\Grupo_2\E_2_2\Iritech\E_2_2_1\E_2_2_1_R_5\via_region_data.json
E_2_2_1_R_M_N_N_1970_34_2017.bmp308278,Alcohol,C:\PycharmProjects\Alcohol Detection\dataset\Grupo_2\E_2_2\Iritech\E_2_2_1\E_2_2_1_R_5\via_region_data.json
E_2_2_1_R_M_N_N_1970_35_2017.bmp308278,Alcohol,C:\PycharmProjects\Alcohol Detection\dataset\Grupo_2\E_2_2\Iritech\E_2_2_1\E_2_2_1_R_5\via_region_data.json
E_2_2_1_R_M_N_N_1970_36_2017.bmp308278,Alcohol,C:\PycharmProjects\Alcohol Detection\dataset\Grupo_2\E_2_2\Iritech\E_2_2_1\E_2_2_1_R_5\via_region_data.json
E_2_2_1_R_M_N_N_1970_37_2017.bmp308278,Alcohol,C:\PycharmProjects\Alcohol Detection\dataset\Grupo_2\E_2_2\Iritech\E_2_2_1\E_2_2_1_R_5\via_region_data.json
E_2_2_1_R_M_N_N_1970_38_2017.bmp308278,Alcohol,C:\PycharmProjects\Alcohol Detection\dataset\Grupo_2\E_2_2\Iritech\E_2_2_1\E_2_2_1_R_5\via_region_data.json
E_2_2_1_R_M_N_N_1970_39_2017.bmp308278,Alcohol,C:\PycharmProjects\Alcohol Detection\dataset\Grupo_2\E_2_2\Iritech\E_2_2_1\E_2_2_1_R_5\via_region_data.json
E_2_2_1_R_M_N_N_1970_40_2017.bmp308278,Alcohol,C:\PycharmProjects\Alcohol Detection\dataset\Grupo_2\E_2_2\Iritech\E_2_2_1\E_2_2_1_R_5\via_region_data.json
E_2_2_1_R_M_N_N_1970_41_2017.bmp308278,Alcohol,C:\PycharmProjects\Alcohol Detection\dataset\Grupo_2\E_2_2\Iritech\E_2_2_1\E_2_2_1_R_5\via_region_data.json
E_2_2_1_R_M_N_N_1970_42_2017.bmp308278,Alcohol,C:\PycharmProjects\Alcohol Detection\dataset\Grupo_2\E_2_2\Iritech\E_2_2_1\E_2_2_1_R_5\via_region_data.json
E_2_2_1_R_M_N_N_1970_43_2017.bmp308278,Alcohol,C:\PycharmProjects\Alcohol Detection\dataset\Grupo_2\E_2_2\Iritech\E_2_2_1\E_2_2_1_R_5\via_region_data.json
E_2_2_1_R_M_N_N_1970_44_2017.bmp308278,Alcohol,C:\PycharmProjects\Alcohol Detection\dataset\Grupo_2\E_2_2\Iritech\E_2_2_1\E_2_2_1_R_5\via_region_data.json
E_2_2_1_R_M_N_N_1970_45_2017.bmp308278,Alcohol,C:\PycharmProjects\Alcohol Detection\dataset\Grupo_2\E_2_2\Iritech\E_2_2_1\E_2_2_1_R_5\via_region_data.json
E_2_2_1_R_M_N_N_1970_46_2017.bmp308278,Alcohol,C:\PycharmProjects\Alcohol Detection\dataset\Grupo_2\E_2_2\Iritech\E_2_2_1\E_2_2_1_R_5\via_region_data.json
E_2_2_1_R_M_N_N_1970_47_2017.bmp308278,Alcohol,C:\PycharmProjects\Alcohol Detection\dataset\Grupo_2\E_2_2\Iritech\E_2_2_1\E_2_2_1_R_5\via_region_data.json
E_2_2_1_R_M_N_N_1970_48_2017.bmp308278,Alcohol,C:\PycharmProjects\Alcohol Detection\dataset\Grupo_2\E_2_2\Iritech\E_2_2_1\E_2_2_1_R_5\via_region_data.json
E_2_2_1_R_M_N_N_1970_49_2017.bmp308278,Alcohol,C:\PycharmProjects\Alcohol Detection\dataset\Grupo_2\E_2_2\Iritech\E_2_2_1\E_2_2_1_R_5\via_region_data.json
E_2_2_1_R_M_N_N_1970_50_2017.bmp308278,Alcohol,C:\PycharmProjects\Alcohol Detection\dataset\Grupo_2\E_2_2\Iritech\E_2_2_1\E_2_2_1_R_5\via_region_data.json
E_2_2_1_R_M_N_N_1970_51_2017.bmp308278,Alcohol,C:\PycharmProjects\Alcohol Detection\dataset\Grupo_2\E_2_2\Iritech\E_2_2_1\E_2_2_1_R_5\via_region_data.json
E_2_2_1_R_M_N_N_1970_52_2017.bmp308278,Alcohol,C:\PycharmProjects\Alcohol Detection\dataset\Grupo_2\E_2_2\Iritech\E_2_2_1\E_2_2_1_R_5\via_region_data.json
E_2_2_1_R_M_N_N_1970_53_2017.bmp308278,Alcohol,C:\PycharmProjects\Alcohol Detection\dataset\Grupo_2\E_2_2\Iritech\E_2_2_1\E_2_2_1_R_5\via_region_data.json
E_2_2_1_R_M_N_N_1970_54_2017.bmp308278,Alcohol,C:\PycharmProjects\Alcohol Detection\dataset\Grupo_2\E_2_2\Iritech\E_2_2_1\E_2_2_1_R_5\via_region_data.json
E_2_2_1_R_M_N_N_1970_55_2017.bmp308278,Alcohol,C:\PycharmProjects\Alcohol Detection\dataset\Grupo_2\E_2_2\Iritech\E_2_2_1\E_2_2_1_R_5\via_region_data.json
E_2_2_1_R_M_N_N_1970_56_2017.bmp308278,Alcohol,C:\PycharmProjects\Alcohol Detection\dataset\Grupo_2\E_2_2\Iritech\E_2_2_1\E_2_2_1_R_5\via_region_data.json
E_2_2_1_R_M_N_N_1970_57_2017.bmp308278,Alcohol,C:\PycharmProjects\Alcohol Detection\dataset\Grupo_2\E_2_2\Iritech\E_2_2_1\E_2_2_1_R_5\via_region_data.json
E_2_2_1_R_M_N_N_1970_58_2017.bmp308278,Alcohol,C:\PycharmProjects\Alcohol Detection\dataset\Grupo_2\E_2_2\Iritech\E_2_2_1\E_2_2_1_R_5\via_region_data.json
E_2_2_1_R_M_N_N_1970_59_2017.bmp308278,Alcohol,C:\PycharmProjects\Alcohol Detection\dataset\Grupo_2\E_2_2\Iritech\E_2_2_1\E_2_2_1_R_5\via_region_data.json
E_2_2_1_R_M_N_N_1970_60_2017.bmp308278,Alcohol,C:\PycharmProjects\Alcohol Detection\dataset\Grupo_2\E_2_2\Iritech\E_2_2_1\E_2_2_1_R_5\via_region_data.json
E_2_2_1_R_M_N_N_1970_61_2017.bmp308278,Alcohol,C:\PycharmProjects\Alcohol Detection\dataset\Grupo_2\E_2_2\Iritech\E_2_2_1\E_2_2_1_R_5\via_region_data.json
E_2_2_1_R_M_N_N_1970_62_2017.bmp308278,Alcohol,C:\PycharmProjects\Alcohol Detection\dataset\Grupo_2\E_2_2\Iritech\E_2_2_1\E_2_2_1_R_5\via_region_data.json
E_2_2_1_R_M_N_N_1970_63_2017.bmp308278,Alcohol,C:\PycharmProjects\Alcohol Detection\dataset\Grupo_2\E_2_2\Iritech\E_2_2_1\E_2_2_1_R_5\via_region_data.json
E_2_2_1_R_M_N_N_1970_64_2017.bmp308278,Alcohol,C:\PycharmProjects\Alcohol Detection\dataset\Grupo_2\E_2_2\Iritech\E_2_2_1\E_2_2_1_R_5\via_region_data.json
E_2_2_1_R_M_N_N_1970_65_2017.bmp308278,Alcohol,C:\PycharmProjects\Alcohol Detection\dataset\Grupo_2\E_2_2\Iritech\E_2_2_1\E_2_2_1_R_5\via_region_data.json
E_2_2_1_R_M_N_N_1970_66_2017.bmp308278,Alcohol,C:\PycharmProjects\Alcohol Detection\dataset\Grupo_2\E_2_2\Iritech\E_2_2_1\E_2_2_1_R_5\via_region_data.json
E_2_2_1_R_M_N_N_1970_67_2017.bmp308278,Alcohol,C:\PycharmProjects\Alcohol Detection\dataset\Grupo_2\E_2_2\Iritech\E_2_2_1\E_2_2_1_R_5\via_region_data.json
E_2_2_1_R_M_N_N_1970_68_2017.bmp308278,Alcohol,C:\PycharmProjects\Alcohol Detection\dataset\Grupo_2\E_2_2\Iritech\E_2_2_1\E_2_2_1_R_5\via_region_data.json
E_2_2_1_R_M_N_N_1970_69_2017.bmp308278,Alcohol,C:\PycharmProjects\Alcohol Detection\dataset\Grupo_2\E_2_2\Iritech\E_2_2_1\E_2_2_1_R_5\via_region_data.json
E_2_2_1_R_M_N_N_1970_70_2017.bmp308278,Alcohol,C:\PycharmProjects\Alcohol Detection\dataset\Grupo_2\E_2_2\Iritech\E_2_2_1\E_2_2_1_R_5\via_region_data.json
E_2_2_1_R_M_N_N_1970_71_2017.bmp308278,Alcohol,C:\PycharmProjects\Alcohol Detection\dataset\Grupo_2\E_2_2\Iritech\E_2_2_1\E_2_2_1_R_5\via_region_data.json
E_2_2_1_R_M_N_N_1970_72_2017.bmp308278,Alcohol,C:\PycharmProjects\Alcohol Detection\dataset\Grupo_2\E_2_2\Iritech\E_2_2_1\E_2_2_1_R_5\via_region_data.json
E_2_2_1_R_M_N_N_1970_73_2017.bmp308278,Alcohol,C:\PycharmProjects\Alcohol Detection\dataset\Grupo_2\E_2_2\Iritech\E_2_2_1\E_2_2_1_R_5\via_region_data.json
E_2_2_1_R_M_N_N_1970_74_2017.bmp308278,Alcohol,C:\PycharmProjects\Alcohol Detection\dataset\Grupo_2\E_2_2\Iritech\E_2_2_1\E_2_2_1_R_5\via_region_data.json
E_2_2_1_R_M_N_N_1970_75_2017.bmp308278,Alcohol,C:\PycharmProjects\Alcohol Detection\dataset\Grupo_2\E_2_2\Iritech\E_2_2_1\E_2_2_1_R_5\via_region_data.json
E_2_2_1_R_M_N_N_1970_76_2017.bmp308278,Alcohol,C:\PycharmProjects\Alcohol Detection\dataset\Grupo_2\E_2_2\Iritech\E_2_2_1\E_2_2_1_R_5\via_region_data.json
E_2_2_1_R_M_N_N_1970_77_2017.bmp308278,Alcohol,C:\PycharmProjects\Alcohol Detection\dataset\Grupo_2\E_2_2\Iritech\E_2_2_1\E_2_2_1_R_5\via_region_data.json
E_2_2_1_R_M_N_N_1970_78_2017.bmp308278,Alcohol,C:\PycharmProjects\Alcohol Detection\dataset\Grupo_2\E_2_2\Iritech\E_2_2_1\E_2_2_1_R_5\via_region_data.json
E_2_2_2_L_M_N_N_1970_0_2017.bmp308278,Non-Alcohol,C:\PycharmProjects\Alcohol Detection\dataset\Grupo_2\E_2_2\Iritech\E_2_2_2\via_region_data.json
E_2_2_2_R_M_N_N_1970_0_2017.bmp308278,Non-Alcohol,C:\PycharmProjects\Alcohol Detection\dataset\Grupo_2\E_2_2\Iritech\E_2_2_2\via_region_data.json
E_2_2_2_L_M_N_N_1970_0_2017.bmp308278,Non-Alcohol,C:\PycharmProjects\Alcohol Detection\dataset\Grupo_2\E_2_2\Iritech\E_2_2_2\E_2_2_2_L_5\via_region_data.json
E_2_2_2_L_M_N_N_1970_1_2017.bmp308278,Alcohol,C:\PycharmProjects\Alcohol Detection\dataset\Grupo_2\E_2_2\Iritech\E_2_2_2\E_2_2_2_L_5\via_region_data.json
E_2_2_2_L_M_N_N_1970_2_2017.bmp308278,Alcohol,C:\PycharmProjects\Alcohol Detection\dataset\Grupo_2\E_2_2\Iritech\E_2_2_2\E_2_2_2_L_5\via_region_data.json
E_2_2_2_L_M_N_N_1970_3_2017.bmp308278,Alcohol,C:\PycharmProjects\Alcohol Detection\dataset\Grupo_2\E_2_2\Iritech\E_2_2_2\E_2_2_2_L_5\via_region_data.json
E_2_2_2_L_M_N_N_1970_4_2017.bmp308278,Alcohol,C:\PycharmProjects\Alcohol Detection\dataset\Grupo_2\E_2_2\Iritech\E_2_2_2\E_2_2_2_L_5\via_region_data.json
E_2_2_2_L_M_N_N_1970_5_2017.bmp308278,Alcohol,C:\PycharmProjects\Alcohol Detection\dataset\Grupo_2\E_2_2\Iritech\E_2_2_2\E_2_2_2_L_5\via_region_data.json
E_2_2_2_L_M_N_N_1970_6_2017.bmp308278,Alcohol,C:\PycharmProjects\Alcohol Detection\dataset\Grupo_2\E_2_2\Iritech\E_2_2_2\E_2_2_2_L_5\via_region_data.json
E_2_2_2_L_M_N_N_1970_7_2017.bmp308278,Alcohol,C:\PycharmProjects\Alcohol Detection\dataset\Grupo_2\E_2_2\Iritech\E_2_2_2\E_2_2_2_L_5\via_region_data.json
E_2_2_2_L_M_N_N_1970_8_2017.bmp308278,Alcohol,C:\PycharmProjects\Alcohol Detection\dataset\Grupo_2\E_2_2\Iritech\E_2_2_2\E_2_2_2_L_5\via_region_data.json
E_2_2_2_L_M_N_N_1970_9_2017.bmp308278,Alcohol,C:\PycharmProjects\Alcohol Detection\dataset\Grupo_2\E_2_2\Iritech\E_2_2_2\E_2_2_2_L_5\via_region_data.json
E_2_2_2_L_M_N_N_1970_10_2017.bmp308278,Alcohol,C:\PycharmProjects\Alcohol Detection\dataset\Grupo_2\E_2_2\Iritech\E_2_2_2\E_2_2_2_L_5\via_region_data.json
E_2_2_2_L_M_N_N_1970_11_2017.bmp308278,Alcohol,C:\PycharmProjects\Alcohol Detection\dataset\Grupo_2\E_2_2\Iritech\E_2_2_2\E_2_2_2_L_5\via_region_data.json
E_2_2_2_L_M_N_N_1970_12_2017.bmp308278,Alcohol,C:\PycharmProjects\Alcohol Detection\dataset\Grupo_2\E_2_2\Iritech\E_2_2_2\E_2_2_2_L_5\via_region_data.json
E_2_2_2_L_M_N_N_1970_13_2017.bmp308278,Alcohol,C:\PycharmProjects\Alcohol Detection\dataset\Grupo_2\E_2_2\Iritech\E_2_2_2\E_2_2_2_L_5\via_region_data.json
E_2_2_2_L_M_N_N_1970_14_2017.bmp308278,Alcohol,C:\PycharmProjects\Alcohol Detection\dataset\Grupo_2\E_2_2\Iritech\E_2_2_2\E_2_2_2_L_5\via_region_data.json
E_2_2_2_L_M_N_N_1970_15_2017.bmp308278,Alcohol,C:\PycharmProjects\Alcohol Detection\dataset\Grupo_2\E_2_2\Iritech\E_2_2_2\E_2_2_2_L_5\via_region_data.json
E_2_2_2_L_M_N_N_1970_16_2017.bmp308278,Alcohol,C:\PycharmProjects\Alcohol Detection\dataset\Grupo_2\E_2_2\Iritech\E_2_2_2\E_2_2_2_L_5\via_region_data.json
E_2_2_2_L_M_N_N_1970_17_2017.bmp308278,Alcohol,C:\PycharmProjects\Alcohol Detection\dataset\Grupo_2\E_2_2\Iritech\E_2_2_2\E_2_2_2_L_5\via_region_data.json
E_2_2_2_L_M_N_N_1970_18_2017.bmp308278,Alcohol,C:\PycharmProjects\Alcohol Detection\dataset\Grupo_2\E_2_2\Iritech\E_2_2_2\E_2_2_2_L_5\via_region_data.json
E_2_2_2_L_M_N_N_1970_19_2017.bmp308278,Alcohol,C:\PycharmProjects\Alcohol Detection\dataset\Grupo_2\E_2_2\Iritech\E_2_2_2\E_2_2_2_L_5\via_region_data.json
E_2_2_2_L_M_N_N_1970_20_2017.bmp308278,Alcohol,C:\PycharmProjects\Alcohol Detection\dataset\Grupo_2\E_2_2\Iritech\E_2_2_2\E_2_2_2_L_5\via_region_data.json
E_2_2_2_L_M_N_N_1970_21_2017.bmp308278,Alcohol,C:\PycharmProjects\Alcohol Detection\dataset\Grupo_2\E_2_2\Iritech\E_2_2_2\E_2_2_2_L_5\via_region_data.json
E_2_2_2_L_M_N_N_1970_22_2017.bmp308278,Alcohol,C:\PycharmProjects\Alcohol Detection\dataset\Grupo_2\E_2_2\Iritech\E_2_2_2\E_2_2_2_L_5\via_region_data.json
E_2_2_2_L_M_N_N_1970_23_2017.bmp308278,Alcohol,C:\PycharmProjects\Alcohol Detection\dataset\Grupo_2\E_2_2\Iritech\E_2_2_2\E_2_2_2_L_5\via_region_data.json
E_2_2_2_L_M_N_N_1970_24_2017.bmp308278,Alcohol,C:\PycharmProjects\Alcohol Detection\dataset\Grupo_2\E_2_2\Iritech\E_2_2_2\E_2_2_2_L_5\via_region_data.json
E_2_2_2_L_M_N_N_1970_25_2017.bmp308278,Alcohol,C:\PycharmProjects\Alcohol Detection\dataset\Grupo_2\E_2_2\Iritech\E_2_2_2\E_2_2_2_L_5\via_region_data.json
E_2_2_2_L_M_N_N_1970_26_2017.bmp308278,Alcohol,C:\PycharmProjects\Alcohol Detection\dataset\Grupo_2\E_2_2\Iritech\E_2_2_2\E_2_2_2_L_5\via_region_data.json
E_2_2_2_L_M_N_N_1970_27_2017.bmp308278,Alcohol,C:\PycharmProjects\Alcohol Detection\dataset\Grupo_2\E_2_2\Iritech\E_2_2_2\E_2_2_2_L_5\via_region_data.json
E_2_2_2_L_M_N_N_1970_28_2017.bmp308278,Alcohol,C:\PycharmProjects\Alcohol Detection\dataset\Grupo_2\E_2_2\Iritech\E_2_2_2\E_2_2_2_L_5\via_region_data.json
E_2_2_2_L_M_N_N_1970_29_2017.bmp308278,Alcohol,C:\PycharmProjects\Alcohol Detection\dataset\Grupo_2\E_2_2\Iritech\E_2_2_2\E_2_2_2_L_5\via_region_data.json
E_2_2_2_L_M_N_N_1970_30_2017.bmp308278,Alcohol,C:\PycharmProjects\Alcohol Detection\dataset\Grupo_2\E_2_2\Iritech\E_2_2_2\E_2_2_2_L_5\via_region_data.json
E_2_2_2_L_M_N_N_1970_31_2017.bmp308278,Alcohol,C:\PycharmProjects\Alcohol Detection\dataset\Grupo_2\E_2_2\Iritech\E_2_2_2\E_2_2_2_L_5\via_region_data.json
E_2_2_2_L_M_N_N_1970_32_2017.bmp308278,Alcohol,C:\PycharmProjects\Alcohol Detection\dataset\Grupo_2\E_2_2\Iritech\E_2_2_2\E_2_2_2_L_5\via_region_data.json
E_2_2_2_L_M_N_N_1970_33_2017.bmp308278,Alcohol,C:\PycharmProjects\Alcohol Detection\dataset\Grupo_2\E_2_2\Iritech\E_2_2_2\E_2_2_2_L_5\via_region_data.json
E_2_2_2_L_M_N_N_1970_34_2017.bmp308278,Alcohol,C:\PycharmProjects\Alcohol Detection\dataset\Grupo_2\E_2_2\Iritech\E_2_2_2\E_2_2_2_L_5\via_region_data.json
E_2_2_2_L_M_N_N_1970_35_2017.bmp308278,Alcohol,C:\PycharmProjects\Alcohol Detection\dataset\Grupo_2\E_2_2\Iritech\E_2_2_2\E_2_2_2_L_5\via_region_data.json
E_2_2_2_L_M_N_N_1970_36_2017.bmp308278,Alcohol,C:\PycharmProjects\Alcohol Detection\dataset\Grupo_2\E_2_2\Iritech\E_2_2_2\E_2_2_2_L_5\via_region_data.json
E_2_2_2_L_M_N_N_1970_37_2017.bmp308278,Alcohol,C:\PycharmProjects\Alcohol Detection\dataset\Grupo_2\E_2_2\Iritech\E_2_2_2\E_2_2_2_L_5\via_region_data.json
E_2_2_2_L_M_N_N_1970_38_2017.bmp308278,Alcohol,C:\PycharmProjects\Alcohol Detection\dataset\Grupo_2\E_2_2\Iritech\E_2_2_2\E_2_2_2_L_5\via_region_data.json
E_2_2_2_L_M_N_N_1970_39_2017.bmp308278,Alcohol,C:\PycharmProjects\Alcohol Detection\dataset\Grupo_2\E_2_2\Iritech\E_2_2_2\E_2_2_2_L_5\via_region_data.json
E_2_2_2_L_M_N_N_1970_40_2017.bmp308278,Alcohol,C:\PycharmProjects\Alcohol Detection\dataset\Grupo_2\E_2_2\Iritech\E_2_2_2\E_2_2_2_L_5\via_region_data.json
E_2_2_2_L_M_N_N_1970_41_2017.bmp308278,Alcohol,C:\PycharmProjects\Alcohol Detection\dataset\Grupo_2\E_2_2\Iritech\E_2_2_2\E_2_2_2_L_5\via_region_data.json
E_2_2_2_L_M_N_N_1970_42_2017.bmp308278,Alcohol,C:\PycharmProjects\Alcohol Detection\dataset\Grupo_2\E_2_2\Iritech\E_2_2_2\E_2_2_2_L_5\via_region_data.json
E_2_2_2_L_M_N_N_1970_43_2017.bmp308278,Alcohol,C:\PycharmProjects\Alcohol Detection\dataset\Grupo_2\E_2_2\Iritech\E_2_2_2\E_2_2_2_L_5\via_region_data.json
E_2_2_2_L_M_N_N_1970_44_2017.bmp308278,Alcohol,C:\PycharmProjects\Alcohol Detection\dataset\Grupo_2\E_2_2\Iritech\E_2_2_2\E_2_2_2_L_5\via_region_data.json
E_2_2_2_L_M_N_N_1970_45_2017.bmp308278,Alcohol,C:\PycharmProjects\Alcohol Detection\dataset\Grupo_2\E_2_2\Iritech\E_2_2_2\E_2_2_2_L_5\via_region_data.json
E_2_2_2_L_M_N_N_1970_46_2017.bmp308278,Alcohol,C:\PycharmProjects\Alcohol Detection\dataset\Grupo_2\E_2_2\Iritech\E_2_2_2\E_2_2_2_L_5\via_region_data.json
E_2_2_2_L_M_N_N_1970_47_2017.bmp308278,Alcohol,C:\PycharmProjects\Alcohol Detection\dataset\Grupo_2\E_2_2\Iritech\E_2_2_2\E_2_2_2_L_5\via_region_data.json
E_2_2_2_L_M_N_N_1970_48_2017.bmp308278,Alcohol,C:\PycharmProjects\Alcohol Detection\dataset\Grupo_2\E_2_2\Iritech\E_2_2_2\E_2_2_2_L_5\via_region_data.json
E_2_2_2_L_M_N_N_1970_49_2017.bmp308278,Alcohol,C:\PycharmProjects\Alcohol Detection\dataset\Grupo_2\E_2_2\Iritech\E_2_2_2\E_2_2_2_L_5\via_region_data.json
E_2_2_2_L_M_N_N_1970_50_2017.bmp308278,Alcohol,C:\PycharmProjects\Alcohol Detection\dataset\Grupo_2\E_2_2\Iritech\E_2_2_2\E_2_2_2_L_5\via_region_data.json
E_2_2_2_L_M_N_N_1970_51_2017.bmp308278,Alcohol,C:\PycharmProjects\Alcohol Detection\dataset\Grupo_2\E_2_2\Iritech\E_2_2_2\E_2_2_2_L_5\via_region_data.json
E_2_2_2_L_M_N_N_1970_52_2017.bmp308278,Alcohol,C:\PycharmProjects\Alcohol Detection\dataset\Grupo_2\E_2_2\Iritech\E_2_2_2\E_2_2_2_L_5\via_region_data.json
E_2_2_2_L_M_N_N_1970_53_2017.bmp308278,Alcohol,C:\PycharmProjects\Alcohol Detection\dataset\Grupo_2\E_2_2\Iritech\E_2_2_2\E_2_2_2_L_5\via_region_data.json
E_2_2_2_L_M_N_N_1970_54_2017.bmp308278,Alcohol,C:\PycharmProjects\Alcohol Detection\dataset\Grupo_2\E_2_2\Iritech\E_2_2_2\E_2_2_2_L_5\via_region_data.json
E_2_2_2_L_M_N_N_1970_55_2017.bmp308278,Alcohol,C:\PycharmProjects\Alcohol Detection\dataset\Grupo_2\E_2_2\Iritech\E_2_2_2\E_2_2_2_L_5\via_region_data.json
E_2_2_2_L_M_N_N_1970_56_2017.bmp308278,Alcohol,C:\PycharmProjects\Alcohol Detection\dataset\Grupo_2\E_2_2\Iritech\E_2_2_2\E_2_2_2_L_5\via_region_data.json
E_2_2_2_L_M_N_N_1970_57_2017.bmp308278,Alcohol,C:\PycharmProjects\Alcohol Detection\dataset\Grupo_2\E_2_2\Iritech\E_2_2_2\E_2_2_2_L_5\via_region_data.json
E_2_2_2_L_M_N_N_1970_58_2017.bmp308278,Alcohol,C:\PycharmProjects\Alcohol Detection\dataset\Grupo_2\E_2_2\Iritech\E_2_2_2\E_2_2_2_L_5\via_region_data.json
E_2_2_2_L_M_N_N_1970_59_2017.bmp308278,Alcohol,C:\PycharmProjects\Alcohol Detection\dataset\Grupo_2\E_2_2\Iritech\E_2_2_2\E_2_2_2_L_5\via_region_data.json
E_2_2_2_L_M_N_N_1970_60_2017.bmp308278,Alcohol,C:\PycharmProjects\Alcohol Detection\dataset\Grupo_2\E_2_2\Iritech\E_2_2_2\E_2_2_2_L_5\via_region_data.json
E_2_2_2_L_M_N_N_1970_61_2017.bmp308278,Alcohol,C:\PycharmProjects\Alcohol Detection\dataset\Grupo_2\E_2_2\Iritech\E_2_2_2\E_2_2_2_L_5\via_region_data.json
E_2_2_2_L_M_N_N_1970_62_2017.bmp308278,Alcohol,C:\PycharmProjects\Alcohol Detection\dataset\Grupo_2\E_2_2\Iritech\E_2_2_2\E_2_2_2_L_5\via_region_data.json
E_2_2_2_L_M_N_N_1970_63_2017.bmp308278,Alcohol,C:\PycharmProjects\Alcohol Detection\dataset\Grupo_2\E_2_2\Iritech\E_2_2_2\E_2_2_2_L_5\via_region_data.json
E_2_2_2_L_M_N_N_1970_64_2017.bmp308278,Alcohol,C:\PycharmProjects\Alcohol Detection\dataset\Grupo_2\E_2_2\Iritech\E_2_2_2\E_2_2_2_L_5\via_region_data.json
E_2_2_2_L_M_N_N_1970_65_2017.bmp308278,Alcohol,C:\PycharmProjects\Alcohol Detection\dataset\Grupo_2\E_2_2\Iritech\E_2_2_2\E_2_2_2_L_5\via_region_data.json
E_2_2_2_L_M_N_N_1970_66_2017.bmp308278,Alcohol,C:\PycharmProjects\Alcohol Detection\dataset\Grupo_2\E_2_2\Iritech\E_2_2_2\E_2_2_2_L_5\via_region_data.json
E_2_2_2_L_M_N_N_1970_67_2017.bmp308278,Alcohol,C:\PycharmProjects\Alcohol Detection\dataset\Grupo_2\E_2_2\Iritech\E_2_2_2\E_2_2_2_L_5\via_region_data.json
E_2_2_2_L_M_N_N_1970_68_2017.bmp308278,Alcohol,C:\PycharmProjects\Alcohol Detection\dataset\Grupo_2\E_2_2\Iritech\E_2_2_2\E_2_2_2_L_5\via_region_data.json
E_2_2_2_L_M_N_N_1970_69_2017.bmp308278,Alcohol,C:\PycharmProjects\Alcohol Detection\dataset\Grupo_2\E_2_2\Iritech\E_2_2_2\E_2_2_2_L_5\via_region_data.json
E_2_2_2_L_M_N_N_1970_70_2017.bmp308278,Alcohol,C:\PycharmProjects\Alcohol Detection\dataset\Grupo_2\E_2_2\Iritech\E_2_2_2\E_2_2_2_L_5\via_region_data.json
E_2_2_2_L_M_N_N_1970_71_2017.bmp308278,Alcohol,C:\PycharmProjects\Alcohol Detection\dataset\Grupo_2\E_2_2\Iritech\E_2_2_2\E_2_2_2_L_5\via_region_data.json
E_2_2_2_L_M_N_N_1970_72_2017.bmp308278,Alcohol,C:\PycharmProjects\Alcohol Detection\dataset\Grupo_2\E_2_2\Iritech\E_2_2_2\E_2_2_2_L_5\via_region_data.json
E_2_2_2_L_M_N_N_1970_73_2017.bmp308278,Alcohol,C:\PycharmProjects\Alcohol Detection\dataset\Grupo_2\E_2_2\Iritech\E_2_2_2\E_2_2_2_L_5\via_region_data.json
E_2_2_2_L_M_N_N_1970_74_2017.bmp308278,Alcohol,C:\PycharmProjects\Alcohol Detection\dataset\Grupo_2\E_2_2\Iritech\E_2_2_2\E_2_2_2_L_5\via_region_data.json
E_2_2_2_L_M_N_N_1970_75_2017.bmp308278,Alcohol,C:\PycharmProjects\Alcohol Detection\dataset\Grupo_2\E_2_2\Iritech\E_2_2_2\E_2_2_2_L_5\via_region_data.json
E_2_2_2_L_M_N_N_1970_76_2017.bmp308278,Alcohol,C:\PycharmProjects\Alcohol Detection\dataset\Grupo_2\E_2_2\Iritech\E_2_2_2\E_2_2_2_L_5\via_region_data.json
E_2_2_2_L_M_N_N_1970_77_2017.bmp308278,Alcohol,C:\PycharmProjects\Alcohol Detection\dataset\Grupo_2\E_2_2\Iritech\E_2_2_2\E_2_2_2_L_5\via_region_data.json
E_2_2_2_L_M_N_N_1970_78_2017.bmp308278,Alcohol,C:\PycharmProjects\Alcohol Detection\dataset\Grupo_2\E_2_2\Iritech\E_2_2_2\E_2_2_2_L_5\via_region_data.json
E_2_2_2_L_M_N_N_1970_79_2017.bmp308278,Alcohol,C:\PycharmProjects\Alcohol Detection\dataset\Grupo_2\E_2_2\Iritech\E_2_2_2\E_2_2_2_L_5\via_region_data.json
E_2_2_2_L_M_N_N_1970_80_2017.bmp308278,Alcohol,C:\PycharmProjects\Alcohol Detection\dataset\Grupo_2\E_2_2\Iritech\E_2_2_2\E_2_2_2_L_5\via_region_data.json
E_2_2_2_L_M_N_N_1970_81_2017.bmp308278,Alcohol,C:\PycharmProjects\Alcohol Detection\dataset\Grupo_2\E_2_2\Iritech\E_2_2_2\E_2_2_2_L_5\via_region_data.json
E_2_2_2_L_M_N_N_1970_82_2017.bmp308278,Alcohol,C:\PycharmProjects\Alcohol Detection\dataset\Grupo_2\E_2_2\Iritech\E_2_2_2\E_2_2_2_L_5\via_region_data.json
E_2_2_2_L_M_N_N_1970_83_2017.bmp308278,Alcohol,C:\PycharmProjects\Alcohol Detection\dataset\Grupo_2\E_2_2\Iritech\E_2_2_2\E_2_2_2_L_5\via_region_data.json
E_2_2_2_R_M_N_N_1970_0_2017.bmp308278,Non-Alcohol,C:\PycharmProjects\Alcohol Detection\dataset\Grupo_2\E_2_2\Iritech\E_2_2_2\E_2_2_2_R_5\via_region_data.json
E_2_2_2_R_M_N_N_1970_1_2017.bmp308278,Alcohol,C:\PycharmProjects\Alcohol Detection\dataset\Grupo_2\E_2_2\Iritech\E_2_2_2\E_2_2_2_R_5\via_region_data.json
E_2_2_2_R_M_N_N_1970_2_2017.bmp308278,Alcohol,C:\PycharmProjects\Alcohol Detection\dataset\Grupo_2\E_2_2\Iritech\E_2_2_2\E_2_2_2_R_5\via_region_data.json
E_2_2_2_R_M_N_N_1970_3_2017.bmp308278,Alcohol,C:\PycharmProjects\Alcohol Detection\dataset\Grupo_2\E_2_2\Iritech\E_2_2_2\E_2_2_2_R_5\via_region_data.json
E_2_2_2_R_M_N_N_1970_4_2017.bmp308278,Alcohol,C:\PycharmProjects\Alcohol Detection\dataset\Grupo_2\E_2_2\Iritech\E_2_2_2\E_2_2_2_R_5\via_region_data.json
E_2_2_2_R_M_N_N_1970_5_2017.bmp308278,Alcohol,C:\PycharmProjects\Alcohol Detection\dataset\Grupo_2\E_2_2\Iritech\E_2_2_2\E_2_2_2_R_5\via_region_data.json
E_2_2_2_R_M_N_N_1970_6_2017.bmp308278,Alcohol,C:\PycharmProjects\Alcohol Detection\dataset\Grupo_2\E_2_2\Iritech\E_2_2_2\E_2_2_2_R_5\via_region_data.json
E_2_2_2_R_M_N_N_1970_7_2017.bmp308278,Alcohol,C:\PycharmProjects\Alcohol Detection\dataset\Grupo_2\E_2_2\Iritech\E_2_2_2\E_2_2_2_R_5\via_region_data.json
E_2_2_2_R_M_N_N_1970_8_2017.bmp308278,Alcohol,C:\PycharmProjects\Alcohol Detection\dataset\Grupo_2\E_2_2\Iritech\E_2_2_2\E_2_2_2_R_5\via_region_data.json
E_2_2_2_R_M_N_N_1970_9_2017.bmp308278,Alcohol,C:\PycharmProjects\Alcohol Detection\dataset\Grupo_2\E_2_2\Iritech\E_2_2_2\E_2_2_2_R_5\via_region_data.json
E_2_2_2_R_M_N_N_1970_10_2017.bmp308278,Alcohol,C:\PycharmProjects\Alcohol Detection\dataset\Grupo_2\E_2_2\Iritech\E_2_2_2\E_2_2_2_R_5\via_region_data.json
E_2_2_2_R_M_N_N_1970_11_2017.bmp308278,Alcohol,C:\PycharmProjects\Alcohol Detection\dataset\Grupo_2\E_2_2\Iritech\E_2_2_2\E_2_2_2_R_5\via_region_data.json
E_2_2_2_R_M_N_N_1970_12_2017.bmp308278,Alcohol,C:\PycharmProjects\Alcohol Detection\dataset\Grupo_2\E_2_2\Iritech\E_2_2_2\E_2_2_2_R_5\via_region_data.json
E_2_2_2_R_M_N_N_1970_13_2017.bmp308278,Alcohol,C:\PycharmProjects\Alcohol Detection\dataset\Grupo_2\E_2_2\Iritech\E_2_2_2\E_2_2_2_R_5\via_region_data.json
E_2_2_2_R_M_N_N_1970_14_2017.bmp308278,Alcohol,C:\PycharmProjects\Alcohol Detection\dataset\Grupo_2\E_2_2\Iritech\E_2_2_2\E_2_2_2_R_5\via_region_data.json
E_2_2_2_R_M_N_N_1970_15_2017.bmp308278,Alcohol,C:\PycharmProjects\Alcohol Detection\dataset\Grupo_2\E_2_2\Iritech\E_2_2_2\E_2_2_2_R_5\via_region_data.json
E_2_2_2_R_M_N_N_1970_16_2017.bmp308278,Alcohol,C:\PycharmProjects\Alcohol Detection\dataset\Grupo_2\E_2_2\Iritech\E_2_2_2\E_2_2_2_R_5\via_region_data.json
E_2_2_2_R_M_N_N_1970_17_2017.bmp308278,Alcohol,C:\PycharmProjects\Alcohol Detection\dataset\Grupo_2\E_2_2\Iritech\E_2_2_2\E_2_2_2_R_5\via_region_data.json
E_2_2_2_R_M_N_N_1970_18_2017.bmp308278,Alcohol,C:\PycharmProjects\Alcohol Detection\dataset\Grupo_2\E_2_2\Iritech\E_2_2_2\E_2_2_2_R_5\via_region_data.json
E_2_2_2_R_M_N_N_1970_19_2017.bmp308278,Alcohol,C:\PycharmProjects\Alcohol Detection\dataset\Grupo_2\E_2_2\Iritech\E_2_2_2\E_2_2_2_R_5\via_region_data.json
E_2_2_2_R_M_N_N_1970_20_2017.bmp308278,Alcohol,C:\PycharmProjects\Alcohol Detection\dataset\Grupo_2\E_2_2\Iritech\E_2_2_2\E_2_2_2_R_5\via_region_data.json
E_2_2_2_R_M_N_N_1970_21_2017.bmp308278,Alcohol,C:\PycharmProjects\Alcohol Detection\dataset\Grupo_2\E_2_2\Iritech\E_2_2_2\E_2_2_2_R_5\via_region_data.json
E_2_2_2_R_M_N_N_1970_22_2017.bmp308278,Alcohol,C:\PycharmProjects\Alcohol Detection\dataset\Grupo_2\E_2_2\Iritech\E_2_2_2\E_2_2_2_R_5\via_region_data.json
E_2_2_2_R_M_N_N_1970_23_2017.bmp308278,Alcohol,C:\PycharmProjects\Alcohol Detection\dataset\Grupo_2\E_2_2\Iritech\E_2_2_2\E_2_2_2_R_5\via_region_data.json
E_2_2_2_R_M_N_N_1970_24_2017.bmp308278,Alcohol,C:\PycharmProjects\Alcohol Detection\dataset\Grupo_2\E_2_2\Iritech\E_2_2_2\E_2_2_2_R_5\via_region_data.json
E_2_2_2_R_M_N_N_1970_25_2017.bmp308278,Alcohol,C:\PycharmProjects\Alcohol Detection\dataset\Grupo_2\E_2_2\Iritech\E_2_2_2\E_2_2_2_R_5\via_region_data.json
E_2_2_2_R_M_N_N_1970_26_2017.bmp308278,Alcohol,C:\PycharmProjects\Alcohol Detection\dataset\Grupo_2\E_2_2\Iritech\E_2_2_2\E_2_2_2_R_5\via_region_data.json
E_2_2_2_R_M_N_N_1970_27_2017.bmp308278,Alcohol,C:\PycharmProjects\Alcohol Detection\dataset\Grupo_2\E_2_2\Iritech\E_2_2_2\E_2_2_2_R_5\via_region_data.json
E_2_2_2_R_M_N_N_1970_28_2017.bmp308278,Alcohol,C:\PycharmProjects\Alcohol Detection\dataset\Grupo_2\E_2_2\Iritech\E_2_2_2\E_2_2_2_R_5\via_region_data.json
E_2_2_2_R_M_N_N_1970_29_2017.bmp308278,Alcohol,C:\PycharmProjects\Alcohol Detection\dataset\Grupo_2\E_2_2\Iritech\E_2_2_2\E_2_2_2_R_5\via_region_data.json
E_2_2_2_R_M_N_N_1970_30_2017.bmp308278,Alcohol,C:\PycharmProjects\Alcohol Detection\dataset\Grupo_2\E_2_2\Iritech\E_2_2_2\E_2_2_2_R_5\via_region_data.json
E_2_2_2_R_M_N_N_1970_31_2017.bmp308278,Alcohol,C:\PycharmProjects\Alcohol Detection\dataset\Grupo_2\E_2_2\Iritech\E_2_2_2\E_2_2_2_R_5\via_region_data.json
E_2_2_2_R_M_N_N_1970_32_2017.bmp308278,Alcohol,C:\PycharmProjects\Alcohol Detection\dataset\Grupo_2\E_2_2\Iritech\E_2_2_2\E_2_2_2_R_5\via_region_data.json
E_2_2_2_R_M_N_N_1970_33_2017.bmp308278,Alcohol,C:\PycharmProjects\Alcohol Detection\dataset\Grupo_2\E_2_2\Iritech\E_2_2_2\E_2_2_2_R_5\via_region_data.json
E_2_2_2_R_M_N_N_1970_34_2017.bmp308278,Alcohol,C:\PycharmProjects\Alcohol Detection\dataset\Grupo_2\E_2_2\Iritech\E_2_2_2\E_2_2_2_R_5\via_region_data.json
E_2_2_2_R_M_N_N_1970_35_2017.bmp308278,Alcohol,C:\PycharmProjects\Alcohol Detection\dataset\Grupo_2\E_2_2\Iritech\E_2_2_2\E_2_2_2_R_5\via_region_data.json
E_2_2_2_R_M_N_N_1970_36_2017.bmp308278,Alcohol,C:\PycharmProjects\Alcohol Detection\dataset\Grupo_2\E_2_2\Iritech\E_2_2_2\E_2_2_2_R_5\via_region_data.json
E_2_2_2_R_M_N_N_1970_37_2017.bmp308278,Alcohol,C:\PycharmProjects\Alcohol Detection\dataset\Grupo_2\E_2_2\Iritech\E_2_2_2\E_2_2_2_R_5\via_region_data.json
E_2_2_2_R_M_N_N_1970_38_2017.bmp308278,Alcohol,C:\PycharmProjects\Alcohol Detection\dataset\Grupo_2\E_2_2\Iritech\E_2_2_2\E_2_2_2_R_5\via_region_data.json
E_2_2_2_R_M_N_N_1970_39_2017.bmp308278,Alcohol,C:\PycharmProjects\Alcohol Detection\dataset\Grupo_2\E_2_2\Iritech\E_2_2_2\E_2_2_2_R_5\via_region_data.json
E_2_2_2_R_M_N_N_1970_40_2017.bmp308278,Alcohol,C:\PycharmProjects\Alcohol Detection\dataset\Grupo_2\E_2_2\Iritech\E_2_2_2\E_2_2_2_R_5\via_region_data.json
E_2_2_2_R_M_N_N_1970_41_2017.bmp308278,Alcohol,C:\PycharmProjects\Alcohol Detection\dataset\Grupo_2\E_2_2\Iritech\E_2_2_2\E_2_2_2_R_5\via_region_data.json
E_2_2_2_R_M_N_N_1970_42_2017.bmp308278,Alcohol,C:\PycharmProjects\Alcohol Detection\dataset\Grupo_2\E_2_2\Iritech\E_2_2_2\E_2_2_2_R_5\via_region_data.json
E_2_2_2_R_M_N_N_1970_43_2017.bmp308278,Alcohol,C:\PycharmProjects\Alcohol Detection\dataset\Grupo_2\E_2_2\Iritech\E_2_2_2\E_2_2_2_R_5\via_region_data.json
E_2_2_2_R_M_N_N_1970_44_2017.bmp308278,Alcohol,C:\PycharmProjects\Alcohol Detection\dataset\Grupo_2\E_2_2\Iritech\E_2_2_2\E_2_2_2_R_5\via_region_data.json
E_2_2_2_R_M_N_N_1970_45_2017.bmp308278,Alcohol,C:\PycharmProjects\Alcohol Detection\dataset\Grupo_2\E_2_2\Iritech\E_2_2_2\E_2_2_2_R_5\via_region_data.json
E_2_2_2_R_M_N_N_1970_46_2017.bmp308278,Alcohol,C:\PycharmProjects\Alcohol Detection\dataset\Grupo_2\E_2_2\Iritech\E_2_2_2\E_2_2_2_R_5\via_region_data.json
E_2_2_2_R_M_N_N_1970_47_2017.bmp308278,Alcohol,C:\PycharmProjects\Alcohol Detection\dataset\Grupo_2\E_2_2\Iritech\E_2_2_2\E_2_2_2_R_5\via_region_data.json
E_2_2_2_R_M_N_N_1970_48_2017.bmp308278,Alcohol,C:\PycharmProjects\Alcohol Detection\dataset\Grupo_2\E_2_2\Iritech\E_2_2_2\E_2_2_2_R_5\via_region_data.json
E_2_2_2_R_M_N_N_1970_49_2017.bmp308278,Alcohol,C:\PycharmProjects\Alcohol Detection\dataset\Grupo_2\E_2_2\Iritech\E_2_2_2\E_2_2_2_R_5\via_region_data.json
E_2_2_2_R_M_N_N_1970_50_2017.bmp308278,Alcohol,C:\PycharmProjects\Alcohol Detection\dataset\Grupo_2\E_2_2\Iritech\E_2_2_2\E_2_2_2_R_5\via_region_data.json
E_2_2_2_R_M_N_N_1970_51_2017.bmp308278,Alcohol,C:\PycharmProjects\Alcohol Detection\dataset\Grupo_2\E_2_2\Iritech\E_2_2_2\E_2_2_2_R_5\via_region_data.json
E_2_2_2_R_M_N_N_1970_52_2017.bmp308278,Alcohol,C:\PycharmProjects\Alcohol Detection\dataset\Grupo_2\E_2_2\Iritech\E_2_2_2\E_2_2_2_R_5\via_region_data.json
E_2_2_2_R_M_N_N_1970_53_2017.bmp308278,Alcohol,C:\PycharmProjects\Alcohol Detection\dataset\Grupo_2\E_2_2\Iritech\E_2_2_2\E_2_2_2_R_5\via_region_data.json
E_2_2_2_R_M_N_N_1970_54_2017.bmp308278,Alcohol,C:\PycharmProjects\Alcohol Detection\dataset\Grupo_2\E_2_2\Iritech\E_2_2_2\E_2_2_2_R_5\via_region_data.json
E_2_2_2_R_M_N_N_1970_55_2017.bmp308278,Alcohol,C:\PycharmProjects\Alcohol Detection\dataset\Grupo_2\E_2_2\Iritech\E_2_2_2\E_2_2_2_R_5\via_region_data.json
E_2_2_2_R_M_N_N_1970_56_2017.bmp308278,Alcohol,C:\PycharmProjects\Alcohol Detection\dataset\Grupo_2\E_2_2\Iritech\E_2_2_2\E_2_2_2_R_5\via_region_data.json
E_2_2_2_R_M_N_N_1970_57_2017.bmp308278,Alcohol,C:\PycharmProjects\Alcohol Detection\dataset\Grupo_2\E_2_2\Iritech\E_2_2_2\E_2_2_2_R_5\via_region_data.json
E_2_2_2_R_M_N_N_1970_58_2017.bmp308278,Alcohol,C:\PycharmProjects\Alcohol Detection\dataset\Grupo_2\E_2_2\Iritech\E_2_2_2\E_2_2_2_R_5\via_region_data.json
E_2_2_2_R_M_N_N_1970_59_2017.bmp308278,Alcohol,C:\PycharmProjects\Alcohol Detection\dataset\Grupo_2\E_2_2\Iritech\E_2_2_2\E_2_2_2_R_5\via_region_data.json
E_2_2_2_R_M_N_N_1970_60_2017.bmp308278,Alcohol,C:\PycharmProjects\Alcohol Detection\dataset\Grupo_2\E_2_2\Iritech\E_2_2_2\E_2_2_2_R_5\via_region_data.json
E_2_2_2_R_M_N_N_1970_61_2017.bmp308278,Alcohol,C:\PycharmProjects\Alcohol Detection\dataset\Grupo_2\E_2_2\Iritech\E_2_2_2\E_2_2_2_R_5\via_region_data.json
E_2_2_2_R_M_N_N_1970_62_2017.bmp308278,Alcohol,C:\PycharmProjects\Alcohol Detection\dataset\Grupo_2\E_2_2\Iritech\E_2_2_2\E_2_2_2_R_5\via_region_data.json
E_2_2_2_R_M_N_N_1970_63_2017.bmp308278,Alcohol,C:\PycharmProjects\Alcohol Detection\dataset\Grupo_2\E_2_2\Iritech\E_2_2_2\E_2_2_2_R_5\via_region_data.json
E_2_2_2_R_M_N_N_1970_64_2017.bmp308278,Alcohol,C:\PycharmProjects\Alcohol Detection\dataset\Grupo_2\E_2_2\Iritech\E_2_2_2\E_2_2_2_R_5\via_region_data.json
E_2_2_2_R_M_N_N_1970_65_2017.bmp308278,Alcohol,C:\PycharmProjects\Alcohol Detection\dataset\Grupo_2\E_2_2\Iritech\E_2_2_2\E_2_2_2_R_5\via_region_data.json
E_2_2_2_R_M_N_N_1970_66_2017.bmp308278,Alcohol,C:\PycharmProjects\Alcohol Detection\dataset\Grupo_2\E_2_2\Iritech\E_2_2_2\E_2_2_2_R_5\via_region_data.json
E_2_2_2_R_M_N_N_1970_67_2017.bmp308278,Alcohol,C:\PycharmProjects\Alcohol Detection\dataset\Grupo_2\E_2_2\Iritech\E_2_2_2\E_2_2_2_R_5\via_region_data.json
E_2_2_2_R_M_N_N_1970_68_2017.bmp308278,Alcohol,C:\PycharmProjects\Alcohol Detection\dataset\Grupo_2\E_2_2\Iritech\E_2_2_2\E_2_2_2_R_5\via_region_data.json
E_2_2_2_R_M_N_N_1970_69_2017.bmp308278,Alcohol,C:\PycharmProjects\Alcohol Detection\dataset\Grupo_2\E_2_2\Iritech\E_2_2_2\E_2_2_2_R_5\via_region_data.json
E_2_2_2_R_M_N_N_1970_70_2017.bmp308278,Alcohol,C:\PycharmProjects\Alcohol Detection\dataset\Grupo_2\E_2_2\Iritech\E_2_2_2\E_2_2_2_R_5\via_region_data.json
E_2_2_2_R_M_N_N_1970_71_2017.bmp308278,Alcohol,C:\PycharmProjects\Alcohol Detection\dataset\Grupo_2\E_2_2\Iritech\E_2_2_2\E_2_2_2_R_5\via_region_data.json
E_2_2_2_R_M_N_N_1970_72_2017.bmp308278,Alcohol,C:\PycharmProjects\Alcohol Detection\dataset\Grupo_2\E_2_2\Iritech\E_2_2_2\E_2_2_2_R_5\via_region_data.json
E_2_2_2_R_M_N_N_1970_73_2017.bmp308278,Alcohol,C:\PycharmProjects\Alcohol Detection\dataset\Grupo_2\E_2_2\Iritech\E_2_2_2\E_2_2_2_R_5\via_region_data.json
E_2_2_2_R_M_N_N_1970_74_2017.bmp308278,Alcohol,C:\PycharmProjects\Alcohol Detection\dataset\Grupo_2\E_2_2\Iritech\E_2_2_2\E_2_2_2_R_5\via_region_data.json
E_2_2_2_R_M_N_N_1970_75_2017.bmp308278,Alcohol,C:\PycharmProjects\Alcohol Detection\dataset\Grupo_2\E_2_2\Iritech\E_2_2_2\E_2_2_2_R_5\via_region_data.json
E_2_2_2_R_M_N_N_1970_76_2017.bmp308278,Alcohol,C:\PycharmProjects\Alcohol Detection\dataset\Grupo_2\E_2_2\Iritech\E_2_2_2\E_2_2_2_R_5\via_region_data.json
E_2_2_2_R_M_N_N_1970_77_2017.bmp308278,Alcohol,C:\PycharmProjects\Alcohol Detection\dataset\Grupo_2\E_2_2\Iritech\E_2_2_2\E_2_2_2_R_5\via_region_data.json
E_2_2_2_R_M_N_N_1970_78_2017.bmp308278,Alcohol,C:\PycharmProjects\Alcohol Detection\dataset\Grupo_2\E_2_2\Iritech\E_2_2_2\E_2_2_2_R_5\via_region_data.json
E_2_2_3_L_M_N_N_1970_0_2017.bmp308278,Non-Alcohol,C:\PycharmProjects\Alcohol Detection\dataset\Grupo_2\E_2_2\Iritech\E_2_2_3\via_region_data.json
E_2_2_3_R_M_N_N_1970_0_2017.bmp308278,Non-Alcohol,C:\PycharmProjects\Alcohol Detection\dataset\Grupo_2\E_2_2\Iritech\E_2_2_3\via_region_data.json
E_2_2_3_L_M_N_N_1970_0_2017.bmp308278,Non-Alcohol,C:\PycharmProjects\Alcohol Detection\dataset\Grupo_2\E_2_2\Iritech\E_2_2_3\E_2_2_3_L_5\via_region_data.json
E_2_2_3_L_M_N_N_1970_1_2017.bmp308278,Alcohol,C:\PycharmProjects\Alcohol Detection\dataset\Grupo_2\E_2_2\Iritech\E_2_2_3\E_2_2_3_L_5\via_region_data.json
E_2_2_3_L_M_N_N_1970_2_2017.bmp308278,Alcohol,C:\PycharmProjects\Alcohol Detection\dataset\Grupo_2\E_2_2\Iritech\E_2_2_3\E_2_2_3_L_5\via_region_data.json
E_2_2_3_L_M_N_N_1970_3_2017.bmp308278,Alcohol,C:\PycharmProjects\Alcohol Detection\dataset\Grupo_2\E_2_2\Iritech\E_2_2_3\E_2_2_3_L_5\via_region_data.json
E_2_2_3_L_M_N_N_1970_4_2017.bmp308278,Alcohol,C:\PycharmProjects\Alcohol Detection\dataset\Grupo_2\E_2_2\Iritech\E_2_2_3\E_2_2_3_L_5\via_region_data.json
E_2_2_3_L_M_N_N_1970_5_2017.bmp308278,Alcohol,C:\PycharmProjects\Alcohol Detection\dataset\Grupo_2\E_2_2\Iritech\E_2_2_3\E_2_2_3_L_5\via_region_data.json
E_2_2_3_L_M_N_N_1970_6_2017.bmp308278,Alcohol,C:\PycharmProjects\Alcohol Detection\dataset\Grupo_2\E_2_2\Iritech\E_2_2_3\E_2_2_3_L_5\via_region_data.json
E_2_2_3_L_M_N_N_1970_7_2017.bmp308278,Alcohol,C:\PycharmProjects\Alcohol Detection\dataset\Grupo_2\E_2_2\Iritech\E_2_2_3\E_2_2_3_L_5\via_region_data.json
E_2_2_3_L_M_N_N_1970_8_2017.bmp308278,Alcohol,C:\PycharmProjects\Alcohol Detection\dataset\Grupo_2\E_2_2\Iritech\E_2_2_3\E_2_2_3_L_5\via_region_data.json
E_2_2_3_L_M_N_N_1970_9_2017.bmp308278,Alcohol,C:\PycharmProjects\Alcohol Detection\dataset\Grupo_2\E_2_2\Iritech\E_2_2_3\E_2_2_3_L_5\via_region_data.json
E_2_2_3_L_M_N_N_1970_10_2017.bmp308278,Alcohol,C:\PycharmProjects\Alcohol Detection\dataset\Grupo_2\E_2_2\Iritech\E_2_2_3\E_2_2_3_L_5\via_region_data.json
E_2_2_3_L_M_N_N_1970_11_2017.bmp308278,Alcohol,C:\PycharmProjects\Alcohol Detection\dataset\Grupo_2\E_2_2\Iritech\E_2_2_3\E_2_2_3_L_5\via_region_data.json
E_2_2_3_L_M_N_N_1970_12_2017.bmp308278,Alcohol,C:\PycharmProjects\Alcohol Detection\dataset\Grupo_2\E_2_2\Iritech\E_2_2_3\E_2_2_3_L_5\via_region_data.json
E_2_2_3_L_M_N_N_1970_13_2017.bmp308278,Alcohol,C:\PycharmProjects\Alcohol Detection\dataset\Grupo_2\E_2_2\Iritech\E_2_2_3\E_2_2_3_L_5\via_region_data.json
E_2_2_3_L_M_N_N_1970_14_2017.bmp308278,Alcohol,C:\PycharmProjects\Alcohol Detection\dataset\Grupo_2\E_2_2\Iritech\E_2_2_3\E_2_2_3_L_5\via_region_data.json
E_2_2_3_L_M_N_N_1970_15_2017.bmp308278,Alcohol,C:\PycharmProjects\Alcohol Detection\dataset\Grupo_2\E_2_2\Iritech\E_2_2_3\E_2_2_3_L_5\via_region_data.json
E_2_2_3_L_M_N_N_1970_16_2017.bmp308278,Alcohol,C:\PycharmProjects\Alcohol Detection\dataset\Grupo_2\E_2_2\Iritech\E_2_2_3\E_2_2_3_L_5\via_region_data.json
E_2_2_3_L_M_N_N_1970_17_2017.bmp308278,Alcohol,C:\PycharmProjects\Alcohol Detection\dataset\Grupo_2\E_2_2\Iritech\E_2_2_3\E_2_2_3_L_5\via_region_data.json
E_2_2_3_L_M_N_N_1970_18_2017.bmp308278,Alcohol,C:\PycharmProjects\Alcohol Detection\dataset\Grupo_2\E_2_2\Iritech\E_2_2_3\E_2_2_3_L_5\via_region_data.json
E_2_2_3_L_M_N_N_1970_19_2017.bmp308278,Alcohol,C:\PycharmProjects\Alcohol Detection\dataset\Grupo_2\E_2_2\Iritech\E_2_2_3\E_2_2_3_L_5\via_region_data.json
E_2_2_3_L_M_N_N_1970_20_2017.bmp308278,Alcohol,C:\PycharmProjects\Alcohol Detection\dataset\Grupo_2\E_2_2\Iritech\E_2_2_3\E_2_2_3_L_5\via_region_data.json
E_2_2_3_L_M_N_N_1970_21_2017.bmp308278,Alcohol,C:\PycharmProjects\Alcohol Detection\dataset\Grupo_2\E_2_2\Iritech\E_2_2_3\E_2_2_3_L_5\via_region_data.json
E_2_2_3_L_M_N_N_1970_22_2017.bmp308278,Alcohol,C:\PycharmProjects\Alcohol Detection\dataset\Grupo_2\E_2_2\Iritech\E_2_2_3\E_2_2_3_L_5\via_region_data.json
E_2_2_3_L_M_N_N_1970_23_2017.bmp308278,Alcohol,C:\PycharmProjects\Alcohol Detection\dataset\Grupo_2\E_2_2\Iritech\E_2_2_3\E_2_2_3_L_5\via_region_data.json
E_2_2_3_L_M_N_N_1970_24_2017.bmp308278,Alcohol,C:\PycharmProjects\Alcohol Detection\dataset\Grupo_2\E_2_2\Iritech\E_2_2_3\E_2_2_3_L_5\via_region_data.json
E_2_2_3_L_M_N_N_1970_25_2017.bmp308278,Alcohol,C:\PycharmProjects\Alcohol Detection\dataset\Grupo_2\E_2_2\Iritech\E_2_2_3\E_2_2_3_L_5\via_region_data.json
E_2_2_3_L_M_N_N_1970_26_2017.bmp308278,Alcohol,C:\PycharmProjects\Alcohol Detection\dataset\Grupo_2\E_2_2\Iritech\E_2_2_3\E_2_2_3_L_5\via_region_data.json
E_2_2_3_L_M_N_N_1970_27_2017.bmp308278,Alcohol,C:\PycharmProjects\Alcohol Detection\dataset\Grupo_2\E_2_2\Iritech\E_2_2_3\E_2_2_3_L_5\via_region_data.json
E_2_2_3_L_M_N_N_1970_28_2017.bmp308278,Alcohol,C:\PycharmProjects\Alcohol Detection\dataset\Grupo_2\E_2_2\Iritech\E_2_2_3\E_2_2_3_L_5\via_region_data.json
E_2_2_3_L_M_N_N_1970_29_2017.bmp308278,Alcohol,C:\PycharmProjects\Alcohol Detection\dataset\Grupo_2\E_2_2\Iritech\E_2_2_3\E_2_2_3_L_5\via_region_data.json
E_2_2_3_L_M_N_N_1970_30_2017.bmp308278,Alcohol,C:\PycharmProjects\Alcohol Detection\dataset\Grupo_2\E_2_2\Iritech\E_2_2_3\E_2_2_3_L_5\via_region_data.json
E_2_2_3_L_M_N_N_1970_31_2017.bmp308278,Alcohol,C:\PycharmProjects\Alcohol Detection\dataset\Grupo_2\E_2_2\Iritech\E_2_2_3\E_2_2_3_L_5\via_region_data.json
E_2_2_3_L_M_N_N_1970_32_2017.bmp308278,Alcohol,C:\PycharmProjects\Alcohol Detection\dataset\Grupo_2\E_2_2\Iritech\E_2_2_3\E_2_2_3_L_5\via_region_data.json
E_2_2_3_L_M_N_N_1970_33_2017.bmp308278,Alcohol,C:\PycharmProjects\Alcohol Detection\dataset\Grupo_2\E_2_2\Iritech\E_2_2_3\E_2_2_3_L_5\via_region_data.json
E_2_2_3_L_M_N_N_1970_34_2017.bmp308278,Alcohol,C:\PycharmProjects\Alcohol Detection\dataset\Grupo_2\E_2_2\Iritech\E_2_2_3\E_2_2_3_L_5\via_region_data.json
E_2_2_3_L_M_N_N_1970_35_2017.bmp308278,Alcohol,C:\PycharmProjects\Alcohol Detection\dataset\Grupo_2\E_2_2\Iritech\E_2_2_3\E_2_2_3_L_5\via_region_data.json
E_2_2_3_L_M_N_N_1970_36_2017.bmp308278,Alcohol,C:\PycharmProjects\Alcohol Detection\dataset\Grupo_2\E_2_2\Iritech\E_2_2_3\E_2_2_3_L_5\via_region_data.json
E_2_2_3_L_M_N_N_1970_37_2017.bmp308278,Alcohol,C:\PycharmProjects\Alcohol Detection\dataset\Grupo_2\E_2_2\Iritech\E_2_2_3\E_2_2_3_L_5\via_region_data.json
E_2_2_3_L_M_N_N_1970_38_2017.bmp308278,Alcohol,C:\PycharmProjects\Alcohol Detection\dataset\Grupo_2\E_2_2\Iritech\E_2_2_3\E_2_2_3_L_5\via_region_data.json
E_2_2_3_L_M_N_N_1970_39_2017.bmp308278,Alcohol,C:\PycharmProjects\Alcohol Detection\dataset\Grupo_2\E_2_2\Iritech\E_2_2_3\E_2_2_3_L_5\via_region_data.json
E_2_2_3_L_M_N_N_1970_40_2017.bmp308278,Alcohol,C:\PycharmProjects\Alcohol Detection\dataset\Grupo_2\E_2_2\Iritech\E_2_2_3\E_2_2_3_L_5\via_region_data.json
E_2_2_3_L_M_N_N_1970_41_2017.bmp308278,Alcohol,C:\PycharmProjects\Alcohol Detection\dataset\Grupo_2\E_2_2\Iritech\E_2_2_3\E_2_2_3_L_5\via_region_data.json
E_2_2_3_L_M_N_N_1970_42_2017.bmp308278,Alcohol,C:\PycharmProjects\Alcohol Detection\dataset\Grupo_2\E_2_2\Iritech\E_2_2_3\E_2_2_3_L_5\via_region_data.json
E_2_2_3_L_M_N_N_1970_43_2017.bmp308278,Alcohol,C:\PycharmProjects\Alcohol Detection\dataset\Grupo_2\E_2_2\Iritech\E_2_2_3\E_2_2_3_L_5\via_region_data.json
E_2_2_3_L_M_N_N_1970_44_2017.bmp308278,Alcohol,C:\PycharmProjects\Alcohol Detection\dataset\Grupo_2\E_2_2\Iritech\E_2_2_3\E_2_2_3_L_5\via_region_data.json
E_2_2_3_L_M_N_N_1970_45_2017.bmp308278,Alcohol,C:\PycharmProjects\Alcohol Detection\dataset\Grupo_2\E_2_2\Iritech\E_2_2_3\E_2_2_3_L_5\via_region_data.json
E_2_2_3_L_M_N_N_1970_46_2017.bmp308278,Alcohol,C:\PycharmProjects\Alcohol Detection\dataset\Grupo_2\E_2_2\Iritech\E_2_2_3\E_2_2_3_L_5\via_region_data.json
E_2_2_3_L_M_N_N_1970_47_2017.bmp308278,Alcohol,C:\PycharmProjects\Alcohol Detection\dataset\Grupo_2\E_2_2\Iritech\E_2_2_3\E_2_2_3_L_5\via_region_data.json
E_2_2_3_L_M_N_N_1970_48_2017.bmp308278,Alcohol,C:\PycharmProjects\Alcohol Detection\dataset\Grupo_2\E_2_2\Iritech\E_2_2_3\E_2_2_3_L_5\via_region_data.json
E_2_2_3_L_M_N_N_1970_49_2017.bmp308278,Alcohol,C:\PycharmProjects\Alcohol Detection\dataset\Grupo_2\E_2_2\Iritech\E_2_2_3\E_2_2_3_L_5\via_region_data.json
E_2_2_3_L_M_N_N_1970_50_2017.bmp308278,Alcohol,C:\PycharmProjects\Alcohol Detection\dataset\Grupo_2\E_2_2\Iritech\E_2_2_3\E_2_2_3_L_5\via_region_data.json
E_2_2_3_L_M_N_N_1970_51_2017.bmp308278,Alcohol,C:\PycharmProjects\Alcohol Detection\dataset\Grupo_2\E_2_2\Iritech\E_2_2_3\E_2_2_3_L_5\via_region_data.json
E_2_2_3_L_M_N_N_1970_52_2017.bmp308278,Alcohol,C:\PycharmProjects\Alcohol Detection\dataset\Grupo_2\E_2_2\Iritech\E_2_2_3\E_2_2_3_L_5\via_region_data.json
E_2_2_3_L_M_N_N_1970_53_2017.bmp308278,Alcohol,C:\PycharmProjects\Alcohol Detection\dataset\Grupo_2\E_2_2\Iritech\E_2_2_3\E_2_2_3_L_5\via_region_data.json
E_2_2_3_L_M_N_N_1970_54_2017.bmp308278,Alcohol,C:\PycharmProjects\Alcohol Detection\dataset\Grupo_2\E_2_2\Iritech\E_2_2_3\E_2_2_3_L_5\via_region_data.json
E_2_2_3_L_M_N_N_1970_55_2017.bmp308278,Alcohol,C:\PycharmProjects\Alcohol Detection\dataset\Grupo_2\E_2_2\Iritech\E_2_2_3\E_2_2_3_L_5\via_region_data.json
E_2_2_3_L_M_N_N_1970_56_2017.bmp308278,Alcohol,C:\PycharmProjects\Alcohol Detection\dataset\Grupo_2\E_2_2\Iritech\E_2_2_3\E_2_2_3_L_5\via_region_data.json
E_2_2_3_L_M_N_N_1970_57_2017.bmp308278,Alcohol,C:\PycharmProjects\Alcohol Detection\dataset\Grupo_2\E_2_2\Iritech\E_2_2_3\E_2_2_3_L_5\via_region_data.json
E_2_2_3_L_M_N_N_1970_58_2017.bmp308278,Alcohol,C:\PycharmProjects\Alcohol Detection\dataset\Grupo_2\E_2_2\Iritech\E_2_2_3\E_2_2_3_L_5\via_region_data.json
E_2_2_3_L_M_N_N_1970_59_2017.bmp308278,Alcohol,C:\PycharmProjects\Alcohol Detection\dataset\Grupo_2\E_2_2\Iritech\E_2_2_3\E_2_2_3_L_5\via_region_data.json
E_2_2_3_L_M_N_N_1970_60_2017.bmp308278,Alcohol,C:\PycharmProjects\Alcohol Detection\dataset\Grupo_2\E_2_2\Iritech\E_2_2_3\E_2_2_3_L_5\via_region_data.json
E_2_2_3_L_M_N_N_1970_61_2017.bmp308278,Alcohol,C:\PycharmProjects\Alcohol Detection\dataset\Grupo_2\E_2_2\Iritech\E_2_2_3\E_2_2_3_L_5\via_region_data.json
E_2_2_3_L_M_N_N_1970_62_2017.bmp308278,Alcohol,C:\PycharmProjects\Alcohol Detection\dataset\Grupo_2\E_2_2\Iritech\E_2_2_3\E_2_2_3_L_5\via_region_data.json
E_2_2_3_L_M_N_N_1970_63_2017.bmp308278,Alcohol,C:\PycharmProjects\Alcohol Detection\dataset\Grupo_2\E_2_2\Iritech\E_2_2_3\E_2_2_3_L_5\via_region_data.json
E_2_2_3_L_M_N_N_1970_64_2017.bmp308278,Alcohol,C:\PycharmProjects\Alcohol Detection\dataset\Grupo_2\E_2_2\Iritech\E_2_2_3\E_2_2_3_L_5\via_region_data.json
E_2_2_3_L_M_N_N_1970_65_2017.bmp308278,Alcohol,C:\PycharmProjects\Alcohol Detection\dataset\Grupo_2\E_2_2\Iritech\E_2_2_3\E_2_2_3_L_5\via_region_data.json
E_2_2_3_L_M_N_N_1970_66_2017.bmp308278,Alcohol,C:\PycharmProjects\Alcohol Detection\dataset\Grupo_2\E_2_2\Iritech\E_2_2_3\E_2_2_3_L_5\via_region_data.json
E_2_2_3_L_M_N_N_1970_67_2017.bmp308278,Alcohol,C:\PycharmProjects\Alcohol Detection\dataset\Grupo_2\E_2_2\Iritech\E_2_2_3\E_2_2_3_L_5\via_region_data.json
E_2_2_3_L_M_N_N_1970_68_2017.bmp308278,Alcohol,C:\PycharmProjects\Alcohol Detection\dataset\Grupo_2\E_2_2\Iritech\E_2_2_3\E_2_2_3_L_5\via_region_data.json
E_2_2_3_L_M_N_N_1970_69_2017.bmp308278,Alcohol,C:\PycharmProjects\Alcohol Detection\dataset\Grupo_2\E_2_2\Iritech\E_2_2_3\E_2_2_3_L_5\via_region_data.json
E_2_2_3_L_M_N_N_1970_70_2017.bmp308278,Alcohol,C:\PycharmProjects\Alcohol Detection\dataset\Grupo_2\E_2_2\Iritech\E_2_2_3\E_2_2_3_L_5\via_region_data.json
E_2_2_3_L_M_N_N_1970_71_2017.bmp308278,Alcohol,C:\PycharmProjects\Alcohol Detection\dataset\Grupo_2\E_2_2\Iritech\E_2_2_3\E_2_2_3_L_5\via_region_data.json
E_2_2_3_L_M_N_N_1970_72_2017.bmp308278,Alcohol,C:\PycharmProjects\Alcohol Detection\dataset\Grupo_2\E_2_2\Iritech\E_2_2_3\E_2_2_3_L_5\via_region_data.json
E_2_2_3_L_M_N_N_1970_73_2017.bmp308278,Alcohol,C:\PycharmProjects\Alcohol Detection\dataset\Grupo_2\E_2_2\Iritech\E_2_2_3\E_2_2_3_L_5\via_region_data.json
E_2_2_3_L_M_N_N_1970_74_2017.bmp308278,Alcohol,C:\PycharmProjects\Alcohol Detection\dataset\Grupo_2\E_2_2\Iritech\E_2_2_3\E_2_2_3_L_5\via_region_data.json
E_2_2_3_L_M_N_N_1970_75_2017.bmp308278,Alcohol,C:\PycharmProjects\Alcohol Detection\dataset\Grupo_2\E_2_2\Iritech\E_2_2_3\E_2_2_3_L_5\via_region_data.json
E_2_2_3_L_M_N_N_1970_76_2017.bmp308278,Alcohol,C:\PycharmProjects\Alcohol Detection\dataset\Grupo_2\E_2_2\Iritech\E_2_2_3\E_2_2_3_L_5\via_region_data.json
E_2_2_3_L_M_N_N_1970_77_2017.bmp308278,Alcohol,C:\PycharmProjects\Alcohol Detection\dataset\Grupo_2\E_2_2\Iritech\E_2_2_3\E_2_2_3_L_5\via_region_data.json
E_2_2_3_R_M_N_N_1970_0_2017.bmp308278,Non-Alcohol,C:\PycharmProjects\Alcohol Detection\dataset\Grupo_2\E_2_2\Iritech\E_2_2_3\E_2_2_3_R_5\via_region_data.json
E_2_2_3_R_M_N_N_1970_1_2017.bmp308278,Alcohol,C:\PycharmProjects\Alcohol Detection\dataset\Grupo_2\E_2_2\Iritech\E_2_2_3\E_2_2_3_R_5\via_region_data.json
E_2_2_3_R_M_N_N_1970_2_2017.bmp308278,Alcohol,C:\PycharmProjects\Alcohol Detection\dataset\Grupo_2\E_2_2\Iritech\E_2_2_3\E_2_2_3_R_5\via_region_data.json
E_2_2_3_R_M_N_N_1970_3_2017.bmp308278,Alcohol,C:\PycharmProjects\Alcohol Detection\dataset\Grupo_2\E_2_2\Iritech\E_2_2_3\E_2_2_3_R_5\via_region_data.json
E_2_2_3_R_M_N_N_1970_4_2017.bmp308278,Alcohol,C:\PycharmProjects\Alcohol Detection\dataset\Grupo_2\E_2_2\Iritech\E_2_2_3\E_2_2_3_R_5\via_region_data.json
E_2_2_3_R_M_N_N_1970_5_2017.bmp308278,Alcohol,C:\PycharmProjects\Alcohol Detection\dataset\Grupo_2\E_2_2\Iritech\E_2_2_3\E_2_2_3_R_5\via_region_data.json
E_2_2_3_R_M_N_N_1970_6_2017.bmp308278,Alcohol,C:\PycharmProjects\Alcohol Detection\dataset\Grupo_2\E_2_2\Iritech\E_2_2_3\E_2_2_3_R_5\via_region_data.json
E_2_2_3_R_M_N_N_1970_7_2017.bmp308278,Alcohol,C:\PycharmProjects\Alcohol Detection\dataset\Grupo_2\E_2_2\Iritech\E_2_2_3\E_2_2_3_R_5\via_region_data.json
E_2_2_3_R_M_N_N_1970_8_2017.bmp308278,Alcohol,C:\PycharmProjects\Alcohol Detection\dataset\Grupo_2\E_2_2\Iritech\E_2_2_3\E_2_2_3_R_5\via_region_data.json
E_2_2_3_R_M_N_N_1970_9_2017.bmp308278,Alcohol,C:\PycharmProjects\Alcohol Detection\dataset\Grupo_2\E_2_2\Iritech\E_2_2_3\E_2_2_3_R_5\via_region_data.json
E_2_2_3_R_M_N_N_1970_10_2017.bmp308278,Alcohol,C:\PycharmProjects\Alcohol Detection\dataset\Grupo_2\E_2_2\Iritech\E_2_2_3\E_2_2_3_R_5\via_region_data.json
E_2_2_3_R_M_N_N_1970_11_2017.bmp308278,Alcohol,C:\PycharmProjects\Alcohol Detection\dataset\Grupo_2\E_2_2\Iritech\E_2_2_3\E_2_2_3_R_5\via_region_data.json
E_2_2_3_R_M_N_N_1970_12_2017.bmp308278,Alcohol,C:\PycharmProjects\Alcohol Detection\dataset\Grupo_2\E_2_2\Iritech\E_2_2_3\E_2_2_3_R_5\via_region_data.json
E_2_2_3_R_M_N_N_1970_13_2017.bmp308278,Alcohol,C:\PycharmProjects\Alcohol Detection\dataset\Grupo_2\E_2_2\Iritech\E_2_2_3\E_2_2_3_R_5\via_region_data.json
E_2_2_3_R_M_N_N_1970_14_2017.bmp308278,Alcohol,C:\PycharmProjects\Alcohol Detection\dataset\Grupo_2\E_2_2\Iritech\E_2_2_3\E_2_2_3_R_5\via_region_data.json
E_2_2_3_R_M_N_N_1970_15_2017.bmp308278,Alcohol,C:\PycharmProjects\Alcohol Detection\dataset\Grupo_2\E_2_2\Iritech\E_2_2_3\E_2_2_3_R_5\via_region_data.json
E_2_2_3_R_M_N_N_1970_16_2017.bmp308278,Alcohol,C:\PycharmProjects\Alcohol Detection\dataset\Grupo_2\E_2_2\Iritech\E_2_2_3\E_2_2_3_R_5\via_region_data.json
E_2_2_3_R_M_N_N_1970_17_2017.bmp308278,Alcohol,C:\PycharmProjects\Alcohol Detection\dataset\Grupo_2\E_2_2\Iritech\E_2_2_3\E_2_2_3_R_5\via_region_data.json
E_2_2_3_R_M_N_N_1970_18_2017.bmp308278,Alcohol,C:\PycharmProjects\Alcohol Detection\dataset\Grupo_2\E_2_2\Iritech\E_2_2_3\E_2_2_3_R_5\via_region_data.json
E_2_2_3_R_M_N_N_1970_19_2017.bmp308278,Alcohol,C:\PycharmProjects\Alcohol Detection\dataset\Grupo_2\E_2_2\Iritech\E_2_2_3\E_2_2_3_R_5\via_region_data.json
E_2_2_3_R_M_N_N_1970_20_2017.bmp308278,Alcohol,C:\PycharmProjects\Alcohol Detection\dataset\Grupo_2\E_2_2\Iritech\E_2_2_3\E_2_2_3_R_5\via_region_data.json
E_2_2_3_R_M_N_N_1970_21_2017.bmp308278,Alcohol,C:\PycharmProjects\Alcohol Detection\dataset\Grupo_2\E_2_2\Iritech\E_2_2_3\E_2_2_3_R_5\via_region_data.json
E_2_2_3_R_M_N_N_1970_22_2017.bmp308278,Alcohol,C:\PycharmProjects\Alcohol Detection\dataset\Grupo_2\E_2_2\Iritech\E_2_2_3\E_2_2_3_R_5\via_region_data.json
E_2_2_3_R_M_N_N_1970_23_2017.bmp308278,Alcohol,C:\PycharmProjects\Alcohol Detection\dataset\Grupo_2\E_2_2\Iritech\E_2_2_3\E_2_2_3_R_5\via_region_data.json
E_2_2_3_R_M_N_N_1970_24_2017.bmp308278,Alcohol,C:\PycharmProjects\Alcohol Detection\dataset\Grupo_2\E_2_2\Iritech\E_2_2_3\E_2_2_3_R_5\via_region_data.json
E_2_2_3_R_M_N_N_1970_25_2017.bmp308278,Alcohol,C:\PycharmProjects\Alcohol Detection\dataset\Grupo_2\E_2_2\Iritech\E_2_2_3\E_2_2_3_R_5\via_region_data.json
E_2_2_3_R_M_N_N_1970_26_2017.bmp308278,Alcohol,C:\PycharmProjects\Alcohol Detection\dataset\Grupo_2\E_2_2\Iritech\E_2_2_3\E_2_2_3_R_5\via_region_data.json
E_2_2_3_R_M_N_N_1970_27_2017.bmp308278,Alcohol,C:\PycharmProjects\Alcohol Detection\dataset\Grupo_2\E_2_2\Iritech\E_2_2_3\E_2_2_3_R_5\via_region_data.json
E_2_2_3_R_M_N_N_1970_28_2017.bmp308278,Alcohol,C:\PycharmProjects\Alcohol Detection\dataset\Grupo_2\E_2_2\Iritech\E_2_2_3\E_2_2_3_R_5\via_region_data.json
E_2_2_3_R_M_N_N_1970_29_2017.bmp308278,Alcohol,C:\PycharmProjects\Alcohol Detection\dataset\Grupo_2\E_2_2\Iritech\E_2_2_3\E_2_2_3_R_5\via_region_data.json
E_2_2_3_R_M_N_N_1970_30_2017.bmp308278,Alcohol,C:\PycharmProjects\Alcohol Detection\dataset\Grupo_2\E_2_2\Iritech\E_2_2_3\E_2_2_3_R_5\via_region_data.json
E_2_2_3_R_M_N_N_1970_31_2017.bmp308278,Alcohol,C:\PycharmProjects\Alcohol Detection\dataset\Grupo_2\E_2_2\Iritech\E_2_2_3\E_2_2_3_R_5\via_region_data.json
E_2_2_3_R_M_N_N_1970_32_2017.bmp308278,Alcohol,C:\PycharmProjects\Alcohol Detection\dataset\Grupo_2\E_2_2\Iritech\E_2_2_3\E_2_2_3_R_5\via_region_data.json
E_2_2_3_R_M_N_N_1970_33_2017.bmp308278,Alcohol,C:\PycharmProjects\Alcohol Detection\dataset\Grupo_2\E_2_2\Iritech\E_2_2_3\E_2_2_3_R_5\via_region_data.json
E_2_2_3_R_M_N_N_1970_34_2017.bmp308278,Alcohol,C:\PycharmProjects\Alcohol Detection\dataset\Grupo_2\E_2_2\Iritech\E_2_2_3\E_2_2_3_R_5\via_region_data.json
E_2_2_3_R_M_N_N_1970_35_2017.bmp308278,Alcohol,C:\PycharmProjects\Alcohol Detection\dataset\Grupo_2\E_2_2\Iritech\E_2_2_3\E_2_2_3_R_5\via_region_data.json
E_2_2_3_R_M_N_N_1970_36_2017.bmp308278,Alcohol,C:\PycharmProjects\Alcohol Detection\dataset\Grupo_2\E_2_2\Iritech\E_2_2_3\E_2_2_3_R_5\via_region_data.json
E_2_2_3_R_M_N_N_1970_37_2017.bmp308278,Alcohol,C:\PycharmProjects\Alcohol Detection\dataset\Grupo_2\E_2_2\Iritech\E_2_2_3\E_2_2_3_R_5\via_region_data.json
E_2_2_3_R_M_N_N_1970_38_2017.bmp308278,Alcohol,C:\PycharmProjects\Alcohol Detection\dataset\Grupo_2\E_2_2\Iritech\E_2_2_3\E_2_2_3_R_5\via_region_data.json
E_2_2_3_R_M_N_N_1970_39_2017.bmp308278,Alcohol,C:\PycharmProjects\Alcohol Detection\dataset\Grupo_2\E_2_2\Iritech\E_2_2_3\E_2_2_3_R_5\via_region_data.json
E_2_2_3_R_M_N_N_1970_40_2017.bmp308278,Alcohol,C:\PycharmProjects\Alcohol Detection\dataset\Grupo_2\E_2_2\Iritech\E_2_2_3\E_2_2_3_R_5\via_region_data.json
E_2_2_3_R_M_N_N_1970_41_2017.bmp308278,Alcohol,C:\PycharmProjects\Alcohol Detection\dataset\Grupo_2\E_2_2\Iritech\E_2_2_3\E_2_2_3_R_5\via_region_data.json
E_2_2_3_R_M_N_N_1970_42_2017.bmp308278,Alcohol,C:\PycharmProjects\Alcohol Detection\dataset\Grupo_2\E_2_2\Iritech\E_2_2_3\E_2_2_3_R_5\via_region_data.json
E_2_2_3_R_M_N_N_1970_43_2017.bmp308278,Alcohol,C:\PycharmProjects\Alcohol Detection\dataset\Grupo_2\E_2_2\Iritech\E_2_2_3\E_2_2_3_R_5\via_region_data.json
E_2_2_3_R_M_N_N_1970_44_2017.bmp308278,Alcohol,C:\PycharmProjects\Alcohol Detection\dataset\Grupo_2\E_2_2\Iritech\E_2_2_3\E_2_2_3_R_5\via_region_data.json
E_2_2_3_R_M_N_N_1970_45_2017.bmp308278,Alcohol,C:\PycharmProjects\Alcohol Detection\dataset\Grupo_2\E_2_2\Iritech\E_2_2_3\E_2_2_3_R_5\via_region_data.json
E_2_2_3_R_M_N_N_1970_46_2017.bmp308278,Alcohol,C:\PycharmProjects\Alcohol Detection\dataset\Grupo_2\E_2_2\Iritech\E_2_2_3\E_2_2_3_R_5\via_region_data.json
E_2_2_3_R_M_N_N_1970_47_2017.bmp308278,Alcohol,C:\PycharmProjects\Alcohol Detection\dataset\Grupo_2\E_2_2\Iritech\E_2_2_3\E_2_2_3_R_5\via_region_data.json
E_2_2_3_R_M_N_N_1970_48_2017.bmp308278,Alcohol,C:\PycharmProjects\Alcohol Detection\dataset\Grupo_2\E_2_2\Iritech\E_2_2_3\E_2_2_3_R_5\via_region_data.json
E_2_2_3_R_M_N_N_1970_49_2017.bmp308278,Alcohol,C:\PycharmProjects\Alcohol Detection\dataset\Grupo_2\E_2_2\Iritech\E_2_2_3\E_2_2_3_R_5\via_region_data.json
E_2_2_3_R_M_N_N_1970_50_2017.bmp308278,Alcohol,C:\PycharmProjects\Alcohol Detection\dataset\Grupo_2\E_2_2\Iritech\E_2_2_3\E_2_2_3_R_5\via_region_data.json
E_2_2_3_R_M_N_N_1970_51_2017.bmp308278,Alcohol,C:\PycharmProjects\Alcohol Detection\dataset\Grupo_2\E_2_2\Iritech\E_2_2_3\E_2_2_3_R_5\via_region_data.json
E_2_2_3_R_M_N_N_1970_52_2017.bmp308278,Alcohol,C:\PycharmProjects\Alcohol Detection\dataset\Grupo_2\E_2_2\Iritech\E_2_2_3\E_2_2_3_R_5\via_region_data.json
E_2_2_3_R_M_N_N_1970_53_2017.bmp308278,Alcohol,C:\PycharmProjects\Alcohol Detection\dataset\Grupo_2\E_2_2\Iritech\E_2_2_3\E_2_2_3_R_5\via_region_data.json
E_2_2_3_R_M_N_N_1970_54_2017.bmp308278,Alcohol,C:\PycharmProjects\Alcohol Detection\dataset\Grupo_2\E_2_2\Iritech\E_2_2_3\E_2_2_3_R_5\via_region_data.json
E_2_2_3_R_M_N_N_1970_55_2017.bmp308278,Alcohol,C:\PycharmProjects\Alcohol Detection\dataset\Grupo_2\E_2_2\Iritech\E_2_2_3\E_2_2_3_R_5\via_region_data.json
E_2_2_3_R_M_N_N_1970_56_2017.bmp308278,Alcohol,C:\PycharmProjects\Alcohol Detection\dataset\Grupo_2\E_2_2\Iritech\E_2_2_3\E_2_2_3_R_5\via_region_data.json
E_2_2_3_R_M_N_N_1970_57_2017.bmp308278,Alcohol,C:\PycharmProjects\Alcohol Detection\dataset\Grupo_2\E_2_2\Iritech\E_2_2_3\E_2_2_3_R_5\via_region_data.json
E_2_2_3_R_M_N_N_1970_58_2017.bmp308278,Alcohol,C:\PycharmProjects\Alcohol Detection\dataset\Grupo_2\E_2_2\Iritech\E_2_2_3\E_2_2_3_R_5\via_region_data.json
E_2_2_3_R_M_N_N_1970_59_2017.bmp308278,Alcohol,C:\PycharmProjects\Alcohol Detection\dataset\Grupo_2\E_2_2\Iritech\E_2_2_3\E_2_2_3_R_5\via_region_data.json
E_2_2_3_R_M_N_N_1970_60_2017.bmp308278,Alcohol,C:\PycharmProjects\Alcohol Detection\dataset\Grupo_2\E_2_2\Iritech\E_2_2_3\E_2_2_3_R_5\via_region_data.json
E_2_2_3_R_M_N_N_1970_61_2017.bmp308278,Alcohol,C:\PycharmProjects\Alcohol Detection\dataset\Grupo_2\E_2_2\Iritech\E_2_2_3\E_2_2_3_R_5\via_region_data.json
E_2_2_3_R_M_N_N_1970_62_2017.bmp308278,Alcohol,C:\PycharmProjects\Alcohol Detection\dataset\Grupo_2\E_2_2\Iritech\E_2_2_3\E_2_2_3_R_5\via_region_data.json
E_2_2_3_R_M_N_N_1970_63_2017.bmp308278,Alcohol,C:\PycharmProjects\Alcohol Detection\dataset\Grupo_2\E_2_2\Iritech\E_2_2_3\E_2_2_3_R_5\via_region_data.json
E_2_2_3_R_M_N_N_1970_64_2017.bmp308278,Alcohol,C:\PycharmProjects\Alcohol Detection\dataset\Grupo_2\E_2_2\Iritech\E_2_2_3\E_2_2_3_R_5\via_region_data.json
E_2_2_3_R_M_N_N_1970_65_2017.bmp308278,Alcohol,C:\PycharmProjects\Alcohol Detection\dataset\Grupo_2\E_2_2\Iritech\E_2_2_3\E_2_2_3_R_5\via_region_data.json
E_2_2_3_R_M_N_N_1970_66_2017.bmp308278,Alcohol,C:\PycharmProjects\Alcohol Detection\dataset\Grupo_2\E_2_2\Iritech\E_2_2_3\E_2_2_3_R_5\via_region_data.json
E_2_2_3_R_M_N_N_1970_67_2017.bmp308278,Alcohol,C:\PycharmProjects\Alcohol Detection\dataset\Grupo_2\E_2_2\Iritech\E_2_2_3\E_2_2_3_R_5\via_region_data.json
E_2_2_3_R_M_N_N_1970_68_2017.bmp308278,Alcohol,C:\PycharmProjects\Alcohol Detection\dataset\Grupo_2\E_2_2\Iritech\E_2_2_3\E_2_2_3_R_5\via_region_data.json
E_2_2_3_R_M_N_N_1970_69_2017.bmp308278,Alcohol,C:\PycharmProjects\Alcohol Detection\dataset\Grupo_2\E_2_2\Iritech\E_2_2_3\E_2_2_3_R_5\via_region_data.json
E_2_2_3_R_M_N_N_1970_70_2017.bmp308278,Alcohol,C:\PycharmProjects\Alcohol Detection\dataset\Grupo_2\E_2_2\Iritech\E_2_2_3\E_2_2_3_R_5\via_region_data.json
E_2_2_3_R_M_N_N_1970_71_2017.bmp308278,Alcohol,C:\PycharmProjects\Alcohol Detection\dataset\Grupo_2\E_2_2\Iritech\E_2_2_3\E_2_2_3_R_5\via_region_data.json
E_2_2_3_R_M_N_N_1970_72_2017.bmp308278,Alcohol,C:\PycharmProjects\Alcohol Detection\dataset\Grupo_2\E_2_2\Iritech\E_2_2_3\E_2_2_3_R_5\via_region_data.json
E_2_2_3_R_M_N_N_1970_73_2017.bmp308278,Alcohol,C:\PycharmProjects\Alcohol Detection\dataset\Grupo_2\E_2_2\Iritech\E_2_2_3\E_2_2_3_R_5\via_region_data.json
E_2_2_3_R_M_N_N_1970_74_2017.bmp308278,Alcohol,C:\PycharmProjects\Alcohol Detection\dataset\Grupo_2\E_2_2\Iritech\E_2_2_3\E_2_2_3_R_5\via_region_data.json
E_2_2_3_R_M_N_N_1970_75_2017.bmp308278,Alcohol,C:\PycharmProjects\Alcohol Detection\dataset\Grupo_2\E_2_2\Iritech\E_2_2_3\E_2_2_3_R_5\via_region_data.json
E_2_2_3_R_M_N_N_1970_76_2017.bmp308278,Alcohol,C:\PycharmProjects\Alcohol Detection\dataset\Grupo_2\E_2_2\Iritech\E_2_2_3\E_2_2_3_R_5\via_region_data.json
E_2_2_3_R_M_N_N_1970_77_2017.bmp308278,Alcohol,C:\PycharmProjects\Alcohol Detection\dataset\Grupo_2\E_2_2\Iritech\E_2_2_3\E_2_2_3_R_5\via_region_data.json
E_2_2_3_R_M_N_N_1970_78_2017.bmp308278,Alcohol,C:\PycharmProjects\Alcohol Detection\dataset\Grupo_2\E_2_2\Iritech\E_2_2_3\E_2_2_3_R_5\via_region_data.json
E_2_2_3_R_M_N_N_1970_79_2017.bmp308278,Alcohol,C:\PycharmProjects\Alcohol Detection\dataset\Grupo_2\E_2_2\Iritech\E_2_2_3\E_2_2_3_R_5\via_region_data.json
E_2_2_4_L_M_N_N_1970_0_2017.bmp308278,Non-Alcohol,C:\PycharmProjects\Alcohol Detection\dataset\Grupo_2\E_2_2\Iritech\E_2_2_4\via_region_data.json
E_2_2_4_R_M_N_N_1970_0_2017.bmp308278,Non-Alcohol,C:\PycharmProjects\Alcohol Detection\dataset\Grupo_2\E_2_2\Iritech\E_2_2_4\via_region_data.json
E_2_2_4_L_M_N_N_1970_0_2017.bmp308278,Non-Alcohol,C:\PycharmProjects\Alcohol Detection\dataset\Grupo_2\E_2_2\Iritech\E_2_2_4\E_2_2_4_L_5\via_region_data.json
E_2_2_4_L_M_N_N_1970_1_2017.bmp308278,Alcohol,C:\PycharmProjects\Alcohol Detection\dataset\Grupo_2\E_2_2\Iritech\E_2_2_4\E_2_2_4_L_5\via_region_data.json
E_2_2_4_L_M_N_N_1970_2_2017.bmp308278,Alcohol,C:\PycharmProjects\Alcohol Detection\dataset\Grupo_2\E_2_2\Iritech\E_2_2_4\E_2_2_4_L_5\via_region_data.json
E_2_2_4_L_M_N_N_1970_3_2017.bmp308278,Alcohol,C:\PycharmProjects\Alcohol Detection\dataset\Grupo_2\E_2_2\Iritech\E_2_2_4\E_2_2_4_L_5\via_region_data.json
E_2_2_4_L_M_N_N_1970_4_2017.bmp308278,Alcohol,C:\PycharmProjects\Alcohol Detection\dataset\Grupo_2\E_2_2\Iritech\E_2_2_4\E_2_2_4_L_5\via_region_data.json
E_2_2_4_L_M_N_N_1970_5_2017.bmp308278,Alcohol,C:\PycharmProjects\Alcohol Detection\dataset\Grupo_2\E_2_2\Iritech\E_2_2_4\E_2_2_4_L_5\via_region_data.json
E_2_2_4_L_M_N_N_1970_6_2017.bmp308278,Alcohol,C:\PycharmProjects\Alcohol Detection\dataset\Grupo_2\E_2_2\Iritech\E_2_2_4\E_2_2_4_L_5\via_region_data.json
E_2_2_4_L_M_N_N_1970_7_2017.bmp308278,Alcohol,C:\PycharmProjects\Alcohol Detection\dataset\Grupo_2\E_2_2\Iritech\E_2_2_4\E_2_2_4_L_5\via_region_data.json
E_2_2_4_L_M_N_N_1970_8_2017.bmp308278,Alcohol,C:\PycharmProjects\Alcohol Detection\dataset\Grupo_2\E_2_2\Iritech\E_2_2_4\E_2_2_4_L_5\via_region_data.json
E_2_2_4_L_M_N_N_1970_9_2017.bmp308278,Alcohol,C:\PycharmProjects\Alcohol Detection\dataset\Grupo_2\E_2_2\Iritech\E_2_2_4\E_2_2_4_L_5\via_region_data.json
E_2_2_4_L_M_N_N_1970_10_2017.bmp308278,Alcohol,C:\PycharmProjects\Alcohol Detection\dataset\Grupo_2\E_2_2\Iritech\E_2_2_4\E_2_2_4_L_5\via_region_data.json
E_2_2_4_L_M_N_N_1970_11_2017.bmp308278,Alcohol,C:\PycharmProjects\Alcohol Detection\dataset\Grupo_2\E_2_2\Iritech\E_2_2_4\E_2_2_4_L_5\via_region_data.json
E_2_2_4_L_M_N_N_1970_12_2017.bmp308278,Alcohol,C:\PycharmProjects\Alcohol Detection\dataset\Grupo_2\E_2_2\Iritech\E_2_2_4\E_2_2_4_L_5\via_region_data.json
E_2_2_4_L_M_N_N_1970_13_2017.bmp308278,Alcohol,C:\PycharmProjects\Alcohol Detection\dataset\Grupo_2\E_2_2\Iritech\E_2_2_4\E_2_2_4_L_5\via_region_data.json
E_2_2_4_L_M_N_N_1970_14_2017.bmp308278,Alcohol,C:\PycharmProjects\Alcohol Detection\dataset\Grupo_2\E_2_2\Iritech\E_2_2_4\E_2_2_4_L_5\via_region_data.json
E_2_2_4_L_M_N_N_1970_15_2017.bmp308278,Alcohol,C:\PycharmProjects\Alcohol Detection\dataset\Grupo_2\E_2_2\Iritech\E_2_2_4\E_2_2_4_L_5\via_region_data.json
E_2_2_4_L_M_N_N_1970_16_2017.bmp308278,Alcohol,C:\PycharmProjects\Alcohol Detection\dataset\Grupo_2\E_2_2\Iritech\E_2_2_4\E_2_2_4_L_5\via_region_data.json
E_2_2_4_L_M_N_N_1970_17_2017.bmp308278,Alcohol,C:\PycharmProjects\Alcohol Detection\dataset\Grupo_2\E_2_2\Iritech\E_2_2_4\E_2_2_4_L_5\via_region_data.json
E_2_2_4_L_M_N_N_1970_18_2017.bmp308278,Alcohol,C:\PycharmProjects\Alcohol Detection\dataset\Grupo_2\E_2_2\Iritech\E_2_2_4\E_2_2_4_L_5\via_region_data.json
E_2_2_4_L_M_N_N_1970_19_2017.bmp308278,Alcohol,C:\PycharmProjects\Alcohol Detection\dataset\Grupo_2\E_2_2\Iritech\E_2_2_4\E_2_2_4_L_5\via_region_data.json
E_2_2_4_L_M_N_N_1970_20_2017.bmp308278,Alcohol,C:\PycharmProjects\Alcohol Detection\dataset\Grupo_2\E_2_2\Iritech\E_2_2_4\E_2_2_4_L_5\via_region_data.json
E_2_2_4_L_M_N_N_1970_21_2017.bmp308278,Alcohol,C:\PycharmProjects\Alcohol Detection\dataset\Grupo_2\E_2_2\Iritech\E_2_2_4\E_2_2_4_L_5\via_region_data.json
E_2_2_4_L_M_N_N_1970_22_2017.bmp308278,Alcohol,C:\PycharmProjects\Alcohol Detection\dataset\Grupo_2\E_2_2\Iritech\E_2_2_4\E_2_2_4_L_5\via_region_data.json
E_2_2_4_L_M_N_N_1970_23_2017.bmp308278,Alcohol,C:\PycharmProjects\Alcohol Detection\dataset\Grupo_2\E_2_2\Iritech\E_2_2_4\E_2_2_4_L_5\via_region_data.json
E_2_2_4_L_M_N_N_1970_24_2017.bmp308278,Alcohol,C:\PycharmProjects\Alcohol Detection\dataset\Grupo_2\E_2_2\Iritech\E_2_2_4\E_2_2_4_L_5\via_region_data.json
E_2_2_4_L_M_N_N_1970_25_2017.bmp308278,Alcohol,C:\PycharmProjects\Alcohol Detection\dataset\Grupo_2\E_2_2\Iritech\E_2_2_4\E_2_2_4_L_5\via_region_data.json
E_2_2_4_L_M_N_N_1970_26_2017.bmp308278,Alcohol,C:\PycharmProjects\Alcohol Detection\dataset\Grupo_2\E_2_2\Iritech\E_2_2_4\E_2_2_4_L_5\via_region_data.json
E_2_2_4_L_M_N_N_1970_27_2017.bmp308278,Alcohol,C:\PycharmProjects\Alcohol Detection\dataset\Grupo_2\E_2_2\Iritech\E_2_2_4\E_2_2_4_L_5\via_region_data.json
E_2_2_4_L_M_N_N_1970_28_2017.bmp308278,Alcohol,C:\PycharmProjects\Alcohol Detection\dataset\Grupo_2\E_2_2\Iritech\E_2_2_4\E_2_2_4_L_5\via_region_data.json
E_2_2_4_L_M_N_N_1970_29_2017.bmp308278,Alcohol,C:\PycharmProjects\Alcohol Detection\dataset\Grupo_2\E_2_2\Iritech\E_2_2_4\E_2_2_4_L_5\via_region_data.json
E_2_2_4_L_M_N_N_1970_30_2017.bmp308278,Alcohol,C:\PycharmProjects\Alcohol Detection\dataset\Grupo_2\E_2_2\Iritech\E_2_2_4\E_2_2_4_L_5\via_region_data.json
E_2_2_4_L_M_N_N_1970_31_2017.bmp308278,Alcohol,C:\PycharmProjects\Alcohol Detection\dataset\Grupo_2\E_2_2\Iritech\E_2_2_4\E_2_2_4_L_5\via_region_data.json
E_2_2_4_L_M_N_N_1970_32_2017.bmp308278,Alcohol,C:\PycharmProjects\Alcohol Detection\dataset\Grupo_2\E_2_2\Iritech\E_2_2_4\E_2_2_4_L_5\via_region_data.json
E_2_2_4_L_M_N_N_1970_33_2017.bmp308278,Alcohol,C:\PycharmProjects\Alcohol Detection\dataset\Grupo_2\E_2_2\Iritech\E_2_2_4\E_2_2_4_L_5\via_region_data.json
E_2_2_4_L_M_N_N_1970_34_2017.bmp308278,Alcohol,C:\PycharmProjects\Alcohol Detection\dataset\Grupo_2\E_2_2\Iritech\E_2_2_4\E_2_2_4_L_5\via_region_data.json
E_2_2_4_L_M_N_N_1970_35_2017.bmp308278,Alcohol,C:\PycharmProjects\Alcohol Detection\dataset\Grupo_2\E_2_2\Iritech\E_2_2_4\E_2_2_4_L_5\via_region_data.json
E_2_2_4_L_M_N_N_1970_36_2017.bmp308278,Alcohol,C:\PycharmProjects\Alcohol Detection\dataset\Grupo_2\E_2_2\Iritech\E_2_2_4\E_2_2_4_L_5\via_region_data.json
E_2_2_4_L_M_N_N_1970_37_2017.bmp308278,Alcohol,C:\PycharmProjects\Alcohol Detection\dataset\Grupo_2\E_2_2\Iritech\E_2_2_4\E_2_2_4_L_5\via_region_data.json
E_2_2_4_L_M_N_N_1970_38_2017.bmp308278,Alcohol,C:\PycharmProjects\Alcohol Detection\dataset\Grupo_2\E_2_2\Iritech\E_2_2_4\E_2_2_4_L_5\via_region_data.json
E_2_2_4_L_M_N_N_1970_39_2017.bmp308278,Alcohol,C:\PycharmProjects\Alcohol Detection\dataset\Grupo_2\E_2_2\Iritech\E_2_2_4\E_2_2_4_L_5\via_region_data.json
E_2_2_4_L_M_N_N_1970_40_2017.bmp308278,Alcohol,C:\PycharmProjects\Alcohol Detection\dataset\Grupo_2\E_2_2\Iritech\E_2_2_4\E_2_2_4_L_5\via_region_data.json
E_2_2_4_L_M_N_N_1970_41_2017.bmp308278,Alcohol,C:\PycharmProjects\Alcohol Detection\dataset\Grupo_2\E_2_2\Iritech\E_2_2_4\E_2_2_4_L_5\via_region_data.json
E_2_2_4_L_M_N_N_1970_42_2017.bmp308278,Alcohol,C:\PycharmProjects\Alcohol Detection\dataset\Grupo_2\E_2_2\Iritech\E_2_2_4\E_2_2_4_L_5\via_region_data.json
E_2_2_4_L_M_N_N_1970_43_2017.bmp308278,Alcohol,C:\PycharmProjects\Alcohol Detection\dataset\Grupo_2\E_2_2\Iritech\E_2_2_4\E_2_2_4_L_5\via_region_data.json
E_2_2_4_L_M_N_N_1970_44_2017.bmp308278,Alcohol,C:\PycharmProjects\Alcohol Detection\dataset\Grupo_2\E_2_2\Iritech\E_2_2_4\E_2_2_4_L_5\via_region_data.json
E_2_2_4_L_M_N_N_1970_45_2017.bmp308278,Alcohol,C:\PycharmProjects\Alcohol Detection\dataset\Grupo_2\E_2_2\Iritech\E_2_2_4\E_2_2_4_L_5\via_region_data.json
E_2_2_4_L_M_N_N_1970_46_2017.bmp308278,Alcohol,C:\PycharmProjects\Alcohol Detection\dataset\Grupo_2\E_2_2\Iritech\E_2_2_4\E_2_2_4_L_5\via_region_data.json
E_2_2_4_L_M_N_N_1970_47_2017.bmp308278,Alcohol,C:\PycharmProjects\Alcohol Detection\dataset\Grupo_2\E_2_2\Iritech\E_2_2_4\E_2_2_4_L_5\via_region_data.json
E_2_2_4_L_M_N_N_1970_48_2017.bmp308278,Alcohol,C:\PycharmProjects\Alcohol Detection\dataset\Grupo_2\E_2_2\Iritech\E_2_2_4\E_2_2_4_L_5\via_region_data.json
E_2_2_4_L_M_N_N_1970_49_2017.bmp308278,Alcohol,C:\PycharmProjects\Alcohol Detection\dataset\Grupo_2\E_2_2\Iritech\E_2_2_4\E_2_2_4_L_5\via_region_data.json
E_2_2_4_L_M_N_N_1970_50_2017.bmp308278,Alcohol,C:\PycharmProjects\Alcohol Detection\dataset\Grupo_2\E_2_2\Iritech\E_2_2_4\E_2_2_4_L_5\via_region_data.json
E_2_2_4_L_M_N_N_1970_51_2017.bmp308278,Alcohol,C:\PycharmProjects\Alcohol Detection\dataset\Grupo_2\E_2_2\Iritech\E_2_2_4\E_2_2_4_L_5\via_region_data.json
E_2_2_4_L_M_N_N_1970_52_2017.bmp308278,Alcohol,C:\PycharmProjects\Alcohol Detection\dataset\Grupo_2\E_2_2\Iritech\E_2_2_4\E_2_2_4_L_5\via_region_data.json
E_2_2_4_L_M_N_N_1970_53_2017.bmp308278,Alcohol,C:\PycharmProjects\Alcohol Detection\dataset\Grupo_2\E_2_2\Iritech\E_2_2_4\E_2_2_4_L_5\via_region_data.json
E_2_2_4_L_M_N_N_1970_54_2017.bmp308278,Alcohol,C:\PycharmProjects\Alcohol Detection\dataset\Grupo_2\E_2_2\Iritech\E_2_2_4\E_2_2_4_L_5\via_region_data.json
E_2_2_4_L_M_N_N_1970_55_2017.bmp308278,Alcohol,C:\PycharmProjects\Alcohol Detection\dataset\Grupo_2\E_2_2\Iritech\E_2_2_4\E_2_2_4_L_5\via_region_data.json
E_2_2_4_L_M_N_N_1970_56_2017.bmp308278,Alcohol,C:\PycharmProjects\Alcohol Detection\dataset\Grupo_2\E_2_2\Iritech\E_2_2_4\E_2_2_4_L_5\via_region_data.json
E_2_2_4_L_M_N_N_1970_57_2017.bmp308278,Alcohol,C:\PycharmProjects\Alcohol Detection\dataset\Grupo_2\E_2_2\Iritech\E_2_2_4\E_2_2_4_L_5\via_region_data.json
E_2_2_4_L_M_N_N_1970_58_2017.bmp308278,Alcohol,C:\PycharmProjects\Alcohol Detection\dataset\Grupo_2\E_2_2\Iritech\E_2_2_4\E_2_2_4_L_5\via_region_data.json
E_2_2_4_L_M_N_N_1970_59_2017.bmp308278,Alcohol,C:\PycharmProjects\Alcohol Detection\dataset\Grupo_2\E_2_2\Iritech\E_2_2_4\E_2_2_4_L_5\via_region_data.json
E_2_2_4_L_M_N_N_1970_60_2017.bmp308278,Alcohol,C:\PycharmProjects\Alcohol Detection\dataset\Grupo_2\E_2_2\Iritech\E_2_2_4\E_2_2_4_L_5\via_region_data.json
E_2_2_4_L_M_N_N_1970_61_2017.bmp308278,Alcohol,C:\PycharmProjects\Alcohol Detection\dataset\Grupo_2\E_2_2\Iritech\E_2_2_4\E_2_2_4_L_5\via_region_data.json
E_2_2_4_L_M_N_N_1970_62_2017.bmp308278,Alcohol,C:\PycharmProjects\Alcohol Detection\dataset\Grupo_2\E_2_2\Iritech\E_2_2_4\E_2_2_4_L_5\via_region_data.json
E_2_2_4_L_M_N_N_1970_63_2017.bmp308278,Alcohol,C:\PycharmProjects\Alcohol Detection\dataset\Grupo_2\E_2_2\Iritech\E_2_2_4\E_2_2_4_L_5\via_region_data.json
E_2_2_4_L_M_N_N_1970_64_2017.bmp308278,Alcohol,C:\PycharmProjects\Alcohol Detection\dataset\Grupo_2\E_2_2\Iritech\E_2_2_4\E_2_2_4_L_5\via_region_data.json
E_2_2_4_L_M_N_N_1970_65_2017.bmp308278,Alcohol,C:\PycharmProjects\Alcohol Detection\dataset\Grupo_2\E_2_2\Iritech\E_2_2_4\E_2_2_4_L_5\via_region_data.json
E_2_2_4_L_M_N_N_1970_66_2017.bmp308278,Alcohol,C:\PycharmProjects\Alcohol Detection\dataset\Grupo_2\E_2_2\Iritech\E_2_2_4\E_2_2_4_L_5\via_region_data.json
E_2_2_4_L_M_N_N_1970_67_2017.bmp308278,Alcohol,C:\PycharmProjects\Alcohol Detection\dataset\Grupo_2\E_2_2\Iritech\E_2_2_4\E_2_2_4_L_5\via_region_data.json
E_2_2_4_L_M_N_N_1970_68_2017.bmp308278,Alcohol,C:\PycharmProjects\Alcohol Detection\dataset\Grupo_2\E_2_2\Iritech\E_2_2_4\E_2_2_4_L_5\via_region_data.json
E_2_2_4_L_M_N_N_1970_69_2017.bmp308278,Alcohol,C:\PycharmProjects\Alcohol Detection\dataset\Grupo_2\E_2_2\Iritech\E_2_2_4\E_2_2_4_L_5\via_region_data.json
E_2_2_4_L_M_N_N_1970_70_2017.bmp308278,Alcohol,C:\PycharmProjects\Alcohol Detection\dataset\Grupo_2\E_2_2\Iritech\E_2_2_4\E_2_2_4_L_5\via_region_data.json
E_2_2_4_L_M_N_N_1970_71_2017.bmp308278,Alcohol,C:\PycharmProjects\Alcohol Detection\dataset\Grupo_2\E_2_2\Iritech\E_2_2_4\E_2_2_4_L_5\via_region_data.json
E_2_2_4_L_M_N_N_1970_72_2017.bmp308278,Alcohol,C:\PycharmProjects\Alcohol Detection\dataset\Grupo_2\E_2_2\Iritech\E_2_2_4\E_2_2_4_L_5\via_region_data.json
E_2_2_4_L_M_N_N_1970_73_2017.bmp308278,Alcohol,C:\PycharmProjects\Alcohol Detection\dataset\Grupo_2\E_2_2\Iritech\E_2_2_4\E_2_2_4_L_5\via_region_data.json
E_2_2_4_L_M_N_N_1970_74_2017.bmp308278,Alcohol,C:\PycharmProjects\Alcohol Detection\dataset\Grupo_2\E_2_2\Iritech\E_2_2_4\E_2_2_4_L_5\via_region_data.json
E_2_2_4_L_M_N_N_1970_75_2017.bmp308278,Alcohol,C:\PycharmProjects\Alcohol Detection\dataset\Grupo_2\E_2_2\Iritech\E_2_2_4\E_2_2_4_L_5\via_region_data.json
E_2_2_4_L_M_N_N_1970_76_2017.bmp308278,Alcohol,C:\PycharmProjects\Alcohol Detection\dataset\Grupo_2\E_2_2\Iritech\E_2_2_4\E_2_2_4_L_5\via_region_data.json
E_2_2_4_L_M_N_N_1970_77_2017.bmp308278,Alcohol,C:\PycharmProjects\Alcohol Detection\dataset\Grupo_2\E_2_2\Iritech\E_2_2_4\E_2_2_4_L_5\via_region_data.json
E_2_2_4_L_M_N_N_1970_78_2017.bmp308278,Alcohol,C:\PycharmProjects\Alcohol Detection\dataset\Grupo_2\E_2_2\Iritech\E_2_2_4\E_2_2_4_L_5\via_region_data.json
E_2_2_4_L_M_N_N_1970_79_2017.bmp308278,Alcohol,C:\PycharmProjects\Alcohol Detection\dataset\Grupo_2\E_2_2\Iritech\E_2_2_4\E_2_2_4_L_5\via_region_data.json
E_2_2_4_L_M_N_N_1970_80_2017.bmp308278,Alcohol,C:\PycharmProjects\Alcohol Detection\dataset\Grupo_2\E_2_2\Iritech\E_2_2_4\E_2_2_4_L_5\via_region_data.json
E_2_2_4_L_M_N_N_1970_81_2017.bmp308278,Alcohol,C:\PycharmProjects\Alcohol Detection\dataset\Grupo_2\E_2_2\Iritech\E_2_2_4\E_2_2_4_L_5\via_region_data.json
E_2_2_4_R_M_N_N_1970_0_2017.bmp308278,Non-Alcohol,C:\PycharmProjects\Alcohol Detection\dataset\Grupo_2\E_2_2\Iritech\E_2_2_4\E_2_2_4_R_5\via_region_data.json
E_2_2_4_R_M_N_N_1970_1_2017.bmp308278,Alcohol,C:\PycharmProjects\Alcohol Detection\dataset\Grupo_2\E_2_2\Iritech\E_2_2_4\E_2_2_4_R_5\via_region_data.json
E_2_2_4_R_M_N_N_1970_2_2017.bmp308278,Alcohol,C:\PycharmProjects\Alcohol Detection\dataset\Grupo_2\E_2_2\Iritech\E_2_2_4\E_2_2_4_R_5\via_region_data.json
E_2_2_4_R_M_N_N_1970_3_2017.bmp308278,Alcohol,C:\PycharmProjects\Alcohol Detection\dataset\Grupo_2\E_2_2\Iritech\E_2_2_4\E_2_2_4_R_5\via_region_data.json
E_2_2_4_R_M_N_N_1970_4_2017.bmp308278,Alcohol,C:\PycharmProjects\Alcohol Detection\dataset\Grupo_2\E_2_2\Iritech\E_2_2_4\E_2_2_4_R_5\via_region_data.json
E_2_2_4_R_M_N_N_1970_5_2017.bmp308278,Alcohol,C:\PycharmProjects\Alcohol Detection\dataset\Grupo_2\E_2_2\Iritech\E_2_2_4\E_2_2_4_R_5\via_region_data.json
E_2_2_4_R_M_N_N_1970_6_2017.bmp308278,Alcohol,C:\PycharmProjects\Alcohol Detection\dataset\Grupo_2\E_2_2\Iritech\E_2_2_4\E_2_2_4_R_5\via_region_data.json
E_2_2_4_R_M_N_N_1970_7_2017.bmp308278,Alcohol,C:\PycharmProjects\Alcohol Detection\dataset\Grupo_2\E_2_2\Iritech\E_2_2_4\E_2_2_4_R_5\via_region_data.json
E_2_2_4_R_M_N_N_1970_8_2017.bmp308278,Alcohol,C:\PycharmProjects\Alcohol Detection\dataset\Grupo_2\E_2_2\Iritech\E_2_2_4\E_2_2_4_R_5\via_region_data.json
E_2_2_4_R_M_N_N_1970_9_2017.bmp308278,Alcohol,C:\PycharmProjects\Alcohol Detection\dataset\Grupo_2\E_2_2\Iritech\E_2_2_4\E_2_2_4_R_5\via_region_data.json
E_2_2_4_R_M_N_N_1970_10_2017.bmp308278,Alcohol,C:\PycharmProjects\Alcohol Detection\dataset\Grupo_2\E_2_2\Iritech\E_2_2_4\E_2_2_4_R_5\via_region_data.json
E_2_2_4_R_M_N_N_1970_11_2017.bmp308278,Alcohol,C:\PycharmProjects\Alcohol Detection\dataset\Grupo_2\E_2_2\Iritech\E_2_2_4\E_2_2_4_R_5\via_region_data.json
E_2_2_4_R_M_N_N_1970_12_2017.bmp308278,Alcohol,C:\PycharmProjects\Alcohol Detection\dataset\Grupo_2\E_2_2\Iritech\E_2_2_4\E_2_2_4_R_5\via_region_data.json
E_2_2_4_R_M_N_N_1970_13_2017.bmp308278,Alcohol,C:\PycharmProjects\Alcohol Detection\dataset\Grupo_2\E_2_2\Iritech\E_2_2_4\E_2_2_4_R_5\via_region_data.json
E_2_2_4_R_M_N_N_1970_14_2017.bmp308278,Alcohol,C:\PycharmProjects\Alcohol Detection\dataset\Grupo_2\E_2_2\Iritech\E_2_2_4\E_2_2_4_R_5\via_region_data.json
E_2_2_4_R_M_N_N_1970_15_2017.bmp308278,Alcohol,C:\PycharmProjects\Alcohol Detection\dataset\Grupo_2\E_2_2\Iritech\E_2_2_4\E_2_2_4_R_5\via_region_data.json
E_2_2_4_R_M_N_N_1970_16_2017.bmp308278,Alcohol,C:\PycharmProjects\Alcohol Detection\dataset\Grupo_2\E_2_2\Iritech\E_2_2_4\E_2_2_4_R_5\via_region_data.json
E_2_2_4_R_M_N_N_1970_17_2017.bmp308278,Alcohol,C:\PycharmProjects\Alcohol Detection\dataset\Grupo_2\E_2_2\Iritech\E_2_2_4\E_2_2_4_R_5\via_region_data.json
E_2_2_4_R_M_N_N_1970_18_2017.bmp308278,Alcohol,C:\PycharmProjects\Alcohol Detection\dataset\Grupo_2\E_2_2\Iritech\E_2_2_4\E_2_2_4_R_5\via_region_data.json
E_2_2_4_R_M_N_N_1970_19_2017.bmp308278,Alcohol,C:\PycharmProjects\Alcohol Detection\dataset\Grupo_2\E_2_2\Iritech\E_2_2_4\E_2_2_4_R_5\via_region_data.json
E_2_2_4_R_M_N_N_1970_20_2017.bmp308278,Alcohol,C:\PycharmProjects\Alcohol Detection\dataset\Grupo_2\E_2_2\Iritech\E_2_2_4\E_2_2_4_R_5\via_region_data.json
E_2_2_4_R_M_N_N_1970_21_2017.bmp308278,Alcohol,C:\PycharmProjects\Alcohol Detection\dataset\Grupo_2\E_2_2\Iritech\E_2_2_4\E_2_2_4_R_5\via_region_data.json
E_2_2_4_R_M_N_N_1970_22_2017.bmp308278,Alcohol,C:\PycharmProjects\Alcohol Detection\dataset\Grupo_2\E_2_2\Iritech\E_2_2_4\E_2_2_4_R_5\via_region_data.json
E_2_2_4_R_M_N_N_1970_23_2017.bmp308278,Alcohol,C:\PycharmProjects\Alcohol Detection\dataset\Grupo_2\E_2_2\Iritech\E_2_2_4\E_2_2_4_R_5\via_region_data.json
E_2_2_4_R_M_N_N_1970_24_2017.bmp308278,Alcohol,C:\PycharmProjects\Alcohol Detection\dataset\Grupo_2\E_2_2\Iritech\E_2_2_4\E_2_2_4_R_5\via_region_data.json
E_2_2_4_R_M_N_N_1970_25_2017.bmp308278,Alcohol,C:\PycharmProjects\Alcohol Detection\dataset\Grupo_2\E_2_2\Iritech\E_2_2_4\E_2_2_4_R_5\via_region_data.json
E_2_2_4_R_M_N_N_1970_26_2017.bmp308278,Alcohol,C:\PycharmProjects\Alcohol Detection\dataset\Grupo_2\E_2_2\Iritech\E_2_2_4\E_2_2_4_R_5\via_region_data.json
E_2_2_4_R_M_N_N_1970_27_2017.bmp308278,Alcohol,C:\PycharmProjects\Alcohol Detection\dataset\Grupo_2\E_2_2\Iritech\E_2_2_4\E_2_2_4_R_5\via_region_data.json
E_2_2_4_R_M_N_N_1970_28_2017.bmp308278,Alcohol,C:\PycharmProjects\Alcohol Detection\dataset\Grupo_2\E_2_2\Iritech\E_2_2_4\E_2_2_4_R_5\via_region_data.json
E_2_2_4_R_M_N_N_1970_29_2017.bmp308278,Alcohol,C:\PycharmProjects\Alcohol Detection\dataset\Grupo_2\E_2_2\Iritech\E_2_2_4\E_2_2_4_R_5\via_region_data.json
E_2_2_4_R_M_N_N_1970_30_2017.bmp308278,Alcohol,C:\PycharmProjects\Alcohol Detection\dataset\Grupo_2\E_2_2\Iritech\E_2_2_4\E_2_2_4_R_5\via_region_data.json
E_2_2_4_R_M_N_N_1970_31_2017.bmp308278,Alcohol,C:\PycharmProjects\Alcohol Detection\dataset\Grupo_2\E_2_2\Iritech\E_2_2_4\E_2_2_4_R_5\via_region_data.json
E_2_2_4_R_M_N_N_1970_32_2017.bmp308278,Alcohol,C:\PycharmProjects\Alcohol Detection\dataset\Grupo_2\E_2_2\Iritech\E_2_2_4\E_2_2_4_R_5\via_region_data.json
E_2_2_4_R_M_N_N_1970_33_2017.bmp308278,Alcohol,C:\PycharmProjects\Alcohol Detection\dataset\Grupo_2\E_2_2\Iritech\E_2_2_4\E_2_2_4_R_5\via_region_data.json
E_2_2_4_R_M_N_N_1970_34_2017.bmp308278,Alcohol,C:\PycharmProjects\Alcohol Detection\dataset\Grupo_2\E_2_2\Iritech\E_2_2_4\E_2_2_4_R_5\via_region_data.json
E_2_2_4_R_M_N_N_1970_35_2017.bmp308278,Alcohol,C:\PycharmProjects\Alcohol Detection\dataset\Grupo_2\E_2_2\Iritech\E_2_2_4\E_2_2_4_R_5\via_region_data.json
E_2_2_4_R_M_N_N_1970_36_2017.bmp308278,Alcohol,C:\PycharmProjects\Alcohol Detection\dataset\Grupo_2\E_2_2\Iritech\E_2_2_4\E_2_2_4_R_5\via_region_data.json
E_2_2_4_R_M_N_N_1970_37_2017.bmp308278,Alcohol,C:\PycharmProjects\Alcohol Detection\dataset\Grupo_2\E_2_2\Iritech\E_2_2_4\E_2_2_4_R_5\via_region_data.json
E_2_2_4_R_M_N_N_1970_38_2017.bmp308278,Alcohol,C:\PycharmProjects\Alcohol Detection\dataset\Grupo_2\E_2_2\Iritech\E_2_2_4\E_2_2_4_R_5\via_region_data.json
E_2_2_4_R_M_N_N_1970_39_2017.bmp308278,Alcohol,C:\PycharmProjects\Alcohol Detection\dataset\Grupo_2\E_2_2\Iritech\E_2_2_4\E_2_2_4_R_5\via_region_data.json
E_2_2_4_R_M_N_N_1970_40_2017.bmp308278,Alcohol,C:\PycharmProjects\Alcohol Detection\dataset\Grupo_2\E_2_2\Iritech\E_2_2_4\E_2_2_4_R_5\via_region_data.json
E_2_2_4_R_M_N_N_1970_41_2017.bmp308278,Alcohol,C:\PycharmProjects\Alcohol Detection\dataset\Grupo_2\E_2_2\Iritech\E_2_2_4\E_2_2_4_R_5\via_region_data.json
E_2_2_4_R_M_N_N_1970_42_2017.bmp308278,Alcohol,C:\PycharmProjects\Alcohol Detection\dataset\Grupo_2\E_2_2\Iritech\E_2_2_4\E_2_2_4_R_5\via_region_data.json
E_2_2_4_R_M_N_N_1970_43_2017.bmp308278,Alcohol,C:\PycharmProjects\Alcohol Detection\dataset\Grupo_2\E_2_2\Iritech\E_2_2_4\E_2_2_4_R_5\via_region_data.json
E_2_2_4_R_M_N_N_1970_44_2017.bmp308278,Alcohol,C:\PycharmProjects\Alcohol Detection\dataset\Grupo_2\E_2_2\Iritech\E_2_2_4\E_2_2_4_R_5\via_region_data.json
E_2_2_4_R_M_N_N_1970_45_2017.bmp308278,Alcohol,C:\PycharmProjects\Alcohol Detection\dataset\Grupo_2\E_2_2\Iritech\E_2_2_4\E_2_2_4_R_5\via_region_data.json
E_2_2_4_R_M_N_N_1970_46_2017.bmp308278,Alcohol,C:\PycharmProjects\Alcohol Detection\dataset\Grupo_2\E_2_2\Iritech\E_2_2_4\E_2_2_4_R_5\via_region_data.json
E_2_2_4_R_M_N_N_1970_47_2017.bmp308278,Alcohol,C:\PycharmProjects\Alcohol Detection\dataset\Grupo_2\E_2_2\Iritech\E_2_2_4\E_2_2_4_R_5\via_region_data.json
E_2_2_4_R_M_N_N_1970_48_2017.bmp308278,Alcohol,C:\PycharmProjects\Alcohol Detection\dataset\Grupo_2\E_2_2\Iritech\E_2_2_4\E_2_2_4_R_5\via_region_data.json
E_2_2_4_R_M_N_N_1970_49_2017.bmp308278,Alcohol,C:\PycharmProjects\Alcohol Detection\dataset\Grupo_2\E_2_2\Iritech\E_2_2_4\E_2_2_4_R_5\via_region_data.json
E_2_2_4_R_M_N_N_1970_50_2017.bmp308278,Alcohol,C:\PycharmProjects\Alcohol Detection\dataset\Grupo_2\E_2_2\Iritech\E_2_2_4\E_2_2_4_R_5\via_region_data.json
E_2_2_4_R_M_N_N_1970_51_2017.bmp308278,Alcohol,C:\PycharmProjects\Alcohol Detection\dataset\Grupo_2\E_2_2\Iritech\E_2_2_4\E_2_2_4_R_5\via_region_data.json
E_2_2_4_R_M_N_N_1970_52_2017.bmp308278,Alcohol,C:\PycharmProjects\Alcohol Detection\dataset\Grupo_2\E_2_2\Iritech\E_2_2_4\E_2_2_4_R_5\via_region_data.json
E_2_2_4_R_M_N_N_1970_53_2017.bmp308278,Alcohol,C:\PycharmProjects\Alcohol Detection\dataset\Grupo_2\E_2_2\Iritech\E_2_2_4\E_2_2_4_R_5\via_region_data.json
E_2_2_4_R_M_N_N_1970_54_2017.bmp308278,Alcohol,C:\PycharmProjects\Alcohol Detection\dataset\Grupo_2\E_2_2\Iritech\E_2_2_4\E_2_2_4_R_5\via_region_data.json
E_2_2_4_R_M_N_N_1970_55_2017.bmp308278,Alcohol,C:\PycharmProjects\Alcohol Detection\dataset\Grupo_2\E_2_2\Iritech\E_2_2_4\E_2_2_4_R_5\via_region_data.json
E_2_2_4_R_M_N_N_1970_56_2017.bmp308278,Alcohol,C:\PycharmProjects\Alcohol Detection\dataset\Grupo_2\E_2_2\Iritech\E_2_2_4\E_2_2_4_R_5\via_region_data.json
E_2_2_4_R_M_N_N_1970_57_2017.bmp308278,Alcohol,C:\PycharmProjects\Alcohol Detection\dataset\Grupo_2\E_2_2\Iritech\E_2_2_4\E_2_2_4_R_5\via_region_data.json
E_2_2_4_R_M_N_N_1970_58_2017.bmp308278,Alcohol,C:\PycharmProjects\Alcohol Detection\dataset\Grupo_2\E_2_2\Iritech\E_2_2_4\E_2_2_4_R_5\via_region_data.json
E_2_2_4_R_M_N_N_1970_59_2017.bmp308278,Alcohol,C:\PycharmProjects\Alcohol Detection\dataset\Grupo_2\E_2_2\Iritech\E_2_2_4\E_2_2_4_R_5\via_region_data.json
E_2_2_4_R_M_N_N_1970_60_2017.bmp308278,Alcohol,C:\PycharmProjects\Alcohol Detection\dataset\Grupo_2\E_2_2\Iritech\E_2_2_4\E_2_2_4_R_5\via_region_data.json
E_2_2_4_R_M_N_N_1970_61_2017.bmp308278,Alcohol,C:\PycharmProjects\Alcohol Detection\dataset\Grupo_2\E_2_2\Iritech\E_2_2_4\E_2_2_4_R_5\via_region_data.json
E_2_2_4_R_M_N_N_1970_62_2017.bmp308278,Alcohol,C:\PycharmProjects\Alcohol Detection\dataset\Grupo_2\E_2_2\Iritech\E_2_2_4\E_2_2_4_R_5\via_region_data.json
E_2_2_4_R_M_N_N_1970_63_2017.bmp308278,Alcohol,C:\PycharmProjects\Alcohol Detection\dataset\Grupo_2\E_2_2\Iritech\E_2_2_4\E_2_2_4_R_5\via_region_data.json
E_2_2_4_R_M_N_N_1970_64_2017.bmp308278,Alcohol,C:\PycharmProjects\Alcohol Detection\dataset\Grupo_2\E_2_2\Iritech\E_2_2_4\E_2_2_4_R_5\via_region_data.json
E_2_2_4_R_M_N_N_1970_65_2017.bmp308278,Alcohol,C:\PycharmProjects\Alcohol Detection\dataset\Grupo_2\E_2_2\Iritech\E_2_2_4\E_2_2_4_R_5\via_region_data.json
E_2_2_4_R_M_N_N_1970_66_2017.bmp308278,Alcohol,C:\PycharmProjects\Alcohol Detection\dataset\Grupo_2\E_2_2\Iritech\E_2_2_4\E_2_2_4_R_5\via_region_data.json
E_2_2_4_R_M_N_N_1970_67_2017.bmp308278,Alcohol,C:\PycharmProjects\Alcohol Detection\dataset\Grupo_2\E_2_2\Iritech\E_2_2_4\E_2_2_4_R_5\via_region_data.json
E_2_2_4_R_M_N_N_1970_68_2017.bmp308278,Alcohol,C:\PycharmProjects\Alcohol Detection\dataset\Grupo_2\E_2_2\Iritech\E_2_2_4\E_2_2_4_R_5\via_region_data.json
E_2_2_4_R_M_N_N_1970_69_2017.bmp308278,Alcohol,C:\PycharmProjects\Alcohol Detection\dataset\Grupo_2\E_2_2\Iritech\E_2_2_4\E_2_2_4_R_5\via_region_data.json
E_2_2_4_R_M_N_N_1970_70_2017.bmp308278,Alcohol,C:\PycharmProjects\Alcohol Detection\dataset\Grupo_2\E_2_2\Iritech\E_2_2_4\E_2_2_4_R_5\via_region_data.json
E_2_2_4_R_M_N_N_1970_71_2017.bmp308278,Alcohol,C:\PycharmProjects\Alcohol Detection\dataset\Grupo_2\E_2_2\Iritech\E_2_2_4\E_2_2_4_R_5\via_region_data.json
E_2_2_4_R_M_N_N_1970_72_2017.bmp308278,Alcohol,C:\PycharmProjects\Alcohol Detection\dataset\Grupo_2\E_2_2\Iritech\E_2_2_4\E_2_2_4_R_5\via_region_data.json
E_2_2_4_R_M_N_N_1970_73_2017.bmp308278,Alcohol,C:\PycharmProjects\Alcohol Detection\dataset\Grupo_2\E_2_2\Iritech\E_2_2_4\E_2_2_4_R_5\via_region_data.json
E_2_2_4_R_M_N_N_1970_74_2017.bmp308278,Alcohol,C:\PycharmProjects\Alcohol Detection\dataset\Grupo_2\E_2_2\Iritech\E_2_2_4\E_2_2_4_R_5\via_region_data.json
E_2_2_4_R_M_N_N_1970_75_2017.bmp308278,Alcohol,C:\PycharmProjects\Alcohol Detection\dataset\Grupo_2\E_2_2\Iritech\E_2_2_4\E_2_2_4_R_5\via_region_data.json
E_2_2_4_R_M_N_N_1970_76_2017.bmp308278,Alcohol,C:\PycharmProjects\Alcohol Detection\dataset\Grupo_2\E_2_2\Iritech\E_2_2_4\E_2_2_4_R_5\via_region_data.json
E_2_2_4_R_M_N_N_1970_77_2017.bmp308278,Alcohol,C:\PycharmProjects\Alcohol Detection\dataset\Grupo_2\E_2_2\Iritech\E_2_2_4\E_2_2_4_R_5\via_region_data.json
E_2_2_4_R_M_N_N_1970_78_2017.bmp308278,Alcohol,C:\PycharmProjects\Alcohol Detection\dataset\Grupo_2\E_2_2\Iritech\E_2_2_4\E_2_2_4_R_5\via_region_data.json
E_2_2_4_R_M_N_N_1970_79_2017.bmp308278,Alcohol,C:\PycharmProjects\Alcohol Detection\dataset\Grupo_2\E_2_2\Iritech\E_2_2_4\E_2_2_4_R_5\via_region_data.json
E_2_2_0_L_M_N_N_1970_0_2017.bmp308278,Non-Alcohol,C:\PycharmProjects\Alcohol Detection\dataset\Grupo_2\E_2_2\LG\E_2_2_0\E_2_2_0_R_10\via_region_data.json
E_2_2_0_L_M_N_N_1970_1_2017.bmp308278,Non-Alcohol,C:\PycharmProjects\Alcohol Detection\dataset\Grupo_2\E_2_2\LG\E_2_2_0\E_2_2_0_R_10\via_region_data.json
E_2_2_0_L_M_N_N_1970_2_2017.bmp308278,Non-Alcohol,C:\PycharmProjects\Alcohol Detection\dataset\Grupo_2\E_2_2\LG\E_2_2_0\E_2_2_0_R_10\via_region_data.json
E_2_2_0_L_M_N_N_1970_3_2017.bmp308278,Non-Alcohol,C:\PycharmProjects\Alcohol Detection\dataset\Grupo_2\E_2_2\LG\E_2_2_0\E_2_2_0_R_10\via_region_data.json
E_2_2_0_L_M_N_N_1970_4_2017.bmp308278,Non-Alcohol,C:\PycharmProjects\Alcohol Detection\dataset\Grupo_2\E_2_2\LG\E_2_2_0\E_2_2_0_R_10\via_region_data.json
E_2_2_0_L_M_N_N_1970_5_2017.bmp308278,Non-Alcohol,C:\PycharmProjects\Alcohol Detection\dataset\Grupo_2\E_2_2\LG\E_2_2_0\E_2_2_0_R_10\via_region_data.json
E_2_2_0_L_M_N_N_1970_6_2017.bmp308278,Non-Alcohol,C:\PycharmProjects\Alcohol Detection\dataset\Grupo_2\E_2_2\LG\E_2_2_0\E_2_2_0_R_10\via_region_data.json
E_2_2_0_L_M_N_N_1970_7_2017.bmp308278,Non-Alcohol,C:\PycharmProjects\Alcohol Detection\dataset\Grupo_2\E_2_2\LG\E_2_2_0\E_2_2_0_R_10\via_region_data.json
E_2_2_0_L_M_N_N_1970_8_2017.bmp308278,Non-Alcohol,C:\PycharmProjects\Alcohol Detection\dataset\Grupo_2\E_2_2\LG\E_2_2_0\E_2_2_0_R_10\via_region_data.json
E_2_2_0_L_M_N_N_1970_9_2017.bmp308278,Non-Alcohol,C:\PycharmProjects\Alcohol Detection\dataset\Grupo_2\E_2_2\LG\E_2_2_0\E_2_2_0_R_10\via_region_data.json
E_2_2_0_R_M_N_N_1970_0_2017.bmp308278,Non-Alcohol,C:\PycharmProjects\Alcohol Detection\dataset\Grupo_2\E_2_2\LG\E_2_2_0\E_2_2_0_R_10\via_region_data.json
E_2_2_0_R_M_N_N_1970_1_2017.bmp308278,Non-Alcohol,C:\PycharmProjects\Alcohol Detection\dataset\Grupo_2\E_2_2\LG\E_2_2_0\E_2_2_0_R_10\via_region_data.json
E_2_2_0_R_M_N_N_1970_2_2017.bmp308278,Non-Alcohol,C:\PycharmProjects\Alcohol Detection\dataset\Grupo_2\E_2_2\LG\E_2_2_0\E_2_2_0_R_10\via_region_data.json
E_2_2_0_R_M_N_N_1970_3_2017.bmp308278,Non-Alcohol,C:\PycharmProjects\Alcohol Detection\dataset\Grupo_2\E_2_2\LG\E_2_2_0\E_2_2_0_R_10\via_region_data.json
E_2_2_0_R_M_N_N_1970_4_2017.bmp308278,Non-Alcohol,C:\PycharmProjects\Alcohol Detection\dataset\Grupo_2\E_2_2\LG\E_2_2_0\E_2_2_0_R_10\via_region_data.json
E_2_2_0_R_M_N_N_1970_5_2017.bmp308278,Non-Alcohol,C:\PycharmProjects\Alcohol Detection\dataset\Grupo_2\E_2_2\LG\E_2_2_0\E_2_2_0_R_10\via_region_data.json
E_2_2_0_R_M_N_N_1970_6_2017.bmp308278,Non-Alcohol,C:\PycharmProjects\Alcohol Detection\dataset\Grupo_2\E_2_2\LG\E_2_2_0\E_2_2_0_R_10\via_region_data.json
E_2_2_0_R_M_N_N_1970_7_2017.bmp308278,Non-Alcohol,C:\PycharmProjects\Alcohol Detection\dataset\Grupo_2\E_2_2\LG\E_2_2_0\E_2_2_0_R_10\via_region_data.json
E_2_2_0_R_M_N_N_1970_8_2017.bmp308278,Non-Alcohol,C:\PycharmProjects\Alcohol Detection\dataset\Grupo_2\E_2_2\LG\E_2_2_0\E_2_2_0_R_10\via_region_data.json
E_2_2_0_R_M_N_N_1970_9_2017.bmp308278,Non-Alcohol,C:\PycharmProjects\Alcohol Detection\dataset\Grupo_2\E_2_2\LG\E_2_2_0\E_2_2_0_R_10\via_region_data.json
E_2_2_1_L_M_N_N_1970_0_2017.bmp308278,Non-Alcohol,C:\PycharmProjects\Alcohol Detection\dataset\Grupo_2\E_2_2\LG\E_2_2_1\E_2_2_1_R_10\via_region_data.json
E_2_2_1_L_M_N_N_1970_1_2017.bmp308278,Alcohol,C:\PycharmProjects\Alcohol Detection\dataset\Grupo_2\E_2_2\LG\E_2_2_1\E_2_2_1_R_10\via_region_data.json
E_2_2_1_L_M_N_N_1970_2_2017.bmp308278,Alcohol,C:\PycharmProjects\Alcohol Detection\dataset\Grupo_2\E_2_2\LG\E_2_2_1\E_2_2_1_R_10\via_region_data.json
E_2_2_1_L_M_N_N_1970_3_2017.bmp308278,Alcohol,C:\PycharmProjects\Alcohol Detection\dataset\Grupo_2\E_2_2\LG\E_2_2_1\E_2_2_1_R_10\via_region_data.json
E_2_2_1_L_M_N_N_1970_4_2017.bmp308278,Alcohol,C:\PycharmProjects\Alcohol Detection\dataset\Grupo_2\E_2_2\LG\E_2_2_1\E_2_2_1_R_10\via_region_data.json
E_2_2_1_L_M_N_N_1970_5_2017.bmp308278,Alcohol,C:\PycharmProjects\Alcohol Detection\dataset\Grupo_2\E_2_2\LG\E_2_2_1\E_2_2_1_R_10\via_region_data.json
E_2_2_1_L_M_N_N_1970_6_2017.bmp308278,Alcohol,C:\PycharmProjects\Alcohol Detection\dataset\Grupo_2\E_2_2\LG\E_2_2_1\E_2_2_1_R_10\via_region_data.json
E_2_2_1_L_M_N_N_1970_7_2017.bmp308278,Alcohol,C:\PycharmProjects\Alcohol Detection\dataset\Grupo_2\E_2_2\LG\E_2_2_1\E_2_2_1_R_10\via_region_data.json
E_2_2_1_L_M_N_N_1970_8_2017.bmp308278,Alcohol,C:\PycharmProjects\Alcohol Detection\dataset\Grupo_2\E_2_2\LG\E_2_2_1\E_2_2_1_R_10\via_region_data.json
E_2_2_1_L_M_N_N_1970_9_2017.bmp308278,Alcohol,C:\PycharmProjects\Alcohol Detection\dataset\Grupo_2\E_2_2\LG\E_2_2_1\E_2_2_1_R_10\via_region_data.json
E_2_2_1_R_M_N_N_1970_0_2017.bmp308278,Non-Alcohol,C:\PycharmProjects\Alcohol Detection\dataset\Grupo_2\E_2_2\LG\E_2_2_1\E_2_2_1_R_10\via_region_data.json
E_2_2_1_R_M_N_N_1970_1_2017.bmp308278,Alcohol,C:\PycharmProjects\Alcohol Detection\dataset\Grupo_2\E_2_2\LG\E_2_2_1\E_2_2_1_R_10\via_region_data.json
E_2_2_1_R_M_N_N_1970_2_2017.bmp308278,Alcohol,C:\PycharmProjects\Alcohol Detection\dataset\Grupo_2\E_2_2\LG\E_2_2_1\E_2_2_1_R_10\via_region_data.json
E_2_2_1_R_M_N_N_1970_3_2017.bmp308278,Alcohol,C:\PycharmProjects\Alcohol Detection\dataset\Grupo_2\E_2_2\LG\E_2_2_1\E_2_2_1_R_10\via_region_data.json
E_2_2_1_R_M_N_N_1970_4_2017.bmp308278,Alcohol,C:\PycharmProjects\Alcohol Detection\dataset\Grupo_2\E_2_2\LG\E_2_2_1\E_2_2_1_R_10\via_region_data.json
E_2_2_1_R_M_N_N_1970_5_2017.bmp308278,Alcohol,C:\PycharmProjects\Alcohol Detection\dataset\Grupo_2\E_2_2\LG\E_2_2_1\E_2_2_1_R_10\via_region_data.json
E_2_2_1_R_M_N_N_1970_6_2017.bmp308278,Alcohol,C:\PycharmProjects\Alcohol Detection\dataset\Grupo_2\E_2_2\LG\E_2_2_1\E_2_2_1_R_10\via_region_data.json
E_2_2_1_R_M_N_N_1970_7_2017.bmp308278,Alcohol,C:\PycharmProjects\Alcohol Detection\dataset\Grupo_2\E_2_2\LG\E_2_2_1\E_2_2_1_R_10\via_region_data.json
E_2_2_1_R_M_N_N_1970_8_2017.bmp308278,Alcohol,C:\PycharmProjects\Alcohol Detection\dataset\Grupo_2\E_2_2\LG\E_2_2_1\E_2_2_1_R_10\via_region_data.json
E_2_2_1_R_M_N_N_1970_9_2017.bmp308278,Alcohol,C:\PycharmProjects\Alcohol Detection\dataset\Grupo_2\E_2_2\LG\E_2_2_1\E_2_2_1_R_10\via_region_data.json
E_2_2_2_L_M_N_N_1970_0_2017.bmp308278,Non-Alcohol,C:\PycharmProjects\Alcohol Detection\dataset\Grupo_2\E_2_2\LG\E_2_2_2\E_2_2_2_R_10\via_region_data.json
E_2_2_2_L_M_N_N_1970_1_2017.bmp308278,Alcohol,C:\PycharmProjects\Alcohol Detection\dataset\Grupo_2\E_2_2\LG\E_2_2_2\E_2_2_2_R_10\via_region_data.json
E_2_2_2_L_M_N_N_1970_2_2017.bmp308278,Alcohol,C:\PycharmProjects\Alcohol Detection\dataset\Grupo_2\E_2_2\LG\E_2_2_2\E_2_2_2_R_10\via_region_data.json
E_2_2_2_L_M_N_N_1970_3_2017.bmp308278,Alcohol,C:\PycharmProjects\Alcohol Detection\dataset\Grupo_2\E_2_2\LG\E_2_2_2\E_2_2_2_R_10\via_region_data.json
E_2_2_2_L_M_N_N_1970_4_2017.bmp308278,Alcohol,C:\PycharmProjects\Alcohol Detection\dataset\Grupo_2\E_2_2\LG\E_2_2_2\E_2_2_2_R_10\via_region_data.json
E_2_2_2_L_M_N_N_1970_5_2017.bmp308278,Alcohol,C:\PycharmProjects\Alcohol Detection\dataset\Grupo_2\E_2_2\LG\E_2_2_2\E_2_2_2_R_10\via_region_data.json
E_2_2_2_L_M_N_N_1970_6_2017.bmp308278,Alcohol,C:\PycharmProjects\Alcohol Detection\dataset\Grupo_2\E_2_2\LG\E_2_2_2\E_2_2_2_R_10\via_region_data.json
E_2_2_2_L_M_N_N_1970_7_2017.bmp308278,Alcohol,C:\PycharmProjects\Alcohol Detection\dataset\Grupo_2\E_2_2\LG\E_2_2_2\E_2_2_2_R_10\via_region_data.json
E_2_2_2_L_M_N_N_1970_8_2017.bmp308278,Alcohol,C:\PycharmProjects\Alcohol Detection\dataset\Grupo_2\E_2_2\LG\E_2_2_2\E_2_2_2_R_10\via_region_data.json
E_2_2_2_L_M_N_N_1970_9_2017.bmp308278,Alcohol,C:\PycharmProjects\Alcohol Detection\dataset\Grupo_2\E_2_2\LG\E_2_2_2\E_2_2_2_R_10\via_region_data.json
E_2_2_2_R_M_N_N_1970_0_2017.bmp308278,Non-Alcohol,C:\PycharmProjects\Alcohol Detection\dataset\Grupo_2\E_2_2\LG\E_2_2_2\E_2_2_2_R_10\via_region_data.json
E_2_2_2_R_M_N_N_1970_1_2017.bmp308278,Alcohol,C:\PycharmProjects\Alcohol Detection\dataset\Grupo_2\E_2_2\LG\E_2_2_2\E_2_2_2_R_10\via_region_data.json
E_2_2_2_R_M_N_N_1970_2_2017.bmp308278,Alcohol,C:\PycharmProjects\Alcohol Detection\dataset\Grupo_2\E_2_2\LG\E_2_2_2\E_2_2_2_R_10\via_region_data.json
E_2_2_2_R_M_N_N_1970_3_2017.bmp308278,Alcohol,C:\PycharmProjects\Alcohol Detection\dataset\Grupo_2\E_2_2\LG\E_2_2_2\E_2_2_2_R_10\via_region_data.json
E_2_2_2_R_M_N_N_1970_4_2017.bmp308278,Alcohol,C:\PycharmProjects\Alcohol Detection\dataset\Grupo_2\E_2_2\LG\E_2_2_2\E_2_2_2_R_10\via_region_data.json
E_2_2_2_R_M_N_N_1970_5_2017.bmp308278,Alcohol,C:\PycharmProjects\Alcohol Detection\dataset\Grupo_2\E_2_2\LG\E_2_2_2\E_2_2_2_R_10\via_region_data.json
E_2_2_2_R_M_N_N_1970_6_2017.bmp308278,Alcohol,C:\PycharmProjects\Alcohol Detection\dataset\Grupo_2\E_2_2\LG\E_2_2_2\E_2_2_2_R_10\via_region_data.json
E_2_2_2_R_M_N_N_1970_7_2017.bmp308278,Alcohol,C:\PycharmProjects\Alcohol Detection\dataset\Grupo_2\E_2_2\LG\E_2_2_2\E_2_2_2_R_10\via_region_data.json
E_2_2_2_R_M_N_N_1970_8_2017.bmp308278,Alcohol,C:\PycharmProjects\Alcohol Detection\dataset\Grupo_2\E_2_2\LG\E_2_2_2\E_2_2_2_R_10\via_region_data.json
E_2_2_2_R_M_N_N_1970_9_2017.bmp308278,Alcohol,C:\PycharmProjects\Alcohol Detection\dataset\Grupo_2\E_2_2\LG\E_2_2_2\E_2_2_2_R_10\via_region_data.json
E_2_2_3_L_M_N_N_1970_0_2017.bmp308278,Non-Alcohol,C:\PycharmProjects\Alcohol Detection\dataset\Grupo_2\E_2_2\LG\E_2_2_3\E_2_2_3_R_10\via_region_data.json
E_2_2_3_L_M_N_N_1970_1_2017.bmp308278,Alcohol,C:\PycharmProjects\Alcohol Detection\dataset\Grupo_2\E_2_2\LG\E_2_2_3\E_2_2_3_R_10\via_region_data.json
E_2_2_3_L_M_N_N_1970_2_2017.bmp308278,Alcohol,C:\PycharmProjects\Alcohol Detection\dataset\Grupo_2\E_2_2\LG\E_2_2_3\E_2_2_3_R_10\via_region_data.json
E_2_2_3_L_M_N_N_1970_3_2017.bmp308278,Alcohol,C:\PycharmProjects\Alcohol Detection\dataset\Grupo_2\E_2_2\LG\E_2_2_3\E_2_2_3_R_10\via_region_data.json
E_2_2_3_L_M_N_N_1970_4_2017.bmp308278,Alcohol,C:\PycharmProjects\Alcohol Detection\dataset\Grupo_2\E_2_2\LG\E_2_2_3\E_2_2_3_R_10\via_region_data.json
E_2_2_3_L_M_N_N_1970_5_2017.bmp308278,Alcohol,C:\PycharmProjects\Alcohol Detection\dataset\Grupo_2\E_2_2\LG\E_2_2_3\E_2_2_3_R_10\via_region_data.json
E_2_2_3_L_M_N_N_1970_6_2017.bmp308278,Alcohol,C:\PycharmProjects\Alcohol Detection\dataset\Grupo_2\E_2_2\LG\E_2_2_3\E_2_2_3_R_10\via_region_data.json
E_2_2_3_L_M_N_N_1970_7_2017.bmp308278,Alcohol,C:\PycharmProjects\Alcohol Detection\dataset\Grupo_2\E_2_2\LG\E_2_2_3\E_2_2_3_R_10\via_region_data.json
E_2_2_3_L_M_N_N_1970_8_2017.bmp308278,Alcohol,C:\PycharmProjects\Alcohol Detection\dataset\Grupo_2\E_2_2\LG\E_2_2_3\E_2_2_3_R_10\via_region_data.json
E_2_2_3_L_M_N_N_1970_9_2017.bmp308278,Alcohol,C:\PycharmProjects\Alcohol Detection\dataset\Grupo_2\E_2_2\LG\E_2_2_3\E_2_2_3_R_10\via_region_data.json
E_2_2_3_R_M_N_N_1970_0_2017.bmp308278,Non-Alcohol,C:\PycharmProjects\Alcohol Detection\dataset\Grupo_2\E_2_2\LG\E_2_2_3\E_2_2_3_R_10\via_region_data.json
E_2_2_3_R_M_N_N_1970_1_2017.bmp308278,Alcohol,C:\PycharmProjects\Alcohol Detection\dataset\Grupo_2\E_2_2\LG\E_2_2_3\E_2_2_3_R_10\via_region_data.json
E_2_2_3_R_M_N_N_1970_2_2017.bmp308278,Alcohol,C:\PycharmProjects\Alcohol Detection\dataset\Grupo_2\E_2_2\LG\E_2_2_3\E_2_2_3_R_10\via_region_data.json
E_2_2_3_R_M_N_N_1970_3_2017.bmp308278,Alcohol,C:\PycharmProjects\Alcohol Detection\dataset\Grupo_2\E_2_2\LG\E_2_2_3\E_2_2_3_R_10\via_region_data.json
E_2_2_3_R_M_N_N_1970_4_2017.bmp308278,Alcohol,C:\PycharmProjects\Alcohol Detection\dataset\Grupo_2\E_2_2\LG\E_2_2_3\E_2_2_3_R_10\via_region_data.json
E_2_2_3_R_M_N_N_1970_5_2017.bmp308278,Alcohol,C:\PycharmProjects\Alcohol Detection\dataset\Grupo_2\E_2_2\LG\E_2_2_3\E_2_2_3_R_10\via_region_data.json
E_2_2_3_R_M_N_N_1970_6_2017.bmp308278,Alcohol,C:\PycharmProjects\Alcohol Detection\dataset\Grupo_2\E_2_2\LG\E_2_2_3\E_2_2_3_R_10\via_region_data.json
E_2_2_3_R_M_N_N_1970_7_2017.bmp308278,Alcohol,C:\PycharmProjects\Alcohol Detection\dataset\Grupo_2\E_2_2\LG\E_2_2_3\E_2_2_3_R_10\via_region_data.json
E_2_2_3_R_M_N_N_1970_8_2017.bmp308278,Alcohol,C:\PycharmProjects\Alcohol Detection\dataset\Grupo_2\E_2_2\LG\E_2_2_3\E_2_2_3_R_10\via_region_data.json
E_2_2_3_R_M_N_N_1970_9_2017.bmp308278,Alcohol,C:\PycharmProjects\Alcohol Detection\dataset\Grupo_2\E_2_2\LG\E_2_2_3\E_2_2_3_R_10\via_region_data.json
E_2_2_4_L_M_N_N_1970_0_2017.bmp308278,Non-Alcohol,C:\PycharmProjects\Alcohol Detection\dataset\Grupo_2\E_2_2\LG\E_2_2_4\E_2_2_4_R_10\via_region_data.json
E_2_2_4_L_M_N_N_1970_1_2017.bmp308278,Alcohol,C:\PycharmProjects\Alcohol Detection\dataset\Grupo_2\E_2_2\LG\E_2_2_4\E_2_2_4_R_10\via_region_data.json
E_2_2_4_L_M_N_N_1970_2_2017.bmp308278,Alcohol,C:\PycharmProjects\Alcohol Detection\dataset\Grupo_2\E_2_2\LG\E_2_2_4\E_2_2_4_R_10\via_region_data.json
E_2_2_4_L_M_N_N_1970_3_2017.bmp308278,Alcohol,C:\PycharmProjects\Alcohol Detection\dataset\Grupo_2\E_2_2\LG\E_2_2_4\E_2_2_4_R_10\via_region_data.json
E_2_2_4_L_M_N_N_1970_4_2017.bmp308278,Alcohol,C:\PycharmProjects\Alcohol Detection\dataset\Grupo_2\E_2_2\LG\E_2_2_4\E_2_2_4_R_10\via_region_data.json
E_2_2_4_L_M_N_N_1970_5_2017.bmp308278,Alcohol,C:\PycharmProjects\Alcohol Detection\dataset\Grupo_2\E_2_2\LG\E_2_2_4\E_2_2_4_R_10\via_region_data.json
E_2_2_4_L_M_N_N_1970_6_2017.bmp308278,Alcohol,C:\PycharmProjects\Alcohol Detection\dataset\Grupo_2\E_2_2\LG\E_2_2_4\E_2_2_4_R_10\via_region_data.json
E_2_2_4_L_M_N_N_1970_7_2017.bmp308278,Alcohol,C:\PycharmProjects\Alcohol Detection\dataset\Grupo_2\E_2_2\LG\E_2_2_4\E_2_2_4_R_10\via_region_data.json
E_2_2_4_L_M_N_N_1970_8_2017.bmp308278,Alcohol,C:\PycharmProjects\Alcohol Detection\dataset\Grupo_2\E_2_2\LG\E_2_2_4\E_2_2_4_R_10\via_region_data.json
E_2_2_4_L_M_N_N_1970_9_2017.bmp308278,Alcohol,C:\PycharmProjects\Alcohol Detection\dataset\Grupo_2\E_2_2\LG\E_2_2_4\E_2_2_4_R_10\via_region_data.json
E_2_2_4_R_M_N_N_1970_0_2017.bmp308278,Non-Alcohol,C:\PycharmProjects\Alcohol Detection\dataset\Grupo_2\E_2_2\LG\E_2_2_4\E_2_2_4_R_10\via_region_data.json
E_2_2_4_R_M_N_N_1970_1_2017.bmp308278,Alcohol,C:\PycharmProjects\Alcohol Detection\dataset\Grupo_2\E_2_2\LG\E_2_2_4\E_2_2_4_R_10\via_region_data.json
E_2_2_4_R_M_N_N_1970_2_2017.bmp308278,Alcohol,C:\PycharmProjects\Alcohol Detection\dataset\Grupo_2\E_2_2\LG\E_2_2_4\E_2_2_4_R_10\via_region_data.json
E_2_2_4_R_M_N_N_1970_3_2017.bmp308278,Alcohol,C:\PycharmProjects\Alcohol Detection\dataset\Grupo_2\E_2_2\LG\E_2_2_4\E_2_2_4_R_10\via_region_data.json
E_2_2_4_R_M_N_N_1970_4_2017.bmp308278,Alcohol,C:\PycharmProjects\Alcohol Detection\dataset\Grupo_2\E_2_2\LG\E_2_2_4\E_2_2_4_R_10\via_region_data.json
E_2_2_4_R_M_N_N_1970_5_2017.bmp308278,Alcohol,C:\PycharmProjects\Alcohol Detection\dataset\Grupo_2\E_2_2\LG\E_2_2_4\E_2_2_4_R_10\via_region_data.json
E_2_2_4_R_M_N_N_1970_6_2017.bmp308278,Alcohol,C:\PycharmProjects\Alcohol Detection\dataset\Grupo_2\E_2_2\LG\E_2_2_4\E_2_2_4_R_10\via_region_data.json
E_2_2_4_R_M_N_N_1970_7_2017.bmp308278,Alcohol,C:\PycharmProjects\Alcohol Detection\dataset\Grupo_2\E_2_2\LG\E_2_2_4\E_2_2_4_R_10\via_region_data.json
E_2_2_4_R_M_N_N_1970_8_2017.bmp308278,Alcohol,C:\PycharmProjects\Alcohol Detection\dataset\Grupo_2\E_2_2\LG\E_2_2_4\E_2_2_4_R_10\via_region_data.json
E_2_2_4_R_M_N_N_1970_9_2017.bmp308278,Alcohol,C:\PycharmProjects\Alcohol Detection\dataset\Grupo_2\E_2_2\LG\E_2_2_4\E_2_2_4_R_10\via_region_data.json
E_2_3_0_L_M_N_N_1982_0_2017.bmp308278,Non-Alcohol,C:\PycharmProjects\Alcohol Detection\dataset\Grupo_2\E_2_3\Iritech\E_2_3_0\via_region_data.json
E_2_3_0_R_M_N_N_1982_0_2017.bmp308278,Non-Alcohol,C:\PycharmProjects\Alcohol Detection\dataset\Grupo_2\E_2_3\Iritech\E_2_3_0\via_region_data.json
E_2_3_0_L_M_N_N_1982_0_2017.bmp308278,Non-Alcohol,C:\PycharmProjects\Alcohol Detection\dataset\Grupo_2\E_2_3\Iritech\E_2_3_0\E_2_3_0_L_5\via_region_data.json
E_2_3_0_L_M_N_N_1982_1_2017.bmp308278,Non-Alcohol,C:\PycharmProjects\Alcohol Detection\dataset\Grupo_2\E_2_3\Iritech\E_2_3_0\E_2_3_0_L_5\via_region_data.json
E_2_3_0_L_M_N_N_1982_2_2017.bmp308278,Non-Alcohol,C:\PycharmProjects\Alcohol Detection\dataset\Grupo_2\E_2_3\Iritech\E_2_3_0\E_2_3_0_L_5\via_region_data.json
E_2_3_0_L_M_N_N_1982_3_2017.bmp308278,Non-Alcohol,C:\PycharmProjects\Alcohol Detection\dataset\Grupo_2\E_2_3\Iritech\E_2_3_0\E_2_3_0_L_5\via_region_data.json
E_2_3_0_L_M_N_N_1982_4_2017.bmp308278,Non-Alcohol,C:\PycharmProjects\Alcohol Detection\dataset\Grupo_2\E_2_3\Iritech\E_2_3_0\E_2_3_0_L_5\via_region_data.json
E_2_3_0_L_M_N_N_1982_5_2017.bmp308278,Non-Alcohol,C:\PycharmProjects\Alcohol Detection\dataset\Grupo_2\E_2_3\Iritech\E_2_3_0\E_2_3_0_L_5\via_region_data.json
E_2_3_0_L_M_N_N_1982_6_2017.bmp308278,Non-Alcohol,C:\PycharmProjects\Alcohol Detection\dataset\Grupo_2\E_2_3\Iritech\E_2_3_0\E_2_3_0_L_5\via_region_data.json
E_2_3_0_L_M_N_N_1982_7_2017.bmp308278,Non-Alcohol,C:\PycharmProjects\Alcohol Detection\dataset\Grupo_2\E_2_3\Iritech\E_2_3_0\E_2_3_0_L_5\via_region_data.json
E_2_3_0_L_M_N_N_1982_8_2017.bmp308278,Non-Alcohol,C:\PycharmProjects\Alcohol Detection\dataset\Grupo_2\E_2_3\Iritech\E_2_3_0\E_2_3_0_L_5\via_region_data.json
E_2_3_0_L_M_N_N_1982_9_2017.bmp308278,Non-Alcohol,C:\PycharmProjects\Alcohol Detection\dataset\Grupo_2\E_2_3\Iritech\E_2_3_0\E_2_3_0_L_5\via_region_data.json
E_2_3_0_L_M_N_N_1982_10_2017.bmp308278,Non-Alcohol,C:\PycharmProjects\Alcohol Detection\dataset\Grupo_2\E_2_3\Iritech\E_2_3_0\E_2_3_0_L_5\via_region_data.json
E_2_3_0_L_M_N_N_1982_11_2017.bmp308278,Non-Alcohol,C:\PycharmProjects\Alcohol Detection\dataset\Grupo_2\E_2_3\Iritech\E_2_3_0\E_2_3_0_L_5\via_region_data.json
E_2_3_0_L_M_N_N_1982_12_2017.bmp308278,Non-Alcohol,C:\PycharmProjects\Alcohol Detection\dataset\Grupo_2\E_2_3\Iritech\E_2_3_0\E_2_3_0_L_5\via_region_data.json
E_2_3_0_L_M_N_N_1982_13_2017.bmp308278,Non-Alcohol,C:\PycharmProjects\Alcohol Detection\dataset\Grupo_2\E_2_3\Iritech\E_2_3_0\E_2_3_0_L_5\via_region_data.json
E_2_3_0_L_M_N_N_1982_14_2017.bmp308278,Non-Alcohol,C:\PycharmProjects\Alcohol Detection\dataset\Grupo_2\E_2_3\Iritech\E_2_3_0\E_2_3_0_L_5\via_region_data.json
E_2_3_0_L_M_N_N_1982_15_2017.bmp308278,Non-Alcohol,C:\PycharmProjects\Alcohol Detection\dataset\Grupo_2\E_2_3\Iritech\E_2_3_0\E_2_3_0_L_5\via_region_data.json
E_2_3_0_L_M_N_N_1982_16_2017.bmp308278,Non-Alcohol,C:\PycharmProjects\Alcohol Detection\dataset\Grupo_2\E_2_3\Iritech\E_2_3_0\E_2_3_0_L_5\via_region_data.json
E_2_3_0_L_M_N_N_1982_17_2017.bmp308278,Non-Alcohol,C:\PycharmProjects\Alcohol Detection\dataset\Grupo_2\E_2_3\Iritech\E_2_3_0\E_2_3_0_L_5\via_region_data.json
E_2_3_0_L_M_N_N_1982_18_2017.bmp308278,Non-Alcohol,C:\PycharmProjects\Alcohol Detection\dataset\Grupo_2\E_2_3\Iritech\E_2_3_0\E_2_3_0_L_5\via_region_data.json
E_2_3_0_L_M_N_N_1982_19_2017.bmp308278,Non-Alcohol,C:\PycharmProjects\Alcohol Detection\dataset\Grupo_2\E_2_3\Iritech\E_2_3_0\E_2_3_0_L_5\via_region_data.json
E_2_3_0_L_M_N_N_1982_20_2017.bmp308278,Non-Alcohol,C:\PycharmProjects\Alcohol Detection\dataset\Grupo_2\E_2_3\Iritech\E_2_3_0\E_2_3_0_L_5\via_region_data.json
E_2_3_0_L_M_N_N_1982_21_2017.bmp308278,Non-Alcohol,C:\PycharmProjects\Alcohol Detection\dataset\Grupo_2\E_2_3\Iritech\E_2_3_0\E_2_3_0_L_5\via_region_data.json
E_2_3_0_L_M_N_N_1982_22_2017.bmp308278,Non-Alcohol,C:\PycharmProjects\Alcohol Detection\dataset\Grupo_2\E_2_3\Iritech\E_2_3_0\E_2_3_0_L_5\via_region_data.json
E_2_3_0_L_M_N_N_1982_23_2017.bmp308278,Non-Alcohol,C:\PycharmProjects\Alcohol Detection\dataset\Grupo_2\E_2_3\Iritech\E_2_3_0\E_2_3_0_L_5\via_region_data.json
E_2_3_0_L_M_N_N_1982_24_2017.bmp308278,Non-Alcohol,C:\PycharmProjects\Alcohol Detection\dataset\Grupo_2\E_2_3\Iritech\E_2_3_0\E_2_3_0_L_5\via_region_data.json
E_2_3_0_L_M_N_N_1982_25_2017.bmp308278,Non-Alcohol,C:\PycharmProjects\Alcohol Detection\dataset\Grupo_2\E_2_3\Iritech\E_2_3_0\E_2_3_0_L_5\via_region_data.json
E_2_3_0_L_M_N_N_1982_26_2017.bmp308278,Non-Alcohol,C:\PycharmProjects\Alcohol Detection\dataset\Grupo_2\E_2_3\Iritech\E_2_3_0\E_2_3_0_L_5\via_region_data.json
E_2_3_0_L_M_N_N_1982_27_2017.bmp308278,Non-Alcohol,C:\PycharmProjects\Alcohol Detection\dataset\Grupo_2\E_2_3\Iritech\E_2_3_0\E_2_3_0_L_5\via_region_data.json
E_2_3_0_L_M_N_N_1982_28_2017.bmp308278,Non-Alcohol,C:\PycharmProjects\Alcohol Detection\dataset\Grupo_2\E_2_3\Iritech\E_2_3_0\E_2_3_0_L_5\via_region_data.json
E_2_3_0_L_M_N_N_1982_29_2017.bmp308278,Non-Alcohol,C:\PycharmProjects\Alcohol Detection\dataset\Grupo_2\E_2_3\Iritech\E_2_3_0\E_2_3_0_L_5\via_region_data.json
E_2_3_0_L_M_N_N_1982_30_2017.bmp308278,Non-Alcohol,C:\PycharmProjects\Alcohol Detection\dataset\Grupo_2\E_2_3\Iritech\E_2_3_0\E_2_3_0_L_5\via_region_data.json
E_2_3_0_L_M_N_N_1982_31_2017.bmp308278,Non-Alcohol,C:\PycharmProjects\Alcohol Detection\dataset\Grupo_2\E_2_3\Iritech\E_2_3_0\E_2_3_0_L_5\via_region_data.json
E_2_3_0_L_M_N_N_1982_32_2017.bmp308278,Non-Alcohol,C:\PycharmProjects\Alcohol Detection\dataset\Grupo_2\E_2_3\Iritech\E_2_3_0\E_2_3_0_L_5\via_region_data.json
E_2_3_0_L_M_N_N_1982_33_2017.bmp308278,Non-Alcohol,C:\PycharmProjects\Alcohol Detection\dataset\Grupo_2\E_2_3\Iritech\E_2_3_0\E_2_3_0_L_5\via_region_data.json
E_2_3_0_L_M_N_N_1982_34_2017.bmp308278,Non-Alcohol,C:\PycharmProjects\Alcohol Detection\dataset\Grupo_2\E_2_3\Iritech\E_2_3_0\E_2_3_0_L_5\via_region_data.json
E_2_3_0_L_M_N_N_1982_35_2017.bmp308278,Non-Alcohol,C:\PycharmProjects\Alcohol Detection\dataset\Grupo_2\E_2_3\Iritech\E_2_3_0\E_2_3_0_L_5\via_region_data.json
E_2_3_0_L_M_N_N_1982_36_2017.bmp308278,Non-Alcohol,C:\PycharmProjects\Alcohol Detection\dataset\Grupo_2\E_2_3\Iritech\E_2_3_0\E_2_3_0_L_5\via_region_data.json
E_2_3_0_L_M_N_N_1982_37_2017.bmp308278,Non-Alcohol,C:\PycharmProjects\Alcohol Detection\dataset\Grupo_2\E_2_3\Iritech\E_2_3_0\E_2_3_0_L_5\via_region_data.json
E_2_3_0_L_M_N_N_1982_38_2017.bmp308278,Non-Alcohol,C:\PycharmProjects\Alcohol Detection\dataset\Grupo_2\E_2_3\Iritech\E_2_3_0\E_2_3_0_L_5\via_region_data.json
E_2_3_0_L_M_N_N_1982_39_2017.bmp308278,Non-Alcohol,C:\PycharmProjects\Alcohol Detection\dataset\Grupo_2\E_2_3\Iritech\E_2_3_0\E_2_3_0_L_5\via_region_data.json
E_2_3_0_L_M_N_N_1982_40_2017.bmp308278,Non-Alcohol,C:\PycharmProjects\Alcohol Detection\dataset\Grupo_2\E_2_3\Iritech\E_2_3_0\E_2_3_0_L_5\via_region_data.json
E_2_3_0_L_M_N_N_1982_41_2017.bmp308278,Non-Alcohol,C:\PycharmProjects\Alcohol Detection\dataset\Grupo_2\E_2_3\Iritech\E_2_3_0\E_2_3_0_L_5\via_region_data.json
E_2_3_0_L_M_N_N_1982_42_2017.bmp308278,Non-Alcohol,C:\PycharmProjects\Alcohol Detection\dataset\Grupo_2\E_2_3\Iritech\E_2_3_0\E_2_3_0_L_5\via_region_data.json
E_2_3_0_L_M_N_N_1982_43_2017.bmp308278,Non-Alcohol,C:\PycharmProjects\Alcohol Detection\dataset\Grupo_2\E_2_3\Iritech\E_2_3_0\E_2_3_0_L_5\via_region_data.json
E_2_3_0_L_M_N_N_1982_44_2017.bmp308278,Non-Alcohol,C:\PycharmProjects\Alcohol Detection\dataset\Grupo_2\E_2_3\Iritech\E_2_3_0\E_2_3_0_L_5\via_region_data.json
E_2_3_0_L_M_N_N_1982_45_2017.bmp308278,Non-Alcohol,C:\PycharmProjects\Alcohol Detection\dataset\Grupo_2\E_2_3\Iritech\E_2_3_0\E_2_3_0_L_5\via_region_data.json
E_2_3_0_L_M_N_N_1982_46_2017.bmp308278,Non-Alcohol,C:\PycharmProjects\Alcohol Detection\dataset\Grupo_2\E_2_3\Iritech\E_2_3_0\E_2_3_0_L_5\via_region_data.json
E_2_3_0_L_M_N_N_1982_47_2017.bmp308278,Non-Alcohol,C:\PycharmProjects\Alcohol Detection\dataset\Grupo_2\E_2_3\Iritech\E_2_3_0\E_2_3_0_L_5\via_region_data.json
E_2_3_0_L_M_N_N_1982_48_2017.bmp308278,Non-Alcohol,C:\PycharmProjects\Alcohol Detection\dataset\Grupo_2\E_2_3\Iritech\E_2_3_0\E_2_3_0_L_5\via_region_data.json
E_2_3_0_L_M_N_N_1982_49_2017.bmp308278,Non-Alcohol,C:\PycharmProjects\Alcohol Detection\dataset\Grupo_2\E_2_3\Iritech\E_2_3_0\E_2_3_0_L_5\via_region_data.json
E_2_3_0_L_M_N_N_1982_50_2017.bmp308278,Non-Alcohol,C:\PycharmProjects\Alcohol Detection\dataset\Grupo_2\E_2_3\Iritech\E_2_3_0\E_2_3_0_L_5\via_region_data.json
E_2_3_0_L_M_N_N_1982_51_2017.bmp308278,Non-Alcohol,C:\PycharmProjects\Alcohol Detection\dataset\Grupo_2\E_2_3\Iritech\E_2_3_0\E_2_3_0_L_5\via_region_data.json
E_2_3_0_L_M_N_N_1982_52_2017.bmp308278,Non-Alcohol,C:\PycharmProjects\Alcohol Detection\dataset\Grupo_2\E_2_3\Iritech\E_2_3_0\E_2_3_0_L_5\via_region_data.json
E_2_3_0_L_M_N_N_1982_53_2017.bmp308278,Non-Alcohol,C:\PycharmProjects\Alcohol Detection\dataset\Grupo_2\E_2_3\Iritech\E_2_3_0\E_2_3_0_L_5\via_region_data.json
E_2_3_0_L_M_N_N_1982_54_2017.bmp308278,Non-Alcohol,C:\PycharmProjects\Alcohol Detection\dataset\Grupo_2\E_2_3\Iritech\E_2_3_0\E_2_3_0_L_5\via_region_data.json
E_2_3_0_L_M_N_N_1982_55_2017.bmp308278,Non-Alcohol,C:\PycharmProjects\Alcohol Detection\dataset\Grupo_2\E_2_3\Iritech\E_2_3_0\E_2_3_0_L_5\via_region_data.json
E_2_3_0_L_M_N_N_1982_56_2017.bmp308278,Non-Alcohol,C:\PycharmProjects\Alcohol Detection\dataset\Grupo_2\E_2_3\Iritech\E_2_3_0\E_2_3_0_L_5\via_region_data.json
E_2_3_0_L_M_N_N_1982_57_2017.bmp308278,Non-Alcohol,C:\PycharmProjects\Alcohol Detection\dataset\Grupo_2\E_2_3\Iritech\E_2_3_0\E_2_3_0_L_5\via_region_data.json
E_2_3_0_L_M_N_N_1982_58_2017.bmp308278,Non-Alcohol,C:\PycharmProjects\Alcohol Detection\dataset\Grupo_2\E_2_3\Iritech\E_2_3_0\E_2_3_0_L_5\via_region_data.json
E_2_3_0_L_M_N_N_1982_59_2017.bmp308278,Non-Alcohol,C:\PycharmProjects\Alcohol Detection\dataset\Grupo_2\E_2_3\Iritech\E_2_3_0\E_2_3_0_L_5\via_region_data.json
E_2_3_0_L_M_N_N_1982_60_2017.bmp308278,Non-Alcohol,C:\PycharmProjects\Alcohol Detection\dataset\Grupo_2\E_2_3\Iritech\E_2_3_0\E_2_3_0_L_5\via_region_data.json
E_2_3_0_L_M_N_N_1982_61_2017.bmp308278,Non-Alcohol,C:\PycharmProjects\Alcohol Detection\dataset\Grupo_2\E_2_3\Iritech\E_2_3_0\E_2_3_0_L_5\via_region_data.json
E_2_3_0_L_M_N_N_1982_62_2017.bmp308278,Non-Alcohol,C:\PycharmProjects\Alcohol Detection\dataset\Grupo_2\E_2_3\Iritech\E_2_3_0\E_2_3_0_L_5\via_region_data.json
E_2_3_0_L_M_N_N_1982_63_2017.bmp308278,Non-Alcohol,C:\PycharmProjects\Alcohol Detection\dataset\Grupo_2\E_2_3\Iritech\E_2_3_0\E_2_3_0_L_5\via_region_data.json
E_2_3_0_L_M_N_N_1982_64_2017.bmp308278,Non-Alcohol,C:\PycharmProjects\Alcohol Detection\dataset\Grupo_2\E_2_3\Iritech\E_2_3_0\E_2_3_0_L_5\via_region_data.json
E_2_3_0_L_M_N_N_1982_65_2017.bmp308278,Non-Alcohol,C:\PycharmProjects\Alcohol Detection\dataset\Grupo_2\E_2_3\Iritech\E_2_3_0\E_2_3_0_L_5\via_region_data.json
E_2_3_0_L_M_N_N_1982_66_2017.bmp308278,Non-Alcohol,C:\PycharmProjects\Alcohol Detection\dataset\Grupo_2\E_2_3\Iritech\E_2_3_0\E_2_3_0_L_5\via_region_data.json
E_2_3_0_L_M_N_N_1982_67_2017.bmp308278,Non-Alcohol,C:\PycharmProjects\Alcohol Detection\dataset\Grupo_2\E_2_3\Iritech\E_2_3_0\E_2_3_0_L_5\via_region_data.json
E_2_3_0_L_M_N_N_1982_68_2017.bmp308278,Non-Alcohol,C:\PycharmProjects\Alcohol Detection\dataset\Grupo_2\E_2_3\Iritech\E_2_3_0\E_2_3_0_L_5\via_region_data.json
E_2_3_0_L_M_N_N_1982_69_2017.bmp308278,Non-Alcohol,C:\PycharmProjects\Alcohol Detection\dataset\Grupo_2\E_2_3\Iritech\E_2_3_0\E_2_3_0_L_5\via_region_data.json
E_2_3_0_L_M_N_N_1982_70_2017.bmp308278,Non-Alcohol,C:\PycharmProjects\Alcohol Detection\dataset\Grupo_2\E_2_3\Iritech\E_2_3_0\E_2_3_0_L_5\via_region_data.json
E_2_3_0_L_M_N_N_1982_71_2017.bmp308278,Non-Alcohol,C:\PycharmProjects\Alcohol Detection\dataset\Grupo_2\E_2_3\Iritech\E_2_3_0\E_2_3_0_L_5\via_region_data.json
E_2_3_0_L_M_N_N_1982_72_2017.bmp308278,Non-Alcohol,C:\PycharmProjects\Alcohol Detection\dataset\Grupo_2\E_2_3\Iritech\E_2_3_0\E_2_3_0_L_5\via_region_data.json
E_2_3_0_L_M_N_N_1982_73_2017.bmp308278,Non-Alcohol,C:\PycharmProjects\Alcohol Detection\dataset\Grupo_2\E_2_3\Iritech\E_2_3_0\E_2_3_0_L_5\via_region_data.json
E_2_3_0_L_M_N_N_1982_74_2017.bmp308278,Non-Alcohol,C:\PycharmProjects\Alcohol Detection\dataset\Grupo_2\E_2_3\Iritech\E_2_3_0\E_2_3_0_L_5\via_region_data.json
E_2_3_0_L_M_N_N_1982_75_2017.bmp308278,Non-Alcohol,C:\PycharmProjects\Alcohol Detection\dataset\Grupo_2\E_2_3\Iritech\E_2_3_0\E_2_3_0_L_5\via_region_data.json
E_2_3_0_L_M_N_N_1982_76_2017.bmp308278,Non-Alcohol,C:\PycharmProjects\Alcohol Detection\dataset\Grupo_2\E_2_3\Iritech\E_2_3_0\E_2_3_0_L_5\via_region_data.json
E_2_3_0_L_M_N_N_1982_77_2017.bmp308278,Non-Alcohol,C:\PycharmProjects\Alcohol Detection\dataset\Grupo_2\E_2_3\Iritech\E_2_3_0\E_2_3_0_L_5\via_region_data.json
E_2_3_0_L_M_N_N_1982_78_2017.bmp308278,Non-Alcohol,C:\PycharmProjects\Alcohol Detection\dataset\Grupo_2\E_2_3\Iritech\E_2_3_0\E_2_3_0_L_5\via_region_data.json
E_2_3_0_R_M_N_N_1982_0_2017.bmp308278,Non-Alcohol,C:\PycharmProjects\Alcohol Detection\dataset\Grupo_2\E_2_3\Iritech\E_2_3_0\E_2_3_0_R_5\via_region_data.json
E_2_3_0_R_M_N_N_1982_1_2017.bmp308278,Non-Alcohol,C:\PycharmProjects\Alcohol Detection\dataset\Grupo_2\E_2_3\Iritech\E_2_3_0\E_2_3_0_R_5\via_region_data.json
E_2_3_0_R_M_N_N_1982_2_2017.bmp308278,Non-Alcohol,C:\PycharmProjects\Alcohol Detection\dataset\Grupo_2\E_2_3\Iritech\E_2_3_0\E_2_3_0_R_5\via_region_data.json
E_2_3_0_R_M_N_N_1982_3_2017.bmp308278,Non-Alcohol,C:\PycharmProjects\Alcohol Detection\dataset\Grupo_2\E_2_3\Iritech\E_2_3_0\E_2_3_0_R_5\via_region_data.json
E_2_3_0_R_M_N_N_1982_4_2017.bmp308278,Non-Alcohol,C:\PycharmProjects\Alcohol Detection\dataset\Grupo_2\E_2_3\Iritech\E_2_3_0\E_2_3_0_R_5\via_region_data.json
E_2_3_0_R_M_N_N_1982_5_2017.bmp308278,Non-Alcohol,C:\PycharmProjects\Alcohol Detection\dataset\Grupo_2\E_2_3\Iritech\E_2_3_0\E_2_3_0_R_5\via_region_data.json
E_2_3_0_R_M_N_N_1982_6_2017.bmp308278,Non-Alcohol,C:\PycharmProjects\Alcohol Detection\dataset\Grupo_2\E_2_3\Iritech\E_2_3_0\E_2_3_0_R_5\via_region_data.json
E_2_3_0_R_M_N_N_1982_7_2017.bmp308278,Non-Alcohol,C:\PycharmProjects\Alcohol Detection\dataset\Grupo_2\E_2_3\Iritech\E_2_3_0\E_2_3_0_R_5\via_region_data.json
E_2_3_0_R_M_N_N_1982_8_2017.bmp308278,Non-Alcohol,C:\PycharmProjects\Alcohol Detection\dataset\Grupo_2\E_2_3\Iritech\E_2_3_0\E_2_3_0_R_5\via_region_data.json
E_2_3_0_R_M_N_N_1982_9_2017.bmp308278,Non-Alcohol,C:\PycharmProjects\Alcohol Detection\dataset\Grupo_2\E_2_3\Iritech\E_2_3_0\E_2_3_0_R_5\via_region_data.json
E_2_3_0_R_M_N_N_1982_10_2017.bmp308278,Non-Alcohol,C:\PycharmProjects\Alcohol Detection\dataset\Grupo_2\E_2_3\Iritech\E_2_3_0\E_2_3_0_R_5\via_region_data.json
E_2_3_0_R_M_N_N_1982_11_2017.bmp308278,Non-Alcohol,C:\PycharmProjects\Alcohol Detection\dataset\Grupo_2\E_2_3\Iritech\E_2_3_0\E_2_3_0_R_5\via_region_data.json
E_2_3_0_R_M_N_N_1982_12_2017.bmp308278,Non-Alcohol,C:\PycharmProjects\Alcohol Detection\dataset\Grupo_2\E_2_3\Iritech\E_2_3_0\E_2_3_0_R_5\via_region_data.json
E_2_3_0_R_M_N_N_1982_13_2017.bmp308278,Non-Alcohol,C:\PycharmProjects\Alcohol Detection\dataset\Grupo_2\E_2_3\Iritech\E_2_3_0\E_2_3_0_R_5\via_region_data.json
E_2_3_0_R_M_N_N_1982_14_2017.bmp308278,Non-Alcohol,C:\PycharmProjects\Alcohol Detection\dataset\Grupo_2\E_2_3\Iritech\E_2_3_0\E_2_3_0_R_5\via_region_data.json
E_2_3_0_R_M_N_N_1982_15_2017.bmp308278,Non-Alcohol,C:\PycharmProjects\Alcohol Detection\dataset\Grupo_2\E_2_3\Iritech\E_2_3_0\E_2_3_0_R_5\via_region_data.json
E_2_3_0_R_M_N_N_1982_16_2017.bmp308278,Non-Alcohol,C:\PycharmProjects\Alcohol Detection\dataset\Grupo_2\E_2_3\Iritech\E_2_3_0\E_2_3_0_R_5\via_region_data.json
E_2_3_0_R_M_N_N_1982_17_2017.bmp308278,Non-Alcohol,C:\PycharmProjects\Alcohol Detection\dataset\Grupo_2\E_2_3\Iritech\E_2_3_0\E_2_3_0_R_5\via_region_data.json
E_2_3_0_R_M_N_N_1982_18_2017.bmp308278,Non-Alcohol,C:\PycharmProjects\Alcohol Detection\dataset\Grupo_2\E_2_3\Iritech\E_2_3_0\E_2_3_0_R_5\via_region_data.json
E_2_3_0_R_M_N_N_1982_19_2017.bmp308278,Non-Alcohol,C:\PycharmProjects\Alcohol Detection\dataset\Grupo_2\E_2_3\Iritech\E_2_3_0\E_2_3_0_R_5\via_region_data.json
E_2_3_0_R_M_N_N_1982_20_2017.bmp308278,Non-Alcohol,C:\PycharmProjects\Alcohol Detection\dataset\Grupo_2\E_2_3\Iritech\E_2_3_0\E_2_3_0_R_5\via_region_data.json
E_2_3_0_R_M_N_N_1982_21_2017.bmp308278,Non-Alcohol,C:\PycharmProjects\Alcohol Detection\dataset\Grupo_2\E_2_3\Iritech\E_2_3_0\E_2_3_0_R_5\via_region_data.json
E_2_3_0_R_M_N_N_1982_22_2017.bmp308278,Non-Alcohol,C:\PycharmProjects\Alcohol Detection\dataset\Grupo_2\E_2_3\Iritech\E_2_3_0\E_2_3_0_R_5\via_region_data.json
E_2_3_0_R_M_N_N_1982_23_2017.bmp308278,Non-Alcohol,C:\PycharmProjects\Alcohol Detection\dataset\Grupo_2\E_2_3\Iritech\E_2_3_0\E_2_3_0_R_5\via_region_data.json
E_2_3_0_R_M_N_N_1982_24_2017.bmp308278,Non-Alcohol,C:\PycharmProjects\Alcohol Detection\dataset\Grupo_2\E_2_3\Iritech\E_2_3_0\E_2_3_0_R_5\via_region_data.json
E_2_3_0_R_M_N_N_1982_25_2017.bmp308278,Non-Alcohol,C:\PycharmProjects\Alcohol Detection\dataset\Grupo_2\E_2_3\Iritech\E_2_3_0\E_2_3_0_R_5\via_region_data.json
E_2_3_0_R_M_N_N_1982_26_2017.bmp308278,Non-Alcohol,C:\PycharmProjects\Alcohol Detection\dataset\Grupo_2\E_2_3\Iritech\E_2_3_0\E_2_3_0_R_5\via_region_data.json
E_2_3_0_R_M_N_N_1982_27_2017.bmp308278,Non-Alcohol,C:\PycharmProjects\Alcohol Detection\dataset\Grupo_2\E_2_3\Iritech\E_2_3_0\E_2_3_0_R_5\via_region_data.json
E_2_3_0_R_M_N_N_1982_28_2017.bmp308278,Non-Alcohol,C:\PycharmProjects\Alcohol Detection\dataset\Grupo_2\E_2_3\Iritech\E_2_3_0\E_2_3_0_R_5\via_region_data.json
E_2_3_0_R_M_N_N_1982_29_2017.bmp308278,Non-Alcohol,C:\PycharmProjects\Alcohol Detection\dataset\Grupo_2\E_2_3\Iritech\E_2_3_0\E_2_3_0_R_5\via_region_data.json
E_2_3_0_R_M_N_N_1982_30_2017.bmp308278,Non-Alcohol,C:\PycharmProjects\Alcohol Detection\dataset\Grupo_2\E_2_3\Iritech\E_2_3_0\E_2_3_0_R_5\via_region_data.json
E_2_3_0_R_M_N_N_1982_31_2017.bmp308278,Non-Alcohol,C:\PycharmProjects\Alcohol Detection\dataset\Grupo_2\E_2_3\Iritech\E_2_3_0\E_2_3_0_R_5\via_region_data.json
E_2_3_0_R_M_N_N_1982_32_2017.bmp308278,Non-Alcohol,C:\PycharmProjects\Alcohol Detection\dataset\Grupo_2\E_2_3\Iritech\E_2_3_0\E_2_3_0_R_5\via_region_data.json
E_2_3_0_R_M_N_N_1982_33_2017.bmp308278,Non-Alcohol,C:\PycharmProjects\Alcohol Detection\dataset\Grupo_2\E_2_3\Iritech\E_2_3_0\E_2_3_0_R_5\via_region_data.json
E_2_3_0_R_M_N_N_1982_34_2017.bmp308278,Non-Alcohol,C:\PycharmProjects\Alcohol Detection\dataset\Grupo_2\E_2_3\Iritech\E_2_3_0\E_2_3_0_R_5\via_region_data.json
E_2_3_0_R_M_N_N_1982_35_2017.bmp308278,Non-Alcohol,C:\PycharmProjects\Alcohol Detection\dataset\Grupo_2\E_2_3\Iritech\E_2_3_0\E_2_3_0_R_5\via_region_data.json
E_2_3_0_R_M_N_N_1982_36_2017.bmp308278,Non-Alcohol,C:\PycharmProjects\Alcohol Detection\dataset\Grupo_2\E_2_3\Iritech\E_2_3_0\E_2_3_0_R_5\via_region_data.json
E_2_3_0_R_M_N_N_1982_37_2017.bmp308278,Non-Alcohol,C:\PycharmProjects\Alcohol Detection\dataset\Grupo_2\E_2_3\Iritech\E_2_3_0\E_2_3_0_R_5\via_region_data.json
E_2_3_0_R_M_N_N_1982_38_2017.bmp308278,Non-Alcohol,C:\PycharmProjects\Alcohol Detection\dataset\Grupo_2\E_2_3\Iritech\E_2_3_0\E_2_3_0_R_5\via_region_data.json
E_2_3_0_R_M_N_N_1982_39_2017.bmp308278,Non-Alcohol,C:\PycharmProjects\Alcohol Detection\dataset\Grupo_2\E_2_3\Iritech\E_2_3_0\E_2_3_0_R_5\via_region_data.json
E_2_3_0_R_M_N_N_1982_40_2017.bmp308278,Non-Alcohol,C:\PycharmProjects\Alcohol Detection\dataset\Grupo_2\E_2_3\Iritech\E_2_3_0\E_2_3_0_R_5\via_region_data.json
E_2_3_0_R_M_N_N_1982_41_2017.bmp308278,Non-Alcohol,C:\PycharmProjects\Alcohol Detection\dataset\Grupo_2\E_2_3\Iritech\E_2_3_0\E_2_3_0_R_5\via_region_data.json
E_2_3_0_R_M_N_N_1982_42_2017.bmp308278,Non-Alcohol,C:\PycharmProjects\Alcohol Detection\dataset\Grupo_2\E_2_3\Iritech\E_2_3_0\E_2_3_0_R_5\via_region_data.json
E_2_3_0_R_M_N_N_1982_43_2017.bmp308278,Non-Alcohol,C:\PycharmProjects\Alcohol Detection\dataset\Grupo_2\E_2_3\Iritech\E_2_3_0\E_2_3_0_R_5\via_region_data.json
E_2_3_0_R_M_N_N_1982_44_2017.bmp308278,Non-Alcohol,C:\PycharmProjects\Alcohol Detection\dataset\Grupo_2\E_2_3\Iritech\E_2_3_0\E_2_3_0_R_5\via_region_data.json
E_2_3_0_R_M_N_N_1982_45_2017.bmp308278,Non-Alcohol,C:\PycharmProjects\Alcohol Detection\dataset\Grupo_2\E_2_3\Iritech\E_2_3_0\E_2_3_0_R_5\via_region_data.json
E_2_3_0_R_M_N_N_1982_46_2017.bmp308278,Non-Alcohol,C:\PycharmProjects\Alcohol Detection\dataset\Grupo_2\E_2_3\Iritech\E_2_3_0\E_2_3_0_R_5\via_region_data.json
E_2_3_0_R_M_N_N_1982_47_2017.bmp308278,Non-Alcohol,C:\PycharmProjects\Alcohol Detection\dataset\Grupo_2\E_2_3\Iritech\E_2_3_0\E_2_3_0_R_5\via_region_data.json
E_2_3_0_R_M_N_N_1982_48_2017.bmp308278,Non-Alcohol,C:\PycharmProjects\Alcohol Detection\dataset\Grupo_2\E_2_3\Iritech\E_2_3_0\E_2_3_0_R_5\via_region_data.json
E_2_3_0_R_M_N_N_1982_49_2017.bmp308278,Non-Alcohol,C:\PycharmProjects\Alcohol Detection\dataset\Grupo_2\E_2_3\Iritech\E_2_3_0\E_2_3_0_R_5\via_region_data.json
E_2_3_0_R_M_N_N_1982_50_2017.bmp308278,Non-Alcohol,C:\PycharmProjects\Alcohol Detection\dataset\Grupo_2\E_2_3\Iritech\E_2_3_0\E_2_3_0_R_5\via_region_data.json
E_2_3_0_R_M_N_N_1982_51_2017.bmp308278,Non-Alcohol,C:\PycharmProjects\Alcohol Detection\dataset\Grupo_2\E_2_3\Iritech\E_2_3_0\E_2_3_0_R_5\via_region_data.json
E_2_3_0_R_M_N_N_1982_52_2017.bmp308278,Non-Alcohol,C:\PycharmProjects\Alcohol Detection\dataset\Grupo_2\E_2_3\Iritech\E_2_3_0\E_2_3_0_R_5\via_region_data.json
E_2_3_0_R_M_N_N_1982_53_2017.bmp308278,Non-Alcohol,C:\PycharmProjects\Alcohol Detection\dataset\Grupo_2\E_2_3\Iritech\E_2_3_0\E_2_3_0_R_5\via_region_data.json
E_2_3_0_R_M_N_N_1982_54_2017.bmp308278,Non-Alcohol,C:\PycharmProjects\Alcohol Detection\dataset\Grupo_2\E_2_3\Iritech\E_2_3_0\E_2_3_0_R_5\via_region_data.json
E_2_3_0_R_M_N_N_1982_55_2017.bmp308278,Non-Alcohol,C:\PycharmProjects\Alcohol Detection\dataset\Grupo_2\E_2_3\Iritech\E_2_3_0\E_2_3_0_R_5\via_region_data.json
E_2_3_0_R_M_N_N_1982_56_2017.bmp308278,Non-Alcohol,C:\PycharmProjects\Alcohol Detection\dataset\Grupo_2\E_2_3\Iritech\E_2_3_0\E_2_3_0_R_5\via_region_data.json
E_2_3_0_R_M_N_N_1982_57_2017.bmp308278,Non-Alcohol,C:\PycharmProjects\Alcohol Detection\dataset\Grupo_2\E_2_3\Iritech\E_2_3_0\E_2_3_0_R_5\via_region_data.json
E_2_3_0_R_M_N_N_1982_58_2017.bmp308278,Non-Alcohol,C:\PycharmProjects\Alcohol Detection\dataset\Grupo_2\E_2_3\Iritech\E_2_3_0\E_2_3_0_R_5\via_region_data.json
E_2_3_0_R_M_N_N_1982_59_2017.bmp308278,Non-Alcohol,C:\PycharmProjects\Alcohol Detection\dataset\Grupo_2\E_2_3\Iritech\E_2_3_0\E_2_3_0_R_5\via_region_data.json
E_2_3_0_R_M_N_N_1982_60_2017.bmp308278,Non-Alcohol,C:\PycharmProjects\Alcohol Detection\dataset\Grupo_2\E_2_3\Iritech\E_2_3_0\E_2_3_0_R_5\via_region_data.json
E_2_3_0_R_M_N_N_1982_61_2017.bmp308278,Non-Alcohol,C:\PycharmProjects\Alcohol Detection\dataset\Grupo_2\E_2_3\Iritech\E_2_3_0\E_2_3_0_R_5\via_region_data.json
E_2_3_0_R_M_N_N_1982_62_2017.bmp308278,Non-Alcohol,C:\PycharmProjects\Alcohol Detection\dataset\Grupo_2\E_2_3\Iritech\E_2_3_0\E_2_3_0_R_5\via_region_data.json
E_2_3_0_R_M_N_N_1982_63_2017.bmp308278,Non-Alcohol,C:\PycharmProjects\Alcohol Detection\dataset\Grupo_2\E_2_3\Iritech\E_2_3_0\E_2_3_0_R_5\via_region_data.json
E_2_3_0_R_M_N_N_1982_64_2017.bmp308278,Non-Alcohol,C:\PycharmProjects\Alcohol Detection\dataset\Grupo_2\E_2_3\Iritech\E_2_3_0\E_2_3_0_R_5\via_region_data.json
E_2_3_0_R_M_N_N_1982_65_2017.bmp308278,Non-Alcohol,C:\PycharmProjects\Alcohol Detection\dataset\Grupo_2\E_2_3\Iritech\E_2_3_0\E_2_3_0_R_5\via_region_data.json
E_2_3_0_R_M_N_N_1982_66_2017.bmp308278,Non-Alcohol,C:\PycharmProjects\Alcohol Detection\dataset\Grupo_2\E_2_3\Iritech\E_2_3_0\E_2_3_0_R_5\via_region_data.json
E_2_3_0_R_M_N_N_1982_67_2017.bmp308278,Non-Alcohol,C:\PycharmProjects\Alcohol Detection\dataset\Grupo_2\E_2_3\Iritech\E_2_3_0\E_2_3_0_R_5\via_region_data.json
E_2_3_0_R_M_N_N_1982_68_2017.bmp308278,Non-Alcohol,C:\PycharmProjects\Alcohol Detection\dataset\Grupo_2\E_2_3\Iritech\E_2_3_0\E_2_3_0_R_5\via_region_data.json
E_2_3_0_R_M_N_N_1982_69_2017.bmp308278,Non-Alcohol,C:\PycharmProjects\Alcohol Detection\dataset\Grupo_2\E_2_3\Iritech\E_2_3_0\E_2_3_0_R_5\via_region_data.json
E_2_3_0_R_M_N_N_1982_70_2017.bmp308278,Non-Alcohol,C:\PycharmProjects\Alcohol Detection\dataset\Grupo_2\E_2_3\Iritech\E_2_3_0\E_2_3_0_R_5\via_region_data.json
E_2_3_0_R_M_N_N_1982_71_2017.bmp308278,Non-Alcohol,C:\PycharmProjects\Alcohol Detection\dataset\Grupo_2\E_2_3\Iritech\E_2_3_0\E_2_3_0_R_5\via_region_data.json
E_2_3_0_R_M_N_N_1982_72_2017.bmp308278,Non-Alcohol,C:\PycharmProjects\Alcohol Detection\dataset\Grupo_2\E_2_3\Iritech\E_2_3_0\E_2_3_0_R_5\via_region_data.json
E_2_3_0_R_M_N_N_1982_73_2017.bmp308278,Non-Alcohol,C:\PycharmProjects\Alcohol Detection\dataset\Grupo_2\E_2_3\Iritech\E_2_3_0\E_2_3_0_R_5\via_region_data.json
E_2_3_0_R_M_N_N_1982_74_2017.bmp308278,Non-Alcohol,C:\PycharmProjects\Alcohol Detection\dataset\Grupo_2\E_2_3\Iritech\E_2_3_0\E_2_3_0_R_5\via_region_data.json
E_2_3_0_R_M_N_N_1982_75_2017.bmp308278,Non-Alcohol,C:\PycharmProjects\Alcohol Detection\dataset\Grupo_2\E_2_3\Iritech\E_2_3_0\E_2_3_0_R_5\via_region_data.json
E_2_3_0_R_M_N_N_1982_76_2017.bmp308278,Non-Alcohol,C:\PycharmProjects\Alcohol Detection\dataset\Grupo_2\E_2_3\Iritech\E_2_3_0\E_2_3_0_R_5\via_region_data.json
E_2_3_0_R_M_N_N_1982_77_2017.bmp308278,Non-Alcohol,C:\PycharmProjects\Alcohol Detection\dataset\Grupo_2\E_2_3\Iritech\E_2_3_0\E_2_3_0_R_5\via_region_data.json
E_2_3_0_R_M_N_N_1982_78_2017.bmp308278,Non-Alcohol,C:\PycharmProjects\Alcohol Detection\dataset\Grupo_2\E_2_3\Iritech\E_2_3_0\E_2_3_0_R_5\via_region_data.json
E_2_3_0_R_M_N_N_1982_79_2017.bmp308278,Non-Alcohol,C:\PycharmProjects\Alcohol Detection\dataset\Grupo_2\E_2_3\Iritech\E_2_3_0\E_2_3_0_R_5\via_region_data.json
E_2_3_0_R_M_N_N_1982_80_2017.bmp308278,Non-Alcohol,C:\PycharmProjects\Alcohol Detection\dataset\Grupo_2\E_2_3\Iritech\E_2_3_0\E_2_3_0_R_5\via_region_data.json
E_2_3_1_L_M_N_N_1982_0_2017.bmp308278,Non-Alcohol,C:\PycharmProjects\Alcohol Detection\dataset\Grupo_2\E_2_3\Iritech\E_2_3_1\via_region_data.json
E_2_3_1_R_M_N_N_1982_0_2017.bmp308278,Non-Alcohol,C:\PycharmProjects\Alcohol Detection\dataset\Grupo_2\E_2_3\Iritech\E_2_3_1\via_region_data.json
E_2_3_1_L_M_N_N_1982_0_2017.bmp308278,Non-Alcohol,C:\PycharmProjects\Alcohol Detection\dataset\Grupo_2\E_2_3\Iritech\E_2_3_1\E_2_3_1_L_5\via_region_data.json
E_2_3_1_L_M_N_N_1982_1_2017.bmp308278,Alcohol,C:\PycharmProjects\Alcohol Detection\dataset\Grupo_2\E_2_3\Iritech\E_2_3_1\E_2_3_1_L_5\via_region_data.json
E_2_3_1_L_M_N_N_1982_2_2017.bmp308278,Alcohol,C:\PycharmProjects\Alcohol Detection\dataset\Grupo_2\E_2_3\Iritech\E_2_3_1\E_2_3_1_L_5\via_region_data.json
E_2_3_1_L_M_N_N_1982_3_2017.bmp308278,Alcohol,C:\PycharmProjects\Alcohol Detection\dataset\Grupo_2\E_2_3\Iritech\E_2_3_1\E_2_3_1_L_5\via_region_data.json
E_2_3_1_L_M_N_N_1982_4_2017.bmp308278,Alcohol,C:\PycharmProjects\Alcohol Detection\dataset\Grupo_2\E_2_3\Iritech\E_2_3_1\E_2_3_1_L_5\via_region_data.json
E_2_3_1_L_M_N_N_1982_5_2017.bmp308278,Alcohol,C:\PycharmProjects\Alcohol Detection\dataset\Grupo_2\E_2_3\Iritech\E_2_3_1\E_2_3_1_L_5\via_region_data.json
E_2_3_1_L_M_N_N_1982_6_2017.bmp308278,Alcohol,C:\PycharmProjects\Alcohol Detection\dataset\Grupo_2\E_2_3\Iritech\E_2_3_1\E_2_3_1_L_5\via_region_data.json
E_2_3_1_L_M_N_N_1982_7_2017.bmp308278,Alcohol,C:\PycharmProjects\Alcohol Detection\dataset\Grupo_2\E_2_3\Iritech\E_2_3_1\E_2_3_1_L_5\via_region_data.json
E_2_3_1_L_M_N_N_1982_8_2017.bmp308278,Alcohol,C:\PycharmProjects\Alcohol Detection\dataset\Grupo_2\E_2_3\Iritech\E_2_3_1\E_2_3_1_L_5\via_region_data.json
E_2_3_1_L_M_N_N_1982_9_2017.bmp308278,Alcohol,C:\PycharmProjects\Alcohol Detection\dataset\Grupo_2\E_2_3\Iritech\E_2_3_1\E_2_3_1_L_5\via_region_data.json
E_2_3_1_L_M_N_N_1982_10_2017.bmp308278,Alcohol,C:\PycharmProjects\Alcohol Detection\dataset\Grupo_2\E_2_3\Iritech\E_2_3_1\E_2_3_1_L_5\via_region_data.json
E_2_3_1_L_M_N_N_1982_11_2017.bmp308278,Alcohol,C:\PycharmProjects\Alcohol Detection\dataset\Grupo_2\E_2_3\Iritech\E_2_3_1\E_2_3_1_L_5\via_region_data.json
E_2_3_1_L_M_N_N_1982_12_2017.bmp308278,Alcohol,C:\PycharmProjects\Alcohol Detection\dataset\Grupo_2\E_2_3\Iritech\E_2_3_1\E_2_3_1_L_5\via_region_data.json
E_2_3_1_L_M_N_N_1982_13_2017.bmp308278,Alcohol,C:\PycharmProjects\Alcohol Detection\dataset\Grupo_2\E_2_3\Iritech\E_2_3_1\E_2_3_1_L_5\via_region_data.json
E_2_3_1_L_M_N_N_1982_14_2017.bmp308278,Alcohol,C:\PycharmProjects\Alcohol Detection\dataset\Grupo_2\E_2_3\Iritech\E_2_3_1\E_2_3_1_L_5\via_region_data.json
E_2_3_1_L_M_N_N_1982_15_2017.bmp308278,Alcohol,C:\PycharmProjects\Alcohol Detection\dataset\Grupo_2\E_2_3\Iritech\E_2_3_1\E_2_3_1_L_5\via_region_data.json
E_2_3_1_L_M_N_N_1982_16_2017.bmp308278,Alcohol,C:\PycharmProjects\Alcohol Detection\dataset\Grupo_2\E_2_3\Iritech\E_2_3_1\E_2_3_1_L_5\via_region_data.json
E_2_3_1_L_M_N_N_1982_17_2017.bmp308278,Alcohol,C:\PycharmProjects\Alcohol Detection\dataset\Grupo_2\E_2_3\Iritech\E_2_3_1\E_2_3_1_L_5\via_region_data.json
E_2_3_1_L_M_N_N_1982_18_2017.bmp308278,Alcohol,C:\PycharmProjects\Alcohol Detection\dataset\Grupo_2\E_2_3\Iritech\E_2_3_1\E_2_3_1_L_5\via_region_data.json
E_2_3_1_L_M_N_N_1982_19_2017.bmp308278,Alcohol,C:\PycharmProjects\Alcohol Detection\dataset\Grupo_2\E_2_3\Iritech\E_2_3_1\E_2_3_1_L_5\via_region_data.json
E_2_3_1_L_M_N_N_1982_20_2017.bmp308278,Alcohol,C:\PycharmProjects\Alcohol Detection\dataset\Grupo_2\E_2_3\Iritech\E_2_3_1\E_2_3_1_L_5\via_region_data.json
E_2_3_1_L_M_N_N_1982_21_2017.bmp308278,Alcohol,C:\PycharmProjects\Alcohol Detection\dataset\Grupo_2\E_2_3\Iritech\E_2_3_1\E_2_3_1_L_5\via_region_data.json
E_2_3_1_L_M_N_N_1982_22_2017.bmp308278,Alcohol,C:\PycharmProjects\Alcohol Detection\dataset\Grupo_2\E_2_3\Iritech\E_2_3_1\E_2_3_1_L_5\via_region_data.json
E_2_3_1_L_M_N_N_1982_23_2017.bmp308278,Alcohol,C:\PycharmProjects\Alcohol Detection\dataset\Grupo_2\E_2_3\Iritech\E_2_3_1\E_2_3_1_L_5\via_region_data.json
E_2_3_1_L_M_N_N_1982_24_2017.bmp308278,Alcohol,C:\PycharmProjects\Alcohol Detection\dataset\Grupo_2\E_2_3\Iritech\E_2_3_1\E_2_3_1_L_5\via_region_data.json
E_2_3_1_L_M_N_N_1982_25_2017.bmp308278,Alcohol,C:\PycharmProjects\Alcohol Detection\dataset\Grupo_2\E_2_3\Iritech\E_2_3_1\E_2_3_1_L_5\via_region_data.json
E_2_3_1_L_M_N_N_1982_26_2017.bmp308278,Alcohol,C:\PycharmProjects\Alcohol Detection\dataset\Grupo_2\E_2_3\Iritech\E_2_3_1\E_2_3_1_L_5\via_region_data.json
E_2_3_1_L_M_N_N_1982_27_2017.bmp308278,Alcohol,C:\PycharmProjects\Alcohol Detection\dataset\Grupo_2\E_2_3\Iritech\E_2_3_1\E_2_3_1_L_5\via_region_data.json
E_2_3_1_L_M_N_N_1982_28_2017.bmp308278,Alcohol,C:\PycharmProjects\Alcohol Detection\dataset\Grupo_2\E_2_3\Iritech\E_2_3_1\E_2_3_1_L_5\via_region_data.json
E_2_3_1_L_M_N_N_1982_29_2017.bmp308278,Alcohol,C:\PycharmProjects\Alcohol Detection\dataset\Grupo_2\E_2_3\Iritech\E_2_3_1\E_2_3_1_L_5\via_region_data.json
E_2_3_1_L_M_N_N_1982_30_2017.bmp308278,Alcohol,C:\PycharmProjects\Alcohol Detection\dataset\Grupo_2\E_2_3\Iritech\E_2_3_1\E_2_3_1_L_5\via_region_data.json
E_2_3_1_L_M_N_N_1982_31_2017.bmp308278,Alcohol,C:\PycharmProjects\Alcohol Detection\dataset\Grupo_2\E_2_3\Iritech\E_2_3_1\E_2_3_1_L_5\via_region_data.json
E_2_3_1_L_M_N_N_1982_32_2017.bmp308278,Alcohol,C:\PycharmProjects\Alcohol Detection\dataset\Grupo_2\E_2_3\Iritech\E_2_3_1\E_2_3_1_L_5\via_region_data.json
E_2_3_1_L_M_N_N_1982_33_2017.bmp308278,Alcohol,C:\PycharmProjects\Alcohol Detection\dataset\Grupo_2\E_2_3\Iritech\E_2_3_1\E_2_3_1_L_5\via_region_data.json
E_2_3_1_L_M_N_N_1982_34_2017.bmp308278,Alcohol,C:\PycharmProjects\Alcohol Detection\dataset\Grupo_2\E_2_3\Iritech\E_2_3_1\E_2_3_1_L_5\via_region_data.json
E_2_3_1_L_M_N_N_1982_35_2017.bmp308278,Alcohol,C:\PycharmProjects\Alcohol Detection\dataset\Grupo_2\E_2_3\Iritech\E_2_3_1\E_2_3_1_L_5\via_region_data.json
E_2_3_1_L_M_N_N_1982_36_2017.bmp308278,Alcohol,C:\PycharmProjects\Alcohol Detection\dataset\Grupo_2\E_2_3\Iritech\E_2_3_1\E_2_3_1_L_5\via_region_data.json
E_2_3_1_L_M_N_N_1982_37_2017.bmp308278,Alcohol,C:\PycharmProjects\Alcohol Detection\dataset\Grupo_2\E_2_3\Iritech\E_2_3_1\E_2_3_1_L_5\via_region_data.json
E_2_3_1_L_M_N_N_1982_38_2017.bmp308278,Alcohol,C:\PycharmProjects\Alcohol Detection\dataset\Grupo_2\E_2_3\Iritech\E_2_3_1\E_2_3_1_L_5\via_region_data.json
E_2_3_1_L_M_N_N_1982_39_2017.bmp308278,Alcohol,C:\PycharmProjects\Alcohol Detection\dataset\Grupo_2\E_2_3\Iritech\E_2_3_1\E_2_3_1_L_5\via_region_data.json
E_2_3_1_L_M_N_N_1982_40_2017.bmp308278,Alcohol,C:\PycharmProjects\Alcohol Detection\dataset\Grupo_2\E_2_3\Iritech\E_2_3_1\E_2_3_1_L_5\via_region_data.json
E_2_3_1_L_M_N_N_1982_41_2017.bmp308278,Alcohol,C:\PycharmProjects\Alcohol Detection\dataset\Grupo_2\E_2_3\Iritech\E_2_3_1\E_2_3_1_L_5\via_region_data.json
E_2_3_1_L_M_N_N_1982_42_2017.bmp308278,Alcohol,C:\PycharmProjects\Alcohol Detection\dataset\Grupo_2\E_2_3\Iritech\E_2_3_1\E_2_3_1_L_5\via_region_data.json
E_2_3_1_L_M_N_N_1982_43_2017.bmp308278,Alcohol,C:\PycharmProjects\Alcohol Detection\dataset\Grupo_2\E_2_3\Iritech\E_2_3_1\E_2_3_1_L_5\via_region_data.json
E_2_3_1_L_M_N_N_1982_44_2017.bmp308278,Alcohol,C:\PycharmProjects\Alcohol Detection\dataset\Grupo_2\E_2_3\Iritech\E_2_3_1\E_2_3_1_L_5\via_region_data.json
E_2_3_1_L_M_N_N_1982_45_2017.bmp308278,Alcohol,C:\PycharmProjects\Alcohol Detection\dataset\Grupo_2\E_2_3\Iritech\E_2_3_1\E_2_3_1_L_5\via_region_data.json
E_2_3_1_L_M_N_N_1982_46_2017.bmp308278,Alcohol,C:\PycharmProjects\Alcohol Detection\dataset\Grupo_2\E_2_3\Iritech\E_2_3_1\E_2_3_1_L_5\via_region_data.json
E_2_3_1_L_M_N_N_1982_47_2017.bmp308278,Alcohol,C:\PycharmProjects\Alcohol Detection\dataset\Grupo_2\E_2_3\Iritech\E_2_3_1\E_2_3_1_L_5\via_region_data.json
E_2_3_1_L_M_N_N_1982_48_2017.bmp308278,Alcohol,C:\PycharmProjects\Alcohol Detection\dataset\Grupo_2\E_2_3\Iritech\E_2_3_1\E_2_3_1_L_5\via_region_data.json
E_2_3_1_L_M_N_N_1982_49_2017.bmp308278,Alcohol,C:\PycharmProjects\Alcohol Detection\dataset\Grupo_2\E_2_3\Iritech\E_2_3_1\E_2_3_1_L_5\via_region_data.json
E_2_3_1_L_M_N_N_1982_50_2017.bmp308278,Alcohol,C:\PycharmProjects\Alcohol Detection\dataset\Grupo_2\E_2_3\Iritech\E_2_3_1\E_2_3_1_L_5\via_region_data.json
E_2_3_1_L_M_N_N_1982_51_2017.bmp308278,Alcohol,C:\PycharmProjects\Alcohol Detection\dataset\Grupo_2\E_2_3\Iritech\E_2_3_1\E_2_3_1_L_5\via_region_data.json
E_2_3_1_L_M_N_N_1982_52_2017.bmp308278,Alcohol,C:\PycharmProjects\Alcohol Detection\dataset\Grupo_2\E_2_3\Iritech\E_2_3_1\E_2_3_1_L_5\via_region_data.json
E_2_3_1_L_M_N_N_1982_53_2017.bmp308278,Alcohol,C:\PycharmProjects\Alcohol Detection\dataset\Grupo_2\E_2_3\Iritech\E_2_3_1\E_2_3_1_L_5\via_region_data.json
E_2_3_1_L_M_N_N_1982_54_2017.bmp308278,Alcohol,C:\PycharmProjects\Alcohol Detection\dataset\Grupo_2\E_2_3\Iritech\E_2_3_1\E_2_3_1_L_5\via_region_data.json
E_2_3_1_L_M_N_N_1982_55_2017.bmp308278,Alcohol,C:\PycharmProjects\Alcohol Detection\dataset\Grupo_2\E_2_3\Iritech\E_2_3_1\E_2_3_1_L_5\via_region_data.json
E_2_3_1_L_M_N_N_1982_56_2017.bmp308278,Alcohol,C:\PycharmProjects\Alcohol Detection\dataset\Grupo_2\E_2_3\Iritech\E_2_3_1\E_2_3_1_L_5\via_region_data.json
E_2_3_1_L_M_N_N_1982_57_2017.bmp308278,Alcohol,C:\PycharmProjects\Alcohol Detection\dataset\Grupo_2\E_2_3\Iritech\E_2_3_1\E_2_3_1_L_5\via_region_data.json
E_2_3_1_L_M_N_N_1982_58_2017.bmp308278,Alcohol,C:\PycharmProjects\Alcohol Detection\dataset\Grupo_2\E_2_3\Iritech\E_2_3_1\E_2_3_1_L_5\via_region_data.json
E_2_3_1_L_M_N_N_1982_59_2017.bmp308278,Alcohol,C:\PycharmProjects\Alcohol Detection\dataset\Grupo_2\E_2_3\Iritech\E_2_3_1\E_2_3_1_L_5\via_region_data.json
E_2_3_1_L_M_N_N_1982_60_2017.bmp308278,Alcohol,C:\PycharmProjects\Alcohol Detection\dataset\Grupo_2\E_2_3\Iritech\E_2_3_1\E_2_3_1_L_5\via_region_data.json
E_2_3_1_L_M_N_N_1982_61_2017.bmp308278,Alcohol,C:\PycharmProjects\Alcohol Detection\dataset\Grupo_2\E_2_3\Iritech\E_2_3_1\E_2_3_1_L_5\via_region_data.json
E_2_3_1_L_M_N_N_1982_62_2017.bmp308278,Alcohol,C:\PycharmProjects\Alcohol Detection\dataset\Grupo_2\E_2_3\Iritech\E_2_3_1\E_2_3_1_L_5\via_region_data.json
E_2_3_1_L_M_N_N_1982_63_2017.bmp308278,Alcohol,C:\PycharmProjects\Alcohol Detection\dataset\Grupo_2\E_2_3\Iritech\E_2_3_1\E_2_3_1_L_5\via_region_data.json
E_2_3_1_L_M_N_N_1982_64_2017.bmp308278,Alcohol,C:\PycharmProjects\Alcohol Detection\dataset\Grupo_2\E_2_3\Iritech\E_2_3_1\E_2_3_1_L_5\via_region_data.json
E_2_3_1_L_M_N_N_1982_65_2017.bmp308278,Alcohol,C:\PycharmProjects\Alcohol Detection\dataset\Grupo_2\E_2_3\Iritech\E_2_3_1\E_2_3_1_L_5\via_region_data.json
E_2_3_1_L_M_N_N_1982_66_2017.bmp308278,Alcohol,C:\PycharmProjects\Alcohol Detection\dataset\Grupo_2\E_2_3\Iritech\E_2_3_1\E_2_3_1_L_5\via_region_data.json
E_2_3_1_L_M_N_N_1982_67_2017.bmp308278,Alcohol,C:\PycharmProjects\Alcohol Detection\dataset\Grupo_2\E_2_3\Iritech\E_2_3_1\E_2_3_1_L_5\via_region_data.json
E_2_3_1_L_M_N_N_1982_68_2017.bmp308278,Alcohol,C:\PycharmProjects\Alcohol Detection\dataset\Grupo_2\E_2_3\Iritech\E_2_3_1\E_2_3_1_L_5\via_region_data.json
E_2_3_1_L_M_N_N_1982_69_2017.bmp308278,Alcohol,C:\PycharmProjects\Alcohol Detection\dataset\Grupo_2\E_2_3\Iritech\E_2_3_1\E_2_3_1_L_5\via_region_data.json
E_2_3_1_L_M_N_N_1982_70_2017.bmp308278,Alcohol,C:\PycharmProjects\Alcohol Detection\dataset\Grupo_2\E_2_3\Iritech\E_2_3_1\E_2_3_1_L_5\via_region_data.json
E_2_3_1_L_M_N_N_1982_71_2017.bmp308278,Alcohol,C:\PycharmProjects\Alcohol Detection\dataset\Grupo_2\E_2_3\Iritech\E_2_3_1\E_2_3_1_L_5\via_region_data.json
E_2_3_1_L_M_N_N_1982_72_2017.bmp308278,Alcohol,C:\PycharmProjects\Alcohol Detection\dataset\Grupo_2\E_2_3\Iritech\E_2_3_1\E_2_3_1_L_5\via_region_data.json
E_2_3_1_L_M_N_N_1982_73_2017.bmp308278,Alcohol,C:\PycharmProjects\Alcohol Detection\dataset\Grupo_2\E_2_3\Iritech\E_2_3_1\E_2_3_1_L_5\via_region_data.json
E_2_3_1_L_M_N_N_1982_74_2017.bmp308278,Alcohol,C:\PycharmProjects\Alcohol Detection\dataset\Grupo_2\E_2_3\Iritech\E_2_3_1\E_2_3_1_L_5\via_region_data.json
E_2_3_1_L_M_N_N_1982_75_2017.bmp308278,Alcohol,C:\PycharmProjects\Alcohol Detection\dataset\Grupo_2\E_2_3\Iritech\E_2_3_1\E_2_3_1_L_5\via_region_data.json
E_2_3_1_L_M_N_N_1982_76_2017.bmp308278,Alcohol,C:\PycharmProjects\Alcohol Detection\dataset\Grupo_2\E_2_3\Iritech\E_2_3_1\E_2_3_1_L_5\via_region_data.json
E_2_3_1_L_M_N_N_1982_77_2017.bmp308278,Alcohol,C:\PycharmProjects\Alcohol Detection\dataset\Grupo_2\E_2_3\Iritech\E_2_3_1\E_2_3_1_L_5\via_region_data.json
E_2_3_1_L_M_N_N_1982_78_2017.bmp308278,Alcohol,C:\PycharmProjects\Alcohol Detection\dataset\Grupo_2\E_2_3\Iritech\E_2_3_1\E_2_3_1_L_5\via_region_data.json
E_2_3_1_L_M_N_N_1982_79_2017.bmp308278,Alcohol,C:\PycharmProjects\Alcohol Detection\dataset\Grupo_2\E_2_3\Iritech\E_2_3_1\E_2_3_1_L_5\via_region_data.json
E_2_3_1_L_M_N_N_1982_80_2017.bmp308278,Alcohol,C:\PycharmProjects\Alcohol Detection\dataset\Grupo_2\E_2_3\Iritech\E_2_3_1\E_2_3_1_L_5\via_region_data.json
E_2_3_1_L_M_N_N_1982_81_2017.bmp308278,Alcohol,C:\PycharmProjects\Alcohol Detection\dataset\Grupo_2\E_2_3\Iritech\E_2_3_1\E_2_3_1_L_5\via_region_data.json
E_2_3_1_L_M_N_N_1982_82_2017.bmp308278,Alcohol,C:\PycharmProjects\Alcohol Detection\dataset\Grupo_2\E_2_3\Iritech\E_2_3_1\E_2_3_1_L_5\via_region_data.json
E_2_3_1_L_M_N_N_1982_83_2017.bmp308278,Alcohol,C:\PycharmProjects\Alcohol Detection\dataset\Grupo_2\E_2_3\Iritech\E_2_3_1\E_2_3_1_L_5\via_region_data.json
E_2_3_1_L_M_N_N_1982_84_2017.bmp308278,Alcohol,C:\PycharmProjects\Alcohol Detection\dataset\Grupo_2\E_2_3\Iritech\E_2_3_1\E_2_3_1_L_5\via_region_data.json
E_2_3_1_L_M_N_N_1982_85_2017.bmp308278,Alcohol,C:\PycharmProjects\Alcohol Detection\dataset\Grupo_2\E_2_3\Iritech\E_2_3_1\E_2_3_1_L_5\via_region_data.json
E_2_3_1_L_M_N_N_1982_86_2017.bmp308278,Alcohol,C:\PycharmProjects\Alcohol Detection\dataset\Grupo_2\E_2_3\Iritech\E_2_3_1\E_2_3_1_L_5\via_region_data.json
E_2_3_1_R_M_N_N_1982_0_2017.bmp308278,Non-Alcohol,C:\PycharmProjects\Alcohol Detection\dataset\Grupo_2\E_2_3\Iritech\E_2_3_1\E_2_3_1_R_5\via_region_data.json
E_2_3_1_R_M_N_N_1982_1_2017.bmp308278,Alcohol,C:\PycharmProjects\Alcohol Detection\dataset\Grupo_2\E_2_3\Iritech\E_2_3_1\E_2_3_1_R_5\via_region_data.json
E_2_3_1_R_M_N_N_1982_2_2017.bmp308278,Alcohol,C:\PycharmProjects\Alcohol Detection\dataset\Grupo_2\E_2_3\Iritech\E_2_3_1\E_2_3_1_R_5\via_region_data.json
E_2_3_1_R_M_N_N_1982_3_2017.bmp308278,Alcohol,C:\PycharmProjects\Alcohol Detection\dataset\Grupo_2\E_2_3\Iritech\E_2_3_1\E_2_3_1_R_5\via_region_data.json
E_2_3_1_R_M_N_N_1982_4_2017.bmp308278,Alcohol,C:\PycharmProjects\Alcohol Detection\dataset\Grupo_2\E_2_3\Iritech\E_2_3_1\E_2_3_1_R_5\via_region_data.json
E_2_3_1_R_M_N_N_1982_5_2017.bmp308278,Alcohol,C:\PycharmProjects\Alcohol Detection\dataset\Grupo_2\E_2_3\Iritech\E_2_3_1\E_2_3_1_R_5\via_region_data.json
E_2_3_1_R_M_N_N_1982_6_2017.bmp308278,Alcohol,C:\PycharmProjects\Alcohol Detection\dataset\Grupo_2\E_2_3\Iritech\E_2_3_1\E_2_3_1_R_5\via_region_data.json
E_2_3_1_R_M_N_N_1982_7_2017.bmp308278,Alcohol,C:\PycharmProjects\Alcohol Detection\dataset\Grupo_2\E_2_3\Iritech\E_2_3_1\E_2_3_1_R_5\via_region_data.json
E_2_3_1_R_M_N_N_1982_8_2017.bmp308278,Alcohol,C:\PycharmProjects\Alcohol Detection\dataset\Grupo_2\E_2_3\Iritech\E_2_3_1\E_2_3_1_R_5\via_region_data.json
E_2_3_1_R_M_N_N_1982_9_2017.bmp308278,Alcohol,C:\PycharmProjects\Alcohol Detection\dataset\Grupo_2\E_2_3\Iritech\E_2_3_1\E_2_3_1_R_5\via_region_data.json
E_2_3_1_R_M_N_N_1982_10_2017.bmp308278,Alcohol,C:\PycharmProjects\Alcohol Detection\dataset\Grupo_2\E_2_3\Iritech\E_2_3_1\E_2_3_1_R_5\via_region_data.json
E_2_3_1_R_M_N_N_1982_11_2017.bmp308278,Alcohol,C:\PycharmProjects\Alcohol Detection\dataset\Grupo_2\E_2_3\Iritech\E_2_3_1\E_2_3_1_R_5\via_region_data.json
E_2_3_1_R_M_N_N_1982_12_2017.bmp308278,Alcohol,C:\PycharmProjects\Alcohol Detection\dataset\Grupo_2\E_2_3\Iritech\E_2_3_1\E_2_3_1_R_5\via_region_data.json
E_2_3_1_R_M_N_N_1982_13_2017.bmp308278,Alcohol,C:\PycharmProjects\Alcohol Detection\dataset\Grupo_2\E_2_3\Iritech\E_2_3_1\E_2_3_1_R_5\via_region_data.json
E_2_3_1_R_M_N_N_1982_14_2017.bmp308278,Alcohol,C:\PycharmProjects\Alcohol Detection\dataset\Grupo_2\E_2_3\Iritech\E_2_3_1\E_2_3_1_R_5\via_region_data.json
E_2_3_1_R_M_N_N_1982_15_2017.bmp308278,Alcohol,C:\PycharmProjects\Alcohol Detection\dataset\Grupo_2\E_2_3\Iritech\E_2_3_1\E_2_3_1_R_5\via_region_data.json
E_2_3_1_R_M_N_N_1982_16_2017.bmp308278,Alcohol,C:\PycharmProjects\Alcohol Detection\dataset\Grupo_2\E_2_3\Iritech\E_2_3_1\E_2_3_1_R_5\via_region_data.json
E_2_3_1_R_M_N_N_1982_17_2017.bmp308278,Alcohol,C:\PycharmProjects\Alcohol Detection\dataset\Grupo_2\E_2_3\Iritech\E_2_3_1\E_2_3_1_R_5\via_region_data.json
E_2_3_1_R_M_N_N_1982_18_2017.bmp308278,Alcohol,C:\PycharmProjects\Alcohol Detection\dataset\Grupo_2\E_2_3\Iritech\E_2_3_1\E_2_3_1_R_5\via_region_data.json
E_2_3_1_R_M_N_N_1982_19_2017.bmp308278,Alcohol,C:\PycharmProjects\Alcohol Detection\dataset\Grupo_2\E_2_3\Iritech\E_2_3_1\E_2_3_1_R_5\via_region_data.json
E_2_3_1_R_M_N_N_1982_20_2017.bmp308278,Alcohol,C:\PycharmProjects\Alcohol Detection\dataset\Grupo_2\E_2_3\Iritech\E_2_3_1\E_2_3_1_R_5\via_region_data.json
E_2_3_1_R_M_N_N_1982_21_2017.bmp308278,Alcohol,C:\PycharmProjects\Alcohol Detection\dataset\Grupo_2\E_2_3\Iritech\E_2_3_1\E_2_3_1_R_5\via_region_data.json
E_2_3_1_R_M_N_N_1982_22_2017.bmp308278,Alcohol,C:\PycharmProjects\Alcohol Detection\dataset\Grupo_2\E_2_3\Iritech\E_2_3_1\E_2_3_1_R_5\via_region_data.json
E_2_3_1_R_M_N_N_1982_23_2017.bmp308278,Alcohol,C:\PycharmProjects\Alcohol Detection\dataset\Grupo_2\E_2_3\Iritech\E_2_3_1\E_2_3_1_R_5\via_region_data.json
E_2_3_1_R_M_N_N_1982_24_2017.bmp308278,Alcohol,C:\PycharmProjects\Alcohol Detection\dataset\Grupo_2\E_2_3\Iritech\E_2_3_1\E_2_3_1_R_5\via_region_data.json
E_2_3_1_R_M_N_N_1982_25_2017.bmp308278,Alcohol,C:\PycharmProjects\Alcohol Detection\dataset\Grupo_2\E_2_3\Iritech\E_2_3_1\E_2_3_1_R_5\via_region_data.json
E_2_3_1_R_M_N_N_1982_26_2017.bmp308278,Alcohol,C:\PycharmProjects\Alcohol Detection\dataset\Grupo_2\E_2_3\Iritech\E_2_3_1\E_2_3_1_R_5\via_region_data.json
E_2_3_1_R_M_N_N_1982_27_2017.bmp308278,Alcohol,C:\PycharmProjects\Alcohol Detection\dataset\Grupo_2\E_2_3\Iritech\E_2_3_1\E_2_3_1_R_5\via_region_data.json
E_2_3_1_R_M_N_N_1982_28_2017.bmp308278,Alcohol,C:\PycharmProjects\Alcohol Detection\dataset\Grupo_2\E_2_3\Iritech\E_2_3_1\E_2_3_1_R_5\via_region_data.json
E_2_3_1_R_M_N_N_1982_29_2017.bmp308278,Alcohol,C:\PycharmProjects\Alcohol Detection\dataset\Grupo_2\E_2_3\Iritech\E_2_3_1\E_2_3_1_R_5\via_region_data.json
E_2_3_1_R_M_N_N_1982_30_2017.bmp308278,Alcohol,C:\PycharmProjects\Alcohol Detection\dataset\Grupo_2\E_2_3\Iritech\E_2_3_1\E_2_3_1_R_5\via_region_data.json
E_2_3_1_R_M_N_N_1982_31_2017.bmp308278,Alcohol,C:\PycharmProjects\Alcohol Detection\dataset\Grupo_2\E_2_3\Iritech\E_2_3_1\E_2_3_1_R_5\via_region_data.json
E_2_3_1_R_M_N_N_1982_32_2017.bmp308278,Alcohol,C:\PycharmProjects\Alcohol Detection\dataset\Grupo_2\E_2_3\Iritech\E_2_3_1\E_2_3_1_R_5\via_region_data.json
E_2_3_1_R_M_N_N_1982_33_2017.bmp308278,Alcohol,C:\PycharmProjects\Alcohol Detection\dataset\Grupo_2\E_2_3\Iritech\E_2_3_1\E_2_3_1_R_5\via_region_data.json
E_2_3_1_R_M_N_N_1982_34_2017.bmp308278,Alcohol,C:\PycharmProjects\Alcohol Detection\dataset\Grupo_2\E_2_3\Iritech\E_2_3_1\E_2_3_1_R_5\via_region_data.json
E_2_3_1_R_M_N_N_1982_35_2017.bmp308278,Alcohol,C:\PycharmProjects\Alcohol Detection\dataset\Grupo_2\E_2_3\Iritech\E_2_3_1\E_2_3_1_R_5\via_region_data.json
E_2_3_1_R_M_N_N_1982_36_2017.bmp308278,Alcohol,C:\PycharmProjects\Alcohol Detection\dataset\Grupo_2\E_2_3\Iritech\E_2_3_1\E_2_3_1_R_5\via_region_data.json
E_2_3_1_R_M_N_N_1982_37_2017.bmp308278,Alcohol,C:\PycharmProjects\Alcohol Detection\dataset\Grupo_2\E_2_3\Iritech\E_2_3_1\E_2_3_1_R_5\via_region_data.json
E_2_3_1_R_M_N_N_1982_38_2017.bmp308278,Alcohol,C:\PycharmProjects\Alcohol Detection\dataset\Grupo_2\E_2_3\Iritech\E_2_3_1\E_2_3_1_R_5\via_region_data.json
E_2_3_1_R_M_N_N_1982_39_2017.bmp308278,Alcohol,C:\PycharmProjects\Alcohol Detection\dataset\Grupo_2\E_2_3\Iritech\E_2_3_1\E_2_3_1_R_5\via_region_data.json
E_2_3_1_R_M_N_N_1982_40_2017.bmp308278,Alcohol,C:\PycharmProjects\Alcohol Detection\dataset\Grupo_2\E_2_3\Iritech\E_2_3_1\E_2_3_1_R_5\via_region_data.json
E_2_3_1_R_M_N_N_1982_41_2017.bmp308278,Alcohol,C:\PycharmProjects\Alcohol Detection\dataset\Grupo_2\E_2_3\Iritech\E_2_3_1\E_2_3_1_R_5\via_region_data.json
E_2_3_1_R_M_N_N_1982_42_2017.bmp308278,Alcohol,C:\PycharmProjects\Alcohol Detection\dataset\Grupo_2\E_2_3\Iritech\E_2_3_1\E_2_3_1_R_5\via_region_data.json
E_2_3_1_R_M_N_N_1982_43_2017.bmp308278,Alcohol,C:\PycharmProjects\Alcohol Detection\dataset\Grupo_2\E_2_3\Iritech\E_2_3_1\E_2_3_1_R_5\via_region_data.json
E_2_3_1_R_M_N_N_1982_44_2017.bmp308278,Alcohol,C:\PycharmProjects\Alcohol Detection\dataset\Grupo_2\E_2_3\Iritech\E_2_3_1\E_2_3_1_R_5\via_region_data.json
E_2_3_1_R_M_N_N_1982_45_2017.bmp308278,Alcohol,C:\PycharmProjects\Alcohol Detection\dataset\Grupo_2\E_2_3\Iritech\E_2_3_1\E_2_3_1_R_5\via_region_data.json
E_2_3_1_R_M_N_N_1982_46_2017.bmp308278,Alcohol,C:\PycharmProjects\Alcohol Detection\dataset\Grupo_2\E_2_3\Iritech\E_2_3_1\E_2_3_1_R_5\via_region_data.json
E_2_3_1_R_M_N_N_1982_47_2017.bmp308278,Alcohol,C:\PycharmProjects\Alcohol Detection\dataset\Grupo_2\E_2_3\Iritech\E_2_3_1\E_2_3_1_R_5\via_region_data.json
E_2_3_1_R_M_N_N_1982_48_2017.bmp308278,Alcohol,C:\PycharmProjects\Alcohol Detection\dataset\Grupo_2\E_2_3\Iritech\E_2_3_1\E_2_3_1_R_5\via_region_data.json
E_2_3_1_R_M_N_N_1982_49_2017.bmp308278,Alcohol,C:\PycharmProjects\Alcohol Detection\dataset\Grupo_2\E_2_3\Iritech\E_2_3_1\E_2_3_1_R_5\via_region_data.json
E_2_3_1_R_M_N_N_1982_50_2017.bmp308278,Alcohol,C:\PycharmProjects\Alcohol Detection\dataset\Grupo_2\E_2_3\Iritech\E_2_3_1\E_2_3_1_R_5\via_region_data.json
E_2_3_1_R_M_N_N_1982_51_2017.bmp308278,Alcohol,C:\PycharmProjects\Alcohol Detection\dataset\Grupo_2\E_2_3\Iritech\E_2_3_1\E_2_3_1_R_5\via_region_data.json
E_2_3_1_R_M_N_N_1982_52_2017.bmp308278,Alcohol,C:\PycharmProjects\Alcohol Detection\dataset\Grupo_2\E_2_3\Iritech\E_2_3_1\E_2_3_1_R_5\via_region_data.json
E_2_3_1_R_M_N_N_1982_53_2017.bmp308278,Alcohol,C:\PycharmProjects\Alcohol Detection\dataset\Grupo_2\E_2_3\Iritech\E_2_3_1\E_2_3_1_R_5\via_region_data.json
E_2_3_1_R_M_N_N_1982_54_2017.bmp308278,Alcohol,C:\PycharmProjects\Alcohol Detection\dataset\Grupo_2\E_2_3\Iritech\E_2_3_1\E_2_3_1_R_5\via_region_data.json
E_2_3_1_R_M_N_N_1982_55_2017.bmp308278,Alcohol,C:\PycharmProjects\Alcohol Detection\dataset\Grupo_2\E_2_3\Iritech\E_2_3_1\E_2_3_1_R_5\via_region_data.json
E_2_3_1_R_M_N_N_1982_56_2017.bmp308278,Alcohol,C:\PycharmProjects\Alcohol Detection\dataset\Grupo_2\E_2_3\Iritech\E_2_3_1\E_2_3_1_R_5\via_region_data.json
E_2_3_1_R_M_N_N_1982_57_2017.bmp308278,Alcohol,C:\PycharmProjects\Alcohol Detection\dataset\Grupo_2\E_2_3\Iritech\E_2_3_1\E_2_3_1_R_5\via_region_data.json
E_2_3_1_R_M_N_N_1982_58_2017.bmp308278,Alcohol,C:\PycharmProjects\Alcohol Detection\dataset\Grupo_2\E_2_3\Iritech\E_2_3_1\E_2_3_1_R_5\via_region_data.json
E_2_3_1_R_M_N_N_1982_59_2017.bmp308278,Alcohol,C:\PycharmProjects\Alcohol Detection\dataset\Grupo_2\E_2_3\Iritech\E_2_3_1\E_2_3_1_R_5\via_region_data.json
E_2_3_1_R_M_N_N_1982_60_2017.bmp308278,Alcohol,C:\PycharmProjects\Alcohol Detection\dataset\Grupo_2\E_2_3\Iritech\E_2_3_1\E_2_3_1_R_5\via_region_data.json
E_2_3_1_R_M_N_N_1982_61_2017.bmp308278,Alcohol,C:\PycharmProjects\Alcohol Detection\dataset\Grupo_2\E_2_3\Iritech\E_2_3_1\E_2_3_1_R_5\via_region_data.json
E_2_3_1_R_M_N_N_1982_62_2017.bmp308278,Alcohol,C:\PycharmProjects\Alcohol Detection\dataset\Grupo_2\E_2_3\Iritech\E_2_3_1\E_2_3_1_R_5\via_region_data.json
E_2_3_1_R_M_N_N_1982_63_2017.bmp308278,Alcohol,C:\PycharmProjects\Alcohol Detection\dataset\Grupo_2\E_2_3\Iritech\E_2_3_1\E_2_3_1_R_5\via_region_data.json
E_2_3_1_R_M_N_N_1982_64_2017.bmp308278,Alcohol,C:\PycharmProjects\Alcohol Detection\dataset\Grupo_2\E_2_3\Iritech\E_2_3_1\E_2_3_1_R_5\via_region_data.json
E_2_3_1_R_M_N_N_1982_65_2017.bmp308278,Alcohol,C:\PycharmProjects\Alcohol Detection\dataset\Grupo_2\E_2_3\Iritech\E_2_3_1\E_2_3_1_R_5\via_region_data.json
E_2_3_1_R_M_N_N_1982_66_2017.bmp308278,Alcohol,C:\PycharmProjects\Alcohol Detection\dataset\Grupo_2\E_2_3\Iritech\E_2_3_1\E_2_3_1_R_5\via_region_data.json
E_2_3_1_R_M_N_N_1982_67_2017.bmp308278,Alcohol,C:\PycharmProjects\Alcohol Detection\dataset\Grupo_2\E_2_3\Iritech\E_2_3_1\E_2_3_1_R_5\via_region_data.json
E_2_3_1_R_M_N_N_1982_68_2017.bmp308278,Alcohol,C:\PycharmProjects\Alcohol Detection\dataset\Grupo_2\E_2_3\Iritech\E_2_3_1\E_2_3_1_R_5\via_region_data.json
E_2_3_1_R_M_N_N_1982_69_2017.bmp308278,Alcohol,C:\PycharmProjects\Alcohol Detection\dataset\Grupo_2\E_2_3\Iritech\E_2_3_1\E_2_3_1_R_5\via_region_data.json
E_2_3_1_R_M_N_N_1982_70_2017.bmp308278,Alcohol,C:\PycharmProjects\Alcohol Detection\dataset\Grupo_2\E_2_3\Iritech\E_2_3_1\E_2_3_1_R_5\via_region_data.json
E_2_3_1_R_M_N_N_1982_71_2017.bmp308278,Alcohol,C:\PycharmProjects\Alcohol Detection\dataset\Grupo_2\E_2_3\Iritech\E_2_3_1\E_2_3_1_R_5\via_region_data.json
E_2_3_1_R_M_N_N_1982_72_2017.bmp308278,Alcohol,C:\PycharmProjects\Alcohol Detection\dataset\Grupo_2\E_2_3\Iritech\E_2_3_1\E_2_3_1_R_5\via_region_data.json
E_2_3_1_R_M_N_N_1982_73_2017.bmp308278,Alcohol,C:\PycharmProjects\Alcohol Detection\dataset\Grupo_2\E_2_3\Iritech\E_2_3_1\E_2_3_1_R_5\via_region_data.json
E_2_3_1_R_M_N_N_1982_74_2017.bmp308278,Alcohol,C:\PycharmProjects\Alcohol Detection\dataset\Grupo_2\E_2_3\Iritech\E_2_3_1\E_2_3_1_R_5\via_region_data.json
E_2_3_1_R_M_N_N_1982_75_2017.bmp308278,Alcohol,C:\PycharmProjects\Alcohol Detection\dataset\Grupo_2\E_2_3\Iritech\E_2_3_1\E_2_3_1_R_5\via_region_data.json
E_2_3_1_R_M_N_N_1982_76_2017.bmp308278,Alcohol,C:\PycharmProjects\Alcohol Detection\dataset\Grupo_2\E_2_3\Iritech\E_2_3_1\E_2_3_1_R_5\via_region_data.json
E_2_3_1_R_M_N_N_1982_77_2017.bmp308278,Alcohol,C:\PycharmProjects\Alcohol Detection\dataset\Grupo_2\E_2_3\Iritech\E_2_3_1\E_2_3_1_R_5\via_region_data.json
E_2_3_2_L_M_N_N_1982_0_2017.bmp308278,Non-Alcohol,C:\PycharmProjects\Alcohol Detection\dataset\Grupo_2\E_2_3\Iritech\E_2_3_2\via_region_data.json
E_2_3_2_R_M_N_N_1982_0_2017.bmp308278,Non-Alcohol,C:\PycharmProjects\Alcohol Detection\dataset\Grupo_2\E_2_3\Iritech\E_2_3_2\via_region_data.json
E_2_3_2_L_M_N_N_1982_0_2017.bmp308278,Non-Alcohol,C:\PycharmProjects\Alcohol Detection\dataset\Grupo_2\E_2_3\Iritech\E_2_3_2\E_2_3_2_L_5\via_region_data.json
E_2_3_2_L_M_N_N_1982_1_2017.bmp308278,Alcohol,C:\PycharmProjects\Alcohol Detection\dataset\Grupo_2\E_2_3\Iritech\E_2_3_2\E_2_3_2_L_5\via_region_data.json
E_2_3_2_L_M_N_N_1982_2_2017.bmp308278,Alcohol,C:\PycharmProjects\Alcohol Detection\dataset\Grupo_2\E_2_3\Iritech\E_2_3_2\E_2_3_2_L_5\via_region_data.json
E_2_3_2_L_M_N_N_1982_3_2017.bmp308278,Alcohol,C:\PycharmProjects\Alcohol Detection\dataset\Grupo_2\E_2_3\Iritech\E_2_3_2\E_2_3_2_L_5\via_region_data.json
E_2_3_2_L_M_N_N_1982_4_2017.bmp308278,Alcohol,C:\PycharmProjects\Alcohol Detection\dataset\Grupo_2\E_2_3\Iritech\E_2_3_2\E_2_3_2_L_5\via_region_data.json
E_2_3_2_L_M_N_N_1982_5_2017.bmp308278,Alcohol,C:\PycharmProjects\Alcohol Detection\dataset\Grupo_2\E_2_3\Iritech\E_2_3_2\E_2_3_2_L_5\via_region_data.json
E_2_3_2_L_M_N_N_1982_6_2017.bmp308278,Alcohol,C:\PycharmProjects\Alcohol Detection\dataset\Grupo_2\E_2_3\Iritech\E_2_3_2\E_2_3_2_L_5\via_region_data.json
E_2_3_2_L_M_N_N_1982_7_2017.bmp308278,Alcohol,C:\PycharmProjects\Alcohol Detection\dataset\Grupo_2\E_2_3\Iritech\E_2_3_2\E_2_3_2_L_5\via_region_data.json
E_2_3_2_L_M_N_N_1982_8_2017.bmp308278,Alcohol,C:\PycharmProjects\Alcohol Detection\dataset\Grupo_2\E_2_3\Iritech\E_2_3_2\E_2_3_2_L_5\via_region_data.json
E_2_3_2_L_M_N_N_1982_9_2017.bmp308278,Alcohol,C:\PycharmProjects\Alcohol Detection\dataset\Grupo_2\E_2_3\Iritech\E_2_3_2\E_2_3_2_L_5\via_region_data.json
E_2_3_2_L_M_N_N_1982_10_2017.bmp308278,Alcohol,C:\PycharmProjects\Alcohol Detection\dataset\Grupo_2\E_2_3\Iritech\E_2_3_2\E_2_3_2_L_5\via_region_data.json
E_2_3_2_L_M_N_N_1982_11_2017.bmp308278,Alcohol,C:\PycharmProjects\Alcohol Detection\dataset\Grupo_2\E_2_3\Iritech\E_2_3_2\E_2_3_2_L_5\via_region_data.json
E_2_3_2_L_M_N_N_1982_12_2017.bmp308278,Alcohol,C:\PycharmProjects\Alcohol Detection\dataset\Grupo_2\E_2_3\Iritech\E_2_3_2\E_2_3_2_L_5\via_region_data.json
E_2_3_2_L_M_N_N_1982_13_2017.bmp308278,Alcohol,C:\PycharmProjects\Alcohol Detection\dataset\Grupo_2\E_2_3\Iritech\E_2_3_2\E_2_3_2_L_5\via_region_data.json
E_2_3_2_L_M_N_N_1982_14_2017.bmp308278,Alcohol,C:\PycharmProjects\Alcohol Detection\dataset\Grupo_2\E_2_3\Iritech\E_2_3_2\E_2_3_2_L_5\via_region_data.json
E_2_3_2_L_M_N_N_1982_15_2017.bmp308278,Alcohol,C:\PycharmProjects\Alcohol Detection\dataset\Grupo_2\E_2_3\Iritech\E_2_3_2\E_2_3_2_L_5\via_region_data.json
E_2_3_2_L_M_N_N_1982_16_2017.bmp308278,Alcohol,C:\PycharmProjects\Alcohol Detection\dataset\Grupo_2\E_2_3\Iritech\E_2_3_2\E_2_3_2_L_5\via_region_data.json
E_2_3_2_L_M_N_N_1982_17_2017.bmp308278,Alcohol,C:\PycharmProjects\Alcohol Detection\dataset\Grupo_2\E_2_3\Iritech\E_2_3_2\E_2_3_2_L_5\via_region_data.json
E_2_3_2_L_M_N_N_1982_18_2017.bmp308278,Alcohol,C:\PycharmProjects\Alcohol Detection\dataset\Grupo_2\E_2_3\Iritech\E_2_3_2\E_2_3_2_L_5\via_region_data.json
E_2_3_2_L_M_N_N_1982_19_2017.bmp308278,Alcohol,C:\PycharmProjects\Alcohol Detection\dataset\Grupo_2\E_2_3\Iritech\E_2_3_2\E_2_3_2_L_5\via_region_data.json
E_2_3_2_L_M_N_N_1982_20_2017.bmp308278,Alcohol,C:\PycharmProjects\Alcohol Detection\dataset\Grupo_2\E_2_3\Iritech\E_2_3_2\E_2_3_2_L_5\via_region_data.json
E_2_3_2_L_M_N_N_1982_21_2017.bmp308278,Alcohol,C:\PycharmProjects\Alcohol Detection\dataset\Grupo_2\E_2_3\Iritech\E_2_3_2\E_2_3_2_L_5\via_region_data.json
E_2_3_2_L_M_N_N_1982_22_2017.bmp308278,Alcohol,C:\PycharmProjects\Alcohol Detection\dataset\Grupo_2\E_2_3\Iritech\E_2_3_2\E_2_3_2_L_5\via_region_data.json
E_2_3_2_L_M_N_N_1982_23_2017.bmp308278,Alcohol,C:\PycharmProjects\Alcohol Detection\dataset\Grupo_2\E_2_3\Iritech\E_2_3_2\E_2_3_2_L_5\via_region_data.json
E_2_3_2_L_M_N_N_1982_24_2017.bmp308278,Alcohol,C:\PycharmProjects\Alcohol Detection\dataset\Grupo_2\E_2_3\Iritech\E_2_3_2\E_2_3_2_L_5\via_region_data.json
E_2_3_2_L_M_N_N_1982_25_2017.bmp308278,Alcohol,C:\PycharmProjects\Alcohol Detection\dataset\Grupo_2\E_2_3\Iritech\E_2_3_2\E_2_3_2_L_5\via_region_data.json
E_2_3_2_L_M_N_N_1982_26_2017.bmp308278,Alcohol,C:\PycharmProjects\Alcohol Detection\dataset\Grupo_2\E_2_3\Iritech\E_2_3_2\E_2_3_2_L_5\via_region_data.json
E_2_3_2_L_M_N_N_1982_27_2017.bmp308278,Alcohol,C:\PycharmProjects\Alcohol Detection\dataset\Grupo_2\E_2_3\Iritech\E_2_3_2\E_2_3_2_L_5\via_region_data.json
E_2_3_2_L_M_N_N_1982_28_2017.bmp308278,Alcohol,C:\PycharmProjects\Alcohol Detection\dataset\Grupo_2\E_2_3\Iritech\E_2_3_2\E_2_3_2_L_5\via_region_data.json
E_2_3_2_L_M_N_N_1982_29_2017.bmp308278,Alcohol,C:\PycharmProjects\Alcohol Detection\dataset\Grupo_2\E_2_3\Iritech\E_2_3_2\E_2_3_2_L_5\via_region_data.json
E_2_3_2_L_M_N_N_1982_30_2017.bmp308278,Alcohol,C:\PycharmProjects\Alcohol Detection\dataset\Grupo_2\E_2_3\Iritech\E_2_3_2\E_2_3_2_L_5\via_region_data.json
E_2_3_2_L_M_N_N_1982_31_2017.bmp308278,Alcohol,C:\PycharmProjects\Alcohol Detection\dataset\Grupo_2\E_2_3\Iritech\E_2_3_2\E_2_3_2_L_5\via_region_data.json
E_2_3_2_L_M_N_N_1982_32_2017.bmp308278,Alcohol,C:\PycharmProjects\Alcohol Detection\dataset\Grupo_2\E_2_3\Iritech\E_2_3_2\E_2_3_2_L_5\via_region_data.json
E_2_3_2_L_M_N_N_1982_33_2017.bmp308278,Alcohol,C:\PycharmProjects\Alcohol Detection\dataset\Grupo_2\E_2_3\Iritech\E_2_3_2\E_2_3_2_L_5\via_region_data.json
E_2_3_2_L_M_N_N_1982_34_2017.bmp308278,Alcohol,C:\PycharmProjects\Alcohol Detection\dataset\Grupo_2\E_2_3\Iritech\E_2_3_2\E_2_3_2_L_5\via_region_data.json
E_2_3_2_L_M_N_N_1982_35_2017.bmp308278,Alcohol,C:\PycharmProjects\Alcohol Detection\dataset\Grupo_2\E_2_3\Iritech\E_2_3_2\E_2_3_2_L_5\via_region_data.json
E_2_3_2_L_M_N_N_1982_36_2017.bmp308278,Alcohol,C:\PycharmProjects\Alcohol Detection\dataset\Grupo_2\E_2_3\Iritech\E_2_3_2\E_2_3_2_L_5\via_region_data.json
E_2_3_2_L_M_N_N_1982_37_2017.bmp308278,Alcohol,C:\PycharmProjects\Alcohol Detection\dataset\Grupo_2\E_2_3\Iritech\E_2_3_2\E_2_3_2_L_5\via_region_data.json
E_2_3_2_L_M_N_N_1982_38_2017.bmp308278,Alcohol,C:\PycharmProjects\Alcohol Detection\dataset\Grupo_2\E_2_3\Iritech\E_2_3_2\E_2_3_2_L_5\via_region_data.json
E_2_3_2_L_M_N_N_1982_39_2017.bmp308278,Alcohol,C:\PycharmProjects\Alcohol Detection\dataset\Grupo_2\E_2_3\Iritech\E_2_3_2\E_2_3_2_L_5\via_region_data.json
E_2_3_2_L_M_N_N_1982_40_2017.bmp308278,Alcohol,C:\PycharmProjects\Alcohol Detection\dataset\Grupo_2\E_2_3\Iritech\E_2_3_2\E_2_3_2_L_5\via_region_data.json
E_2_3_2_L_M_N_N_1982_41_2017.bmp308278,Alcohol,C:\PycharmProjects\Alcohol Detection\dataset\Grupo_2\E_2_3\Iritech\E_2_3_2\E_2_3_2_L_5\via_region_data.json
E_2_3_2_L_M_N_N_1982_42_2017.bmp308278,Alcohol,C:\PycharmProjects\Alcohol Detection\dataset\Grupo_2\E_2_3\Iritech\E_2_3_2\E_2_3_2_L_5\via_region_data.json
E_2_3_2_L_M_N_N_1982_43_2017.bmp308278,Alcohol,C:\PycharmProjects\Alcohol Detection\dataset\Grupo_2\E_2_3\Iritech\E_2_3_2\E_2_3_2_L_5\via_region_data.json
E_2_3_2_L_M_N_N_1982_44_2017.bmp308278,Alcohol,C:\PycharmProjects\Alcohol Detection\dataset\Grupo_2\E_2_3\Iritech\E_2_3_2\E_2_3_2_L_5\via_region_data.json
E_2_3_2_L_M_N_N_1982_45_2017.bmp308278,Alcohol,C:\PycharmProjects\Alcohol Detection\dataset\Grupo_2\E_2_3\Iritech\E_2_3_2\E_2_3_2_L_5\via_region_data.json
E_2_3_2_L_M_N_N_1982_46_2017.bmp308278,Alcohol,C:\PycharmProjects\Alcohol Detection\dataset\Grupo_2\E_2_3\Iritech\E_2_3_2\E_2_3_2_L_5\via_region_data.json
E_2_3_2_L_M_N_N_1982_47_2017.bmp308278,Alcohol,C:\PycharmProjects\Alcohol Detection\dataset\Grupo_2\E_2_3\Iritech\E_2_3_2\E_2_3_2_L_5\via_region_data.json
E_2_3_2_L_M_N_N_1982_48_2017.bmp308278,Alcohol,C:\PycharmProjects\Alcohol Detection\dataset\Grupo_2\E_2_3\Iritech\E_2_3_2\E_2_3_2_L_5\via_region_data.json
E_2_3_2_L_M_N_N_1982_49_2017.bmp308278,Alcohol,C:\PycharmProjects\Alcohol Detection\dataset\Grupo_2\E_2_3\Iritech\E_2_3_2\E_2_3_2_L_5\via_region_data.json
E_2_3_2_L_M_N_N_1982_50_2017.bmp308278,Alcohol,C:\PycharmProjects\Alcohol Detection\dataset\Grupo_2\E_2_3\Iritech\E_2_3_2\E_2_3_2_L_5\via_region_data.json
E_2_3_2_L_M_N_N_1982_51_2017.bmp308278,Alcohol,C:\PycharmProjects\Alcohol Detection\dataset\Grupo_2\E_2_3\Iritech\E_2_3_2\E_2_3_2_L_5\via_region_data.json
E_2_3_2_L_M_N_N_1982_52_2017.bmp308278,Alcohol,C:\PycharmProjects\Alcohol Detection\dataset\Grupo_2\E_2_3\Iritech\E_2_3_2\E_2_3_2_L_5\via_region_data.json
E_2_3_2_L_M_N_N_1982_53_2017.bmp308278,Alcohol,C:\PycharmProjects\Alcohol Detection\dataset\Grupo_2\E_2_3\Iritech\E_2_3_2\E_2_3_2_L_5\via_region_data.json
E_2_3_2_L_M_N_N_1982_54_2017.bmp308278,Alcohol,C:\PycharmProjects\Alcohol Detection\dataset\Grupo_2\E_2_3\Iritech\E_2_3_2\E_2_3_2_L_5\via_region_data.json
E_2_3_2_L_M_N_N_1982_55_2017.bmp308278,Alcohol,C:\PycharmProjects\Alcohol Detection\dataset\Grupo_2\E_2_3\Iritech\E_2_3_2\E_2_3_2_L_5\via_region_data.json
E_2_3_2_L_M_N_N_1982_56_2017.bmp308278,Alcohol,C:\PycharmProjects\Alcohol Detection\dataset\Grupo_2\E_2_3\Iritech\E_2_3_2\E_2_3_2_L_5\via_region_data.json
E_2_3_2_L_M_N_N_1982_57_2017.bmp308278,Alcohol,C:\PycharmProjects\Alcohol Detection\dataset\Grupo_2\E_2_3\Iritech\E_2_3_2\E_2_3_2_L_5\via_region_data.json
E_2_3_2_L_M_N_N_1982_58_2017.bmp308278,Alcohol,C:\PycharmProjects\Alcohol Detection\dataset\Grupo_2\E_2_3\Iritech\E_2_3_2\E_2_3_2_L_5\via_region_data.json
E_2_3_2_L_M_N_N_1982_59_2017.bmp308278,Alcohol,C:\PycharmProjects\Alcohol Detection\dataset\Grupo_2\E_2_3\Iritech\E_2_3_2\E_2_3_2_L_5\via_region_data.json
E_2_3_2_L_M_N_N_1982_60_2017.bmp308278,Alcohol,C:\PycharmProjects\Alcohol Detection\dataset\Grupo_2\E_2_3\Iritech\E_2_3_2\E_2_3_2_L_5\via_region_data.json
E_2_3_2_L_M_N_N_1982_61_2017.bmp308278,Alcohol,C:\PycharmProjects\Alcohol Detection\dataset\Grupo_2\E_2_3\Iritech\E_2_3_2\E_2_3_2_L_5\via_region_data.json
E_2_3_2_L_M_N_N_1982_62_2017.bmp308278,Alcohol,C:\PycharmProjects\Alcohol Detection\dataset\Grupo_2\E_2_3\Iritech\E_2_3_2\E_2_3_2_L_5\via_region_data.json
E_2_3_2_L_M_N_N_1982_63_2017.bmp308278,Alcohol,C:\PycharmProjects\Alcohol Detection\dataset\Grupo_2\E_2_3\Iritech\E_2_3_2\E_2_3_2_L_5\via_region_data.json
E_2_3_2_L_M_N_N_1982_64_2017.bmp308278,Alcohol,C:\PycharmProjects\Alcohol Detection\dataset\Grupo_2\E_2_3\Iritech\E_2_3_2\E_2_3_2_L_5\via_region_data.json
E_2_3_2_L_M_N_N_1982_65_2017.bmp308278,Alcohol,C:\PycharmProjects\Alcohol Detection\dataset\Grupo_2\E_2_3\Iritech\E_2_3_2\E_2_3_2_L_5\via_region_data.json
E_2_3_2_L_M_N_N_1982_66_2017.bmp308278,Alcohol,C:\PycharmProjects\Alcohol Detection\dataset\Grupo_2\E_2_3\Iritech\E_2_3_2\E_2_3_2_L_5\via_region_data.json
E_2_3_2_L_M_N_N_1982_67_2017.bmp308278,Alcohol,C:\PycharmProjects\Alcohol Detection\dataset\Grupo_2\E_2_3\Iritech\E_2_3_2\E_2_3_2_L_5\via_region_data.json
E_2_3_2_L_M_N_N_1982_68_2017.bmp308278,Alcohol,C:\PycharmProjects\Alcohol Detection\dataset\Grupo_2\E_2_3\Iritech\E_2_3_2\E_2_3_2_L_5\via_region_data.json
E_2_3_2_L_M_N_N_1982_69_2017.bmp308278,Alcohol,C:\PycharmProjects\Alcohol Detection\dataset\Grupo_2\E_2_3\Iritech\E_2_3_2\E_2_3_2_L_5\via_region_data.json
E_2_3_2_L_M_N_N_1982_70_2017.bmp308278,Alcohol,C:\PycharmProjects\Alcohol Detection\dataset\Grupo_2\E_2_3\Iritech\E_2_3_2\E_2_3_2_L_5\via_region_data.json
E_2_3_2_L_M_N_N_1982_71_2017.bmp308278,Alcohol,C:\PycharmProjects\Alcohol Detection\dataset\Grupo_2\E_2_3\Iritech\E_2_3_2\E_2_3_2_L_5\via_region_data.json
E_2_3_2_L_M_N_N_1982_72_2017.bmp308278,Alcohol,C:\PycharmProjects\Alcohol Detection\dataset\Grupo_2\E_2_3\Iritech\E_2_3_2\E_2_3_2_L_5\via_region_data.json
E_2_3_2_L_M_N_N_1982_73_2017.bmp308278,Alcohol,C:\PycharmProjects\Alcohol Detection\dataset\Grupo_2\E_2_3\Iritech\E_2_3_2\E_2_3_2_L_5\via_region_data.json
E_2_3_2_L_M_N_N_1982_74_2017.bmp308278,Alcohol,C:\PycharmProjects\Alcohol Detection\dataset\Grupo_2\E_2_3\Iritech\E_2_3_2\E_2_3_2_L_5\via_region_data.json
E_2_3_2_L_M_N_N_1982_75_2017.bmp308278,Alcohol,C:\PycharmProjects\Alcohol Detection\dataset\Grupo_2\E_2_3\Iritech\E_2_3_2\E_2_3_2_L_5\via_region_data.json
E_2_3_2_L_M_N_N_1982_76_2017.bmp308278,Alcohol,C:\PycharmProjects\Alcohol Detection\dataset\Grupo_2\E_2_3\Iritech\E_2_3_2\E_2_3_2_L_5\via_region_data.json
E_2_3_2_L_M_N_N_1982_77_2017.bmp308278,Alcohol,C:\PycharmProjects\Alcohol Detection\dataset\Grupo_2\E_2_3\Iritech\E_2_3_2\E_2_3_2_L_5\via_region_data.json
E_2_3_2_R_M_N_N_1982_0_2017.bmp308278,Non-Alcohol,C:\PycharmProjects\Alcohol Detection\dataset\Grupo_2\E_2_3\Iritech\E_2_3_2\E_2_3_2_R_5\via_region_data.json
E_2_3_2_R_M_N_N_1982_1_2017.bmp308278,Alcohol,C:\PycharmProjects\Alcohol Detection\dataset\Grupo_2\E_2_3\Iritech\E_2_3_2\E_2_3_2_R_5\via_region_data.json
E_2_3_2_R_M_N_N_1982_2_2017.bmp308278,Alcohol,C:\PycharmProjects\Alcohol Detection\dataset\Grupo_2\E_2_3\Iritech\E_2_3_2\E_2_3_2_R_5\via_region_data.json
E_2_3_2_R_M_N_N_1982_3_2017.bmp308278,Alcohol,C:\PycharmProjects\Alcohol Detection\dataset\Grupo_2\E_2_3\Iritech\E_2_3_2\E_2_3_2_R_5\via_region_data.json
E_2_3_2_R_M_N_N_1982_4_2017.bmp308278,Alcohol,C:\PycharmProjects\Alcohol Detection\dataset\Grupo_2\E_2_3\Iritech\E_2_3_2\E_2_3_2_R_5\via_region_data.json
E_2_3_2_R_M_N_N_1982_5_2017.bmp308278,Alcohol,C:\PycharmProjects\Alcohol Detection\dataset\Grupo_2\E_2_3\Iritech\E_2_3_2\E_2_3_2_R_5\via_region_data.json
E_2_3_2_R_M_N_N_1982_6_2017.bmp308278,Alcohol,C:\PycharmProjects\Alcohol Detection\dataset\Grupo_2\E_2_3\Iritech\E_2_3_2\E_2_3_2_R_5\via_region_data.json
E_2_3_2_R_M_N_N_1982_7_2017.bmp308278,Alcohol,C:\PycharmProjects\Alcohol Detection\dataset\Grupo_2\E_2_3\Iritech\E_2_3_2\E_2_3_2_R_5\via_region_data.json
E_2_3_2_R_M_N_N_1982_8_2017.bmp308278,Alcohol,C:\PycharmProjects\Alcohol Detection\dataset\Grupo_2\E_2_3\Iritech\E_2_3_2\E_2_3_2_R_5\via_region_data.json
E_2_3_2_R_M_N_N_1982_9_2017.bmp308278,Alcohol,C:\PycharmProjects\Alcohol Detection\dataset\Grupo_2\E_2_3\Iritech\E_2_3_2\E_2_3_2_R_5\via_region_data.json
E_2_3_2_R_M_N_N_1982_10_2017.bmp308278,Alcohol,C:\PycharmProjects\Alcohol Detection\dataset\Grupo_2\E_2_3\Iritech\E_2_3_2\E_2_3_2_R_5\via_region_data.json
E_2_3_2_R_M_N_N_1982_11_2017.bmp308278,Alcohol,C:\PycharmProjects\Alcohol Detection\dataset\Grupo_2\E_2_3\Iritech\E_2_3_2\E_2_3_2_R_5\via_region_data.json
E_2_3_2_R_M_N_N_1982_12_2017.bmp308278,Alcohol,C:\PycharmProjects\Alcohol Detection\dataset\Grupo_2\E_2_3\Iritech\E_2_3_2\E_2_3_2_R_5\via_region_data.json
E_2_3_2_R_M_N_N_1982_13_2017.bmp308278,Alcohol,C:\PycharmProjects\Alcohol Detection\dataset\Grupo_2\E_2_3\Iritech\E_2_3_2\E_2_3_2_R_5\via_region_data.json
E_2_3_2_R_M_N_N_1982_14_2017.bmp308278,Alcohol,C:\PycharmProjects\Alcohol Detection\dataset\Grupo_2\E_2_3\Iritech\E_2_3_2\E_2_3_2_R_5\via_region_data.json
E_2_3_2_R_M_N_N_1982_15_2017.bmp308278,Alcohol,C:\PycharmProjects\Alcohol Detection\dataset\Grupo_2\E_2_3\Iritech\E_2_3_2\E_2_3_2_R_5\via_region_data.json
E_2_3_2_R_M_N_N_1982_16_2017.bmp308278,Alcohol,C:\PycharmProjects\Alcohol Detection\dataset\Grupo_2\E_2_3\Iritech\E_2_3_2\E_2_3_2_R_5\via_region_data.json
E_2_3_2_R_M_N_N_1982_17_2017.bmp308278,Alcohol,C:\PycharmProjects\Alcohol Detection\dataset\Grupo_2\E_2_3\Iritech\E_2_3_2\E_2_3_2_R_5\via_region_data.json
E_2_3_2_R_M_N_N_1982_18_2017.bmp308278,Alcohol,C:\PycharmProjects\Alcohol Detection\dataset\Grupo_2\E_2_3\Iritech\E_2_3_2\E_2_3_2_R_5\via_region_data.json
E_2_3_2_R_M_N_N_1982_19_2017.bmp308278,Alcohol,C:\PycharmProjects\Alcohol Detection\dataset\Grupo_2\E_2_3\Iritech\E_2_3_2\E_2_3_2_R_5\via_region_data.json
E_2_3_2_R_M_N_N_1982_20_2017.bmp308278,Alcohol,C:\PycharmProjects\Alcohol Detection\dataset\Grupo_2\E_2_3\Iritech\E_2_3_2\E_2_3_2_R_5\via_region_data.json
E_2_3_2_R_M_N_N_1982_21_2017.bmp308278,Alcohol,C:\PycharmProjects\Alcohol Detection\dataset\Grupo_2\E_2_3\Iritech\E_2_3_2\E_2_3_2_R_5\via_region_data.json
E_2_3_2_R_M_N_N_1982_22_2017.bmp308278,Alcohol,C:\PycharmProjects\Alcohol Detection\dataset\Grupo_2\E_2_3\Iritech\E_2_3_2\E_2_3_2_R_5\via_region_data.json
E_2_3_2_R_M_N_N_1982_23_2017.bmp308278,Alcohol,C:\PycharmProjects\Alcohol Detection\dataset\Grupo_2\E_2_3\Iritech\E_2_3_2\E_2_3_2_R_5\via_region_data.json
E_2_3_2_R_M_N_N_1982_24_2017.bmp308278,Alcohol,C:\PycharmProjects\Alcohol Detection\dataset\Grupo_2\E_2_3\Iritech\E_2_3_2\E_2_3_2_R_5\via_region_data.json
E_2_3_2_R_M_N_N_1982_25_2017.bmp308278,Alcohol,C:\PycharmProjects\Alcohol Detection\dataset\Grupo_2\E_2_3\Iritech\E_2_3_2\E_2_3_2_R_5\via_region_data.json
E_2_3_2_R_M_N_N_1982_26_2017.bmp308278,Alcohol,C:\PycharmProjects\Alcohol Detection\dataset\Grupo_2\E_2_3\Iritech\E_2_3_2\E_2_3_2_R_5\via_region_data.json
E_2_3_2_R_M_N_N_1982_27_2017.bmp308278,Alcohol,C:\PycharmProjects\Alcohol Detection\dataset\Grupo_2\E_2_3\Iritech\E_2_3_2\E_2_3_2_R_5\via_region_data.json
E_2_3_2_R_M_N_N_1982_28_2017.bmp308278,Alcohol,C:\PycharmProjects\Alcohol Detection\dataset\Grupo_2\E_2_3\Iritech\E_2_3_2\E_2_3_2_R_5\via_region_data.json
E_2_3_2_R_M_N_N_1982_29_2017.bmp308278,Alcohol,C:\PycharmProjects\Alcohol Detection\dataset\Grupo_2\E_2_3\Iritech\E_2_3_2\E_2_3_2_R_5\via_region_data.json
E_2_3_2_R_M_N_N_1982_30_2017.bmp308278,Alcohol,C:\PycharmProjects\Alcohol Detection\dataset\Grupo_2\E_2_3\Iritech\E_2_3_2\E_2_3_2_R_5\via_region_data.json
E_2_3_2_R_M_N_N_1982_31_2017.bmp308278,Alcohol,C:\PycharmProjects\Alcohol Detection\dataset\Grupo_2\E_2_3\Iritech\E_2_3_2\E_2_3_2_R_5\via_region_data.json
E_2_3_2_R_M_N_N_1982_32_2017.bmp308278,Alcohol,C:\PycharmProjects\Alcohol Detection\dataset\Grupo_2\E_2_3\Iritech\E_2_3_2\E_2_3_2_R_5\via_region_data.json
E_2_3_2_R_M_N_N_1982_33_2017.bmp308278,Alcohol,C:\PycharmProjects\Alcohol Detection\dataset\Grupo_2\E_2_3\Iritech\E_2_3_2\E_2_3_2_R_5\via_region_data.json
E_2_3_2_R_M_N_N_1982_34_2017.bmp308278,Alcohol,C:\PycharmProjects\Alcohol Detection\dataset\Grupo_2\E_2_3\Iritech\E_2_3_2\E_2_3_2_R_5\via_region_data.json
E_2_3_2_R_M_N_N_1982_35_2017.bmp308278,Alcohol,C:\PycharmProjects\Alcohol Detection\dataset\Grupo_2\E_2_3\Iritech\E_2_3_2\E_2_3_2_R_5\via_region_data.json
E_2_3_2_R_M_N_N_1982_36_2017.bmp308278,Alcohol,C:\PycharmProjects\Alcohol Detection\dataset\Grupo_2\E_2_3\Iritech\E_2_3_2\E_2_3_2_R_5\via_region_data.json
E_2_3_2_R_M_N_N_1982_37_2017.bmp308278,Alcohol,C:\PycharmProjects\Alcohol Detection\dataset\Grupo_2\E_2_3\Iritech\E_2_3_2\E_2_3_2_R_5\via_region_data.json
E_2_3_2_R_M_N_N_1982_38_2017.bmp308278,Alcohol,C:\PycharmProjects\Alcohol Detection\dataset\Grupo_2\E_2_3\Iritech\E_2_3_2\E_2_3_2_R_5\via_region_data.json
E_2_3_2_R_M_N_N_1982_39_2017.bmp308278,Alcohol,C:\PycharmProjects\Alcohol Detection\dataset\Grupo_2\E_2_3\Iritech\E_2_3_2\E_2_3_2_R_5\via_region_data.json
E_2_3_2_R_M_N_N_1982_40_2017.bmp308278,Alcohol,C:\PycharmProjects\Alcohol Detection\dataset\Grupo_2\E_2_3\Iritech\E_2_3_2\E_2_3_2_R_5\via_region_data.json
E_2_3_2_R_M_N_N_1982_41_2017.bmp308278,Alcohol,C:\PycharmProjects\Alcohol Detection\dataset\Grupo_2\E_2_3\Iritech\E_2_3_2\E_2_3_2_R_5\via_region_data.json
E_2_3_2_R_M_N_N_1982_42_2017.bmp308278,Alcohol,C:\PycharmProjects\Alcohol Detection\dataset\Grupo_2\E_2_3\Iritech\E_2_3_2\E_2_3_2_R_5\via_region_data.json
E_2_3_2_R_M_N_N_1982_43_2017.bmp308278,Alcohol,C:\PycharmProjects\Alcohol Detection\dataset\Grupo_2\E_2_3\Iritech\E_2_3_2\E_2_3_2_R_5\via_region_data.json
E_2_3_2_R_M_N_N_1982_44_2017.bmp308278,Alcohol,C:\PycharmProjects\Alcohol Detection\dataset\Grupo_2\E_2_3\Iritech\E_2_3_2\E_2_3_2_R_5\via_region_data.json
E_2_3_2_R_M_N_N_1982_45_2017.bmp308278,Alcohol,C:\PycharmProjects\Alcohol Detection\dataset\Grupo_2\E_2_3\Iritech\E_2_3_2\E_2_3_2_R_5\via_region_data.json
E_2_3_2_R_M_N_N_1982_46_2017.bmp308278,Alcohol,C:\PycharmProjects\Alcohol Detection\dataset\Grupo_2\E_2_3\Iritech\E_2_3_2\E_2_3_2_R_5\via_region_data.json
E_2_3_2_R_M_N_N_1982_47_2017.bmp308278,Alcohol,C:\PycharmProjects\Alcohol Detection\dataset\Grupo_2\E_2_3\Iritech\E_2_3_2\E_2_3_2_R_5\via_region_data.json
E_2_3_2_R_M_N_N_1982_48_2017.bmp308278,Alcohol,C:\PycharmProjects\Alcohol Detection\dataset\Grupo_2\E_2_3\Iritech\E_2_3_2\E_2_3_2_R_5\via_region_data.json
E_2_3_2_R_M_N_N_1982_49_2017.bmp308278,Alcohol,C:\PycharmProjects\Alcohol Detection\dataset\Grupo_2\E_2_3\Iritech\E_2_3_2\E_2_3_2_R_5\via_region_data.json
E_2_3_2_R_M_N_N_1982_50_2017.bmp308278,Alcohol,C:\PycharmProjects\Alcohol Detection\dataset\Grupo_2\E_2_3\Iritech\E_2_3_2\E_2_3_2_R_5\via_region_data.json
E_2_3_2_R_M_N_N_1982_51_2017.bmp308278,Alcohol,C:\PycharmProjects\Alcohol Detection\dataset\Grupo_2\E_2_3\Iritech\E_2_3_2\E_2_3_2_R_5\via_region_data.json
E_2_3_2_R_M_N_N_1982_52_2017.bmp308278,Alcohol,C:\PycharmProjects\Alcohol Detection\dataset\Grupo_2\E_2_3\Iritech\E_2_3_2\E_2_3_2_R_5\via_region_data.json
E_2_3_2_R_M_N_N_1982_53_2017.bmp308278,Alcohol,C:\PycharmProjects\Alcohol Detection\dataset\Grupo_2\E_2_3\Iritech\E_2_3_2\E_2_3_2_R_5\via_region_data.json
E_2_3_2_R_M_N_N_1982_54_2017.bmp308278,Alcohol,C:\PycharmProjects\Alcohol Detection\dataset\Grupo_2\E_2_3\Iritech\E_2_3_2\E_2_3_2_R_5\via_region_data.json
E_2_3_2_R_M_N_N_1982_55_2017.bmp308278,Alcohol,C:\PycharmProjects\Alcohol Detection\dataset\Grupo_2\E_2_3\Iritech\E_2_3_2\E_2_3_2_R_5\via_region_data.json
E_2_3_2_R_M_N_N_1982_56_2017.bmp308278,Alcohol,C:\PycharmProjects\Alcohol Detection\dataset\Grupo_2\E_2_3\Iritech\E_2_3_2\E_2_3_2_R_5\via_region_data.json
E_2_3_2_R_M_N_N_1982_57_2017.bmp308278,Alcohol,C:\PycharmProjects\Alcohol Detection\dataset\Grupo_2\E_2_3\Iritech\E_2_3_2\E_2_3_2_R_5\via_region_data.json
E_2_3_2_R_M_N_N_1982_58_2017.bmp308278,Alcohol,C:\PycharmProjects\Alcohol Detection\dataset\Grupo_2\E_2_3\Iritech\E_2_3_2\E_2_3_2_R_5\via_region_data.json
E_2_3_2_R_M_N_N_1982_59_2017.bmp308278,Alcohol,C:\PycharmProjects\Alcohol Detection\dataset\Grupo_2\E_2_3\Iritech\E_2_3_2\E_2_3_2_R_5\via_region_data.json
E_2_3_2_R_M_N_N_1982_60_2017.bmp308278,Alcohol,C:\PycharmProjects\Alcohol Detection\dataset\Grupo_2\E_2_3\Iritech\E_2_3_2\E_2_3_2_R_5\via_region_data.json
E_2_3_2_R_M_N_N_1982_61_2017.bmp308278,Alcohol,C:\PycharmProjects\Alcohol Detection\dataset\Grupo_2\E_2_3\Iritech\E_2_3_2\E_2_3_2_R_5\via_region_data.json
E_2_3_2_R_M_N_N_1982_62_2017.bmp308278,Alcohol,C:\PycharmProjects\Alcohol Detection\dataset\Grupo_2\E_2_3\Iritech\E_2_3_2\E_2_3_2_R_5\via_region_data.json
E_2_3_2_R_M_N_N_1982_63_2017.bmp308278,Alcohol,C:\PycharmProjects\Alcohol Detection\dataset\Grupo_2\E_2_3\Iritech\E_2_3_2\E_2_3_2_R_5\via_region_data.json
E_2_3_2_R_M_N_N_1982_64_2017.bmp308278,Alcohol,C:\PycharmProjects\Alcohol Detection\dataset\Grupo_2\E_2_3\Iritech\E_2_3_2\E_2_3_2_R_5\via_region_data.json
E_2_3_2_R_M_N_N_1982_65_2017.bmp308278,Alcohol,C:\PycharmProjects\Alcohol Detection\dataset\Grupo_2\E_2_3\Iritech\E_2_3_2\E_2_3_2_R_5\via_region_data.json
E_2_3_2_R_M_N_N_1982_66_2017.bmp308278,Alcohol,C:\PycharmProjects\Alcohol Detection\dataset\Grupo_2\E_2_3\Iritech\E_2_3_2\E_2_3_2_R_5\via_region_data.json
E_2_3_2_R_M_N_N_1982_67_2017.bmp308278,Alcohol,C:\PycharmProjects\Alcohol Detection\dataset\Grupo_2\E_2_3\Iritech\E_2_3_2\E_2_3_2_R_5\via_region_data.json
E_2_3_2_R_M_N_N_1982_68_2017.bmp308278,Alcohol,C:\PycharmProjects\Alcohol Detection\dataset\Grupo_2\E_2_3\Iritech\E_2_3_2\E_2_3_2_R_5\via_region_data.json
E_2_3_2_R_M_N_N_1982_69_2017.bmp308278,Alcohol,C:\PycharmProjects\Alcohol Detection\dataset\Grupo_2\E_2_3\Iritech\E_2_3_2\E_2_3_2_R_5\via_region_data.json
E_2_3_2_R_M_N_N_1982_70_2017.bmp308278,Alcohol,C:\PycharmProjects\Alcohol Detection\dataset\Grupo_2\E_2_3\Iritech\E_2_3_2\E_2_3_2_R_5\via_region_data.json
E_2_3_2_R_M_N_N_1982_71_2017.bmp308278,Alcohol,C:\PycharmProjects\Alcohol Detection\dataset\Grupo_2\E_2_3\Iritech\E_2_3_2\E_2_3_2_R_5\via_region_data.json
E_2_3_2_R_M_N_N_1982_72_2017.bmp308278,Alcohol,C:\PycharmProjects\Alcohol Detection\dataset\Grupo_2\E_2_3\Iritech\E_2_3_2\E_2_3_2_R_5\via_region_data.json
E_2_3_2_R_M_N_N_1982_73_2017.bmp308278,Alcohol,C:\PycharmProjects\Alcohol Detection\dataset\Grupo_2\E_2_3\Iritech\E_2_3_2\E_2_3_2_R_5\via_region_data.json
E_2_3_2_R_M_N_N_1982_74_2017.bmp308278,Alcohol,C:\PycharmProjects\Alcohol Detection\dataset\Grupo_2\E_2_3\Iritech\E_2_3_2\E_2_3_2_R_5\via_region_data.json
E_2_3_2_R_M_N_N_1982_75_2017.bmp308278,Alcohol,C:\PycharmProjects\Alcohol Detection\dataset\Grupo_2\E_2_3\Iritech\E_2_3_2\E_2_3_2_R_5\via_region_data.json
E_2_3_2_R_M_N_N_1982_76_2017.bmp308278,Alcohol,C:\PycharmProjects\Alcohol Detection\dataset\Grupo_2\E_2_3\Iritech\E_2_3_2\E_2_3_2_R_5\via_region_data.json
E_2_3_2_R_M_N_N_1982_77_2017.bmp308278,Alcohol,C:\PycharmProjects\Alcohol Detection\dataset\Grupo_2\E_2_3\Iritech\E_2_3_2\E_2_3_2_R_5\via_region_data.json
E_2_3_3_L_M_N_N_1982_0_2017.bmp308278,Non-Alcohol,C:\PycharmProjects\Alcohol Detection\dataset\Grupo_2\E_2_3\Iritech\E_2_3_3\via_region_data.json
E_2_3_3_R_M_N_N_1982_0_2017.bmp308278,Non-Alcohol,C:\PycharmProjects\Alcohol Detection\dataset\Grupo_2\E_2_3\Iritech\E_2_3_3\via_region_data.json
E_2_3_3_L_M_N_N_1982_86_2017.bmp308278,Alcohol,C:\PycharmProjects\Alcohol Detection\dataset\Grupo_2\E_2_3\Iritech\E_2_3_3\E_2_3_3_L_5\via_region_data.json
E_2_3_3_L_M_N_N_1982_87_2017.bmp308278,Alcohol,C:\PycharmProjects\Alcohol Detection\dataset\Grupo_2\E_2_3\Iritech\E_2_3_3\E_2_3_3_L_5\via_region_data.json
E_2_3_3_L_M_N_N_1982_88_2017.bmp308278,Alcohol,C:\PycharmProjects\Alcohol Detection\dataset\Grupo_2\E_2_3\Iritech\E_2_3_3\E_2_3_3_L_5\via_region_data.json
E_2_3_3_L_M_N_N_1982_89_2017.bmp308278,Alcohol,C:\PycharmProjects\Alcohol Detection\dataset\Grupo_2\E_2_3\Iritech\E_2_3_3\E_2_3_3_L_5\via_region_data.json
E_2_3_3_L_M_N_N_1982_90_2017.bmp308278,Alcohol,C:\PycharmProjects\Alcohol Detection\dataset\Grupo_2\E_2_3\Iritech\E_2_3_3\E_2_3_3_L_5\via_region_data.json
E_2_3_3_L_M_N_N_1982_91_2017.bmp308278,Alcohol,C:\PycharmProjects\Alcohol Detection\dataset\Grupo_2\E_2_3\Iritech\E_2_3_3\E_2_3_3_L_5\via_region_data.json
E_2_3_3_L_M_N_N_1982_92_2017.bmp308278,Alcohol,C:\PycharmProjects\Alcohol Detection\dataset\Grupo_2\E_2_3\Iritech\E_2_3_3\E_2_3_3_L_5\via_region_data.json
E_2_3_3_L_M_N_N_1982_93_2017.bmp308278,Alcohol,C:\PycharmProjects\Alcohol Detection\dataset\Grupo_2\E_2_3\Iritech\E_2_3_3\E_2_3_3_L_5\via_region_data.json
E_2_3_3_L_M_N_N_1982_94_2017.bmp308278,Alcohol,C:\PycharmProjects\Alcohol Detection\dataset\Grupo_2\E_2_3\Iritech\E_2_3_3\E_2_3_3_L_5\via_region_data.json
E_2_3_3_L_M_N_N_1982_95_2017.bmp308278,Alcohol,C:\PycharmProjects\Alcohol Detection\dataset\Grupo_2\E_2_3\Iritech\E_2_3_3\E_2_3_3_L_5\via_region_data.json
E_2_3_3_L_M_N_N_1982_96_2017.bmp308278,Alcohol,C:\PycharmProjects\Alcohol Detection\dataset\Grupo_2\E_2_3\Iritech\E_2_3_3\E_2_3_3_L_5\via_region_data.json
E_2_3_3_L_M_N_N_1982_97_2017.bmp308278,Alcohol,C:\PycharmProjects\Alcohol Detection\dataset\Grupo_2\E_2_3\Iritech\E_2_3_3\E_2_3_3_L_5\via_region_data.json
E_2_3_3_L_M_N_N_1982_98_2017.bmp308278,Alcohol,C:\PycharmProjects\Alcohol Detection\dataset\Grupo_2\E_2_3\Iritech\E_2_3_3\E_2_3_3_L_5\via_region_data.json
E_2_3_3_L_M_N_N_1982_99_2017.bmp308278,Alcohol,C:\PycharmProjects\Alcohol Detection\dataset\Grupo_2\E_2_3\Iritech\E_2_3_3\E_2_3_3_L_5\via_region_data.json
E_2_3_3_L_M_N_N_1982_100_2017.bmp308278,Alcohol,C:\PycharmProjects\Alcohol Detection\dataset\Grupo_2\E_2_3\Iritech\E_2_3_3\E_2_3_3_L_5\via_region_data.json
E_2_3_3_L_M_N_N_1982_101_2017.bmp308278,Alcohol,C:\PycharmProjects\Alcohol Detection\dataset\Grupo_2\E_2_3\Iritech\E_2_3_3\E_2_3_3_L_5\via_region_data.json
E_2_3_3_L_M_N_N_1982_102_2017.bmp308278,Alcohol,C:\PycharmProjects\Alcohol Detection\dataset\Grupo_2\E_2_3\Iritech\E_2_3_3\E_2_3_3_L_5\via_region_data.json
E_2_3_3_L_M_N_N_1982_103_2017.bmp308278,Alcohol,C:\PycharmProjects\Alcohol Detection\dataset\Grupo_2\E_2_3\Iritech\E_2_3_3\E_2_3_3_L_5\via_region_data.json
E_2_3_3_L_M_N_N_1982_104_2017.bmp308278,Alcohol,C:\PycharmProjects\Alcohol Detection\dataset\Grupo_2\E_2_3\Iritech\E_2_3_3\E_2_3_3_L_5\via_region_data.json
E_2_3_3_L_M_N_N_1982_105_2017.bmp308278,Alcohol,C:\PycharmProjects\Alcohol Detection\dataset\Grupo_2\E_2_3\Iritech\E_2_3_3\E_2_3_3_L_5\via_region_data.json
E_2_3_3_L_M_N_N_1982_106_2017.bmp308278,Alcohol,C:\PycharmProjects\Alcohol Detection\dataset\Grupo_2\E_2_3\Iritech\E_2_3_3\E_2_3_3_L_5\via_region_data.json
E_2_3_3_L_M_N_N_1982_107_2017.bmp308278,Alcohol,C:\PycharmProjects\Alcohol Detection\dataset\Grupo_2\E_2_3\Iritech\E_2_3_3\E_2_3_3_L_5\via_region_data.json
E_2_3_3_L_M_N_N_1982_108_2017.bmp308278,Alcohol,C:\PycharmProjects\Alcohol Detection\dataset\Grupo_2\E_2_3\Iritech\E_2_3_3\E_2_3_3_L_5\via_region_data.json
E_2_3_3_L_M_N_N_1982_109_2017.bmp308278,Alcohol,C:\PycharmProjects\Alcohol Detection\dataset\Grupo_2\E_2_3\Iritech\E_2_3_3\E_2_3_3_L_5\via_region_data.json
E_2_3_3_L_M_N_N_1982_110_2017.bmp308278,Alcohol,C:\PycharmProjects\Alcohol Detection\dataset\Grupo_2\E_2_3\Iritech\E_2_3_3\E_2_3_3_L_5\via_region_data.json
E_2_3_3_L_M_N_N_1982_111_2017.bmp308278,Alcohol,C:\PycharmProjects\Alcohol Detection\dataset\Grupo_2\E_2_3\Iritech\E_2_3_3\E_2_3_3_L_5\via_region_data.json
E_2_3_3_L_M_N_N_1982_112_2017.bmp308278,Alcohol,C:\PycharmProjects\Alcohol Detection\dataset\Grupo_2\E_2_3\Iritech\E_2_3_3\E_2_3_3_L_5\via_region_data.json
E_2_3_3_L_M_N_N_1982_113_2017.bmp308278,Alcohol,C:\PycharmProjects\Alcohol Detection\dataset\Grupo_2\E_2_3\Iritech\E_2_3_3\E_2_3_3_L_5\via_region_data.json
E_2_3_3_L_M_N_N_1982_114_2017.bmp308278,Alcohol,C:\PycharmProjects\Alcohol Detection\dataset\Grupo_2\E_2_3\Iritech\E_2_3_3\E_2_3_3_L_5\via_region_data.json
E_2_3_3_L_M_N_N_1982_115_2017.bmp308278,Alcohol,C:\PycharmProjects\Alcohol Detection\dataset\Grupo_2\E_2_3\Iritech\E_2_3_3\E_2_3_3_L_5\via_region_data.json
E_2_3_3_L_M_N_N_1982_116_2017.bmp308278,Alcohol,C:\PycharmProjects\Alcohol Detection\dataset\Grupo_2\E_2_3\Iritech\E_2_3_3\E_2_3_3_L_5\via_region_data.json
E_2_3_3_L_M_N_N_1982_117_2017.bmp308278,Alcohol,C:\PycharmProjects\Alcohol Detection\dataset\Grupo_2\E_2_3\Iritech\E_2_3_3\E_2_3_3_L_5\via_region_data.json
E_2_3_3_L_M_N_N_1982_118_2017.bmp308278,Alcohol,C:\PycharmProjects\Alcohol Detection\dataset\Grupo_2\E_2_3\Iritech\E_2_3_3\E_2_3_3_L_5\via_region_data.json
E_2_3_3_L_M_N_N_1982_119_2017.bmp308278,Alcohol,C:\PycharmProjects\Alcohol Detection\dataset\Grupo_2\E_2_3\Iritech\E_2_3_3\E_2_3_3_L_5\via_region_data.json
E_2_3_3_L_M_N_N_1982_120_2017.bmp308278,Alcohol,C:\PycharmProjects\Alcohol Detection\dataset\Grupo_2\E_2_3\Iritech\E_2_3_3\E_2_3_3_L_5\via_region_data.json
E_2_3_3_L_M_N_N_1982_121_2017.bmp308278,Alcohol,C:\PycharmProjects\Alcohol Detection\dataset\Grupo_2\E_2_3\Iritech\E_2_3_3\E_2_3_3_L_5\via_region_data.json
E_2_3_3_L_M_N_N_1982_122_2017.bmp308278,Alcohol,C:\PycharmProjects\Alcohol Detection\dataset\Grupo_2\E_2_3\Iritech\E_2_3_3\E_2_3_3_L_5\via_region_data.json
E_2_3_3_L_M_N_N_1982_123_2017.bmp308278,Alcohol,C:\PycharmProjects\Alcohol Detection\dataset\Grupo_2\E_2_3\Iritech\E_2_3_3\E_2_3_3_L_5\via_region_data.json
E_2_3_3_L_M_N_N_1982_124_2017.bmp308278,Alcohol,C:\PycharmProjects\Alcohol Detection\dataset\Grupo_2\E_2_3\Iritech\E_2_3_3\E_2_3_3_L_5\via_region_data.json
E_2_3_3_L_M_N_N_1982_125_2017.bmp308278,Alcohol,C:\PycharmProjects\Alcohol Detection\dataset\Grupo_2\E_2_3\Iritech\E_2_3_3\E_2_3_3_L_5\via_region_data.json
E_2_3_3_L_M_N_N_1982_126_2017.bmp308278,Alcohol,C:\PycharmProjects\Alcohol Detection\dataset\Grupo_2\E_2_3\Iritech\E_2_3_3\E_2_3_3_L_5\via_region_data.json
E_2_3_3_L_M_N_N_1982_127_2017.bmp308278,Alcohol,C:\PycharmProjects\Alcohol Detection\dataset\Grupo_2\E_2_3\Iritech\E_2_3_3\E_2_3_3_L_5\via_region_data.json
E_2_3_3_L_M_N_N_1982_128_2017.bmp308278,Alcohol,C:\PycharmProjects\Alcohol Detection\dataset\Grupo_2\E_2_3\Iritech\E_2_3_3\E_2_3_3_L_5\via_region_data.json
E_2_3_3_L_M_N_N_1982_129_2017.bmp308278,Alcohol,C:\PycharmProjects\Alcohol Detection\dataset\Grupo_2\E_2_3\Iritech\E_2_3_3\E_2_3_3_L_5\via_region_data.json
E_2_3_3_L_M_N_N_1982_130_2017.bmp308278,Alcohol,C:\PycharmProjects\Alcohol Detection\dataset\Grupo_2\E_2_3\Iritech\E_2_3_3\E_2_3_3_L_5\via_region_data.json
E_2_3_3_L_M_N_N_1982_131_2017.bmp308278,Alcohol,C:\PycharmProjects\Alcohol Detection\dataset\Grupo_2\E_2_3\Iritech\E_2_3_3\E_2_3_3_L_5\via_region_data.json
E_2_3_3_L_M_N_N_1982_132_2017.bmp308278,Alcohol,C:\PycharmProjects\Alcohol Detection\dataset\Grupo_2\E_2_3\Iritech\E_2_3_3\E_2_3_3_L_5\via_region_data.json
E_2_3_3_L_M_N_N_1982_133_2017.bmp308278,Alcohol,C:\PycharmProjects\Alcohol Detection\dataset\Grupo_2\E_2_3\Iritech\E_2_3_3\E_2_3_3_L_5\via_region_data.json
E_2_3_3_L_M_N_N_1982_134_2017.bmp308278,Alcohol,C:\PycharmProjects\Alcohol Detection\dataset\Grupo_2\E_2_3\Iritech\E_2_3_3\E_2_3_3_L_5\via_region_data.json
E_2_3_3_L_M_N_N_1982_135_2017.bmp308278,Alcohol,C:\PycharmProjects\Alcohol Detection\dataset\Grupo_2\E_2_3\Iritech\E_2_3_3\E_2_3_3_L_5\via_region_data.json
E_2_3_3_L_M_N_N_1982_136_2017.bmp308278,Alcohol,C:\PycharmProjects\Alcohol Detection\dataset\Grupo_2\E_2_3\Iritech\E_2_3_3\E_2_3_3_L_5\via_region_data.json
E_2_3_3_L_M_N_N_1982_137_2017.bmp308278,Alcohol,C:\PycharmProjects\Alcohol Detection\dataset\Grupo_2\E_2_3\Iritech\E_2_3_3\E_2_3_3_L_5\via_region_data.json
E_2_3_3_L_M_N_N_1982_138_2017.bmp308278,Alcohol,C:\PycharmProjects\Alcohol Detection\dataset\Grupo_2\E_2_3\Iritech\E_2_3_3\E_2_3_3_L_5\via_region_data.json
E_2_3_3_L_M_N_N_1982_139_2017.bmp308278,Alcohol,C:\PycharmProjects\Alcohol Detection\dataset\Grupo_2\E_2_3\Iritech\E_2_3_3\E_2_3_3_L_5\via_region_data.json
E_2_3_3_L_M_N_N_1982_140_2017.bmp308278,Alcohol,C:\PycharmProjects\Alcohol Detection\dataset\Grupo_2\E_2_3\Iritech\E_2_3_3\E_2_3_3_L_5\via_region_data.json
E_2_3_3_L_M_N_N_1982_141_2017.bmp308278,Alcohol,C:\PycharmProjects\Alcohol Detection\dataset\Grupo_2\E_2_3\Iritech\E_2_3_3\E_2_3_3_L_5\via_region_data.json
E_2_3_3_L_M_N_N_1982_142_2017.bmp308278,Alcohol,C:\PycharmProjects\Alcohol Detection\dataset\Grupo_2\E_2_3\Iritech\E_2_3_3\E_2_3_3_L_5\via_region_data.json
E_2_3_3_L_M_N_N_1982_143_2017.bmp308278,Alcohol,C:\PycharmProjects\Alcohol Detection\dataset\Grupo_2\E_2_3\Iritech\E_2_3_3\E_2_3_3_L_5\via_region_data.json
E_2_3_3_L_M_N_N_1982_144_2017.bmp308278,Alcohol,C:\PycharmProjects\Alcohol Detection\dataset\Grupo_2\E_2_3\Iritech\E_2_3_3\E_2_3_3_L_5\via_region_data.json
E_2_3_3_L_M_N_N_1982_145_2017.bmp308278,Alcohol,C:\PycharmProjects\Alcohol Detection\dataset\Grupo_2\E_2_3\Iritech\E_2_3_3\E_2_3_3_L_5\via_region_data.json
E_2_3_3_L_M_N_N_1982_146_2017.bmp308278,Alcohol,C:\PycharmProjects\Alcohol Detection\dataset\Grupo_2\E_2_3\Iritech\E_2_3_3\E_2_3_3_L_5\via_region_data.json
E_2_3_3_L_M_N_N_1982_147_2017.bmp308278,Alcohol,C:\PycharmProjects\Alcohol Detection\dataset\Grupo_2\E_2_3\Iritech\E_2_3_3\E_2_3_3_L_5\via_region_data.json
E_2_3_3_L_M_N_N_1982_148_2017.bmp308278,Alcohol,C:\PycharmProjects\Alcohol Detection\dataset\Grupo_2\E_2_3\Iritech\E_2_3_3\E_2_3_3_L_5\via_region_data.json
E_2_3_3_L_M_N_N_1982_149_2017.bmp308278,Alcohol,C:\PycharmProjects\Alcohol Detection\dataset\Grupo_2\E_2_3\Iritech\E_2_3_3\E_2_3_3_L_5\via_region_data.json
E_2_3_3_L_M_N_N_1982_150_2017.bmp308278,Alcohol,C:\PycharmProjects\Alcohol Detection\dataset\Grupo_2\E_2_3\Iritech\E_2_3_3\E_2_3_3_L_5\via_region_data.json
E_2_3_3_L_M_N_N_1982_151_2017.bmp308278,Alcohol,C:\PycharmProjects\Alcohol Detection\dataset\Grupo_2\E_2_3\Iritech\E_2_3_3\E_2_3_3_L_5\via_region_data.json
E_2_3_3_L_M_N_N_1982_152_2017.bmp308278,Alcohol,C:\PycharmProjects\Alcohol Detection\dataset\Grupo_2\E_2_3\Iritech\E_2_3_3\E_2_3_3_L_5\via_region_data.json
E_2_3_3_L_M_N_N_1982_153_2017.bmp308278,Alcohol,C:\PycharmProjects\Alcohol Detection\dataset\Grupo_2\E_2_3\Iritech\E_2_3_3\E_2_3_3_L_5\via_region_data.json
E_2_3_3_L_M_N_N_1982_154_2017.bmp308278,Alcohol,C:\PycharmProjects\Alcohol Detection\dataset\Grupo_2\E_2_3\Iritech\E_2_3_3\E_2_3_3_L_5\via_region_data.json
E_2_3_3_L_M_N_N_1982_155_2017.bmp308278,Alcohol,C:\PycharmProjects\Alcohol Detection\dataset\Grupo_2\E_2_3\Iritech\E_2_3_3\E_2_3_3_L_5\via_region_data.json
E_2_3_3_L_M_N_N_1982_156_2017.bmp308278,Alcohol,C:\PycharmProjects\Alcohol Detection\dataset\Grupo_2\E_2_3\Iritech\E_2_3_3\E_2_3_3_L_5\via_region_data.json
E_2_3_3_L_M_N_N_1982_157_2017.bmp308278,Alcohol,C:\PycharmProjects\Alcohol Detection\dataset\Grupo_2\E_2_3\Iritech\E_2_3_3\E_2_3_3_L_5\via_region_data.json
E_2_3_3_L_M_N_N_1982_158_2017.bmp308278,Alcohol,C:\PycharmProjects\Alcohol Detection\dataset\Grupo_2\E_2_3\Iritech\E_2_3_3\E_2_3_3_L_5\via_region_data.json
E_2_3_3_L_M_N_N_1982_159_2017.bmp308278,Alcohol,C:\PycharmProjects\Alcohol Detection\dataset\Grupo_2\E_2_3\Iritech\E_2_3_3\E_2_3_3_L_5\via_region_data.json
E_2_3_3_L_M_N_N_1982_160_2017.bmp308278,Alcohol,C:\PycharmProjects\Alcohol Detection\dataset\Grupo_2\E_2_3\Iritech\E_2_3_3\E_2_3_3_L_5\via_region_data.json
E_2_3_3_L_M_N_N_1982_161_2017.bmp308278,Alcohol,C:\PycharmProjects\Alcohol Detection\dataset\Grupo_2\E_2_3\Iritech\E_2_3_3\E_2_3_3_L_5\via_region_data.json
E_2_3_3_L_M_N_N_1982_162_2017.bmp308278,Alcohol,C:\PycharmProjects\Alcohol Detection\dataset\Grupo_2\E_2_3\Iritech\E_2_3_3\E_2_3_3_L_5\via_region_data.json
E_2_3_3_R_M_N_N_1982_0_2017.bmp308278,Non-Alcohol,C:\PycharmProjects\Alcohol Detection\dataset\Grupo_2\E_2_3\Iritech\E_2_3_3\E_2_3_3_R_5\via_region_data.json
E_2_3_3_R_M_N_N_1982_1_2017.bmp308278,Alcohol,C:\PycharmProjects\Alcohol Detection\dataset\Grupo_2\E_2_3\Iritech\E_2_3_3\E_2_3_3_R_5\via_region_data.json
E_2_3_3_R_M_N_N_1982_2_2017.bmp308278,Alcohol,C:\PycharmProjects\Alcohol Detection\dataset\Grupo_2\E_2_3\Iritech\E_2_3_3\E_2_3_3_R_5\via_region_data.json
E_2_3_3_R_M_N_N_1982_3_2017.bmp308278,Alcohol,C:\PycharmProjects\Alcohol Detection\dataset\Grupo_2\E_2_3\Iritech\E_2_3_3\E_2_3_3_R_5\via_region_data.json
E_2_3_3_R_M_N_N_1982_4_2017.bmp308278,Alcohol,C:\PycharmProjects\Alcohol Detection\dataset\Grupo_2\E_2_3\Iritech\E_2_3_3\E_2_3_3_R_5\via_region_data.json
E_2_3_3_R_M_N_N_1982_5_2017.bmp308278,Alcohol,C:\PycharmProjects\Alcohol Detection\dataset\Grupo_2\E_2_3\Iritech\E_2_3_3\E_2_3_3_R_5\via_region_data.json
E_2_3_3_R_M_N_N_1982_6_2017.bmp308278,Alcohol,C:\PycharmProjects\Alcohol Detection\dataset\Grupo_2\E_2_3\Iritech\E_2_3_3\E_2_3_3_R_5\via_region_data.json
E_2_3_3_R_M_N_N_1982_7_2017.bmp308278,Alcohol,C:\PycharmProjects\Alcohol Detection\dataset\Grupo_2\E_2_3\Iritech\E_2_3_3\E_2_3_3_R_5\via_region_data.json
E_2_3_3_R_M_N_N_1982_8_2017.bmp308278,Alcohol,C:\PycharmProjects\Alcohol Detection\dataset\Grupo_2\E_2_3\Iritech\E_2_3_3\E_2_3_3_R_5\via_region_data.json
E_2_3_3_R_M_N_N_1982_9_2017.bmp308278,Alcohol,C:\PycharmProjects\Alcohol Detection\dataset\Grupo_2\E_2_3\Iritech\E_2_3_3\E_2_3_3_R_5\via_region_data.json
E_2_3_3_R_M_N_N_1982_10_2017.bmp308278,Alcohol,C:\PycharmProjects\Alcohol Detection\dataset\Grupo_2\E_2_3\Iritech\E_2_3_3\E_2_3_3_R_5\via_region_data.json
E_2_3_3_R_M_N_N_1982_11_2017.bmp308278,Alcohol,C:\PycharmProjects\Alcohol Detection\dataset\Grupo_2\E_2_3\Iritech\E_2_3_3\E_2_3_3_R_5\via_region_data.json
E_2_3_3_R_M_N_N_1982_12_2017.bmp308278,Alcohol,C:\PycharmProjects\Alcohol Detection\dataset\Grupo_2\E_2_3\Iritech\E_2_3_3\E_2_3_3_R_5\via_region_data.json
E_2_3_3_R_M_N_N_1982_13_2017.bmp308278,Alcohol,C:\PycharmProjects\Alcohol Detection\dataset\Grupo_2\E_2_3\Iritech\E_2_3_3\E_2_3_3_R_5\via_region_data.json
E_2_3_3_R_M_N_N_1982_14_2017.bmp308278,Alcohol,C:\PycharmProjects\Alcohol Detection\dataset\Grupo_2\E_2_3\Iritech\E_2_3_3\E_2_3_3_R_5\via_region_data.json
E_2_3_3_R_M_N_N_1982_15_2017.bmp308278,Alcohol,C:\PycharmProjects\Alcohol Detection\dataset\Grupo_2\E_2_3\Iritech\E_2_3_3\E_2_3_3_R_5\via_region_data.json
E_2_3_3_R_M_N_N_1982_16_2017.bmp308278,Alcohol,C:\PycharmProjects\Alcohol Detection\dataset\Grupo_2\E_2_3\Iritech\E_2_3_3\E_2_3_3_R_5\via_region_data.json
E_2_3_3_R_M_N_N_1982_17_2017.bmp308278,Alcohol,C:\PycharmProjects\Alcohol Detection\dataset\Grupo_2\E_2_3\Iritech\E_2_3_3\E_2_3_3_R_5\via_region_data.json
E_2_3_3_R_M_N_N_1982_18_2017.bmp308278,Alcohol,C:\PycharmProjects\Alcohol Detection\dataset\Grupo_2\E_2_3\Iritech\E_2_3_3\E_2_3_3_R_5\via_region_data.json
E_2_3_3_R_M_N_N_1982_19_2017.bmp308278,Alcohol,C:\PycharmProjects\Alcohol Detection\dataset\Grupo_2\E_2_3\Iritech\E_2_3_3\E_2_3_3_R_5\via_region_data.json
E_2_3_3_R_M_N_N_1982_20_2017.bmp308278,Alcohol,C:\PycharmProjects\Alcohol Detection\dataset\Grupo_2\E_2_3\Iritech\E_2_3_3\E_2_3_3_R_5\via_region_data.json
E_2_3_3_R_M_N_N_1982_21_2017.bmp308278,Alcohol,C:\PycharmProjects\Alcohol Detection\dataset\Grupo_2\E_2_3\Iritech\E_2_3_3\E_2_3_3_R_5\via_region_data.json
E_2_3_3_R_M_N_N_1982_22_2017.bmp308278,Alcohol,C:\PycharmProjects\Alcohol Detection\dataset\Grupo_2\E_2_3\Iritech\E_2_3_3\E_2_3_3_R_5\via_region_data.json
E_2_3_3_R_M_N_N_1982_23_2017.bmp308278,Alcohol,C:\PycharmProjects\Alcohol Detection\dataset\Grupo_2\E_2_3\Iritech\E_2_3_3\E_2_3_3_R_5\via_region_data.json
E_2_3_3_R_M_N_N_1982_24_2017.bmp308278,Alcohol,C:\PycharmProjects\Alcohol Detection\dataset\Grupo_2\E_2_3\Iritech\E_2_3_3\E_2_3_3_R_5\via_region_data.json
E_2_3_3_R_M_N_N_1982_25_2017.bmp308278,Alcohol,C:\PycharmProjects\Alcohol Detection\dataset\Grupo_2\E_2_3\Iritech\E_2_3_3\E_2_3_3_R_5\via_region_data.json
E_2_3_3_R_M_N_N_1982_26_2017.bmp308278,Alcohol,C:\PycharmProjects\Alcohol Detection\dataset\Grupo_2\E_2_3\Iritech\E_2_3_3\E_2_3_3_R_5\via_region_data.json
E_2_3_3_R_M_N_N_1982_27_2017.bmp308278,Alcohol,C:\PycharmProjects\Alcohol Detection\dataset\Grupo_2\E_2_3\Iritech\E_2_3_3\E_2_3_3_R_5\via_region_data.json
E_2_3_3_R_M_N_N_1982_28_2017.bmp308278,Alcohol,C:\PycharmProjects\Alcohol Detection\dataset\Grupo_2\E_2_3\Iritech\E_2_3_3\E_2_3_3_R_5\via_region_data.json
E_2_3_3_R_M_N_N_1982_29_2017.bmp308278,Alcohol,C:\PycharmProjects\Alcohol Detection\dataset\Grupo_2\E_2_3\Iritech\E_2_3_3\E_2_3_3_R_5\via_region_data.json
E_2_3_3_R_M_N_N_1982_30_2017.bmp308278,Alcohol,C:\PycharmProjects\Alcohol Detection\dataset\Grupo_2\E_2_3\Iritech\E_2_3_3\E_2_3_3_R_5\via_region_data.json
E_2_3_3_R_M_N_N_1982_31_2017.bmp308278,Alcohol,C:\PycharmProjects\Alcohol Detection\dataset\Grupo_2\E_2_3\Iritech\E_2_3_3\E_2_3_3_R_5\via_region_data.json
E_2_3_3_R_M_N_N_1982_32_2017.bmp308278,Alcohol,C:\PycharmProjects\Alcohol Detection\dataset\Grupo_2\E_2_3\Iritech\E_2_3_3\E_2_3_3_R_5\via_region_data.json
E_2_3_3_R_M_N_N_1982_33_2017.bmp308278,Alcohol,C:\PycharmProjects\Alcohol Detection\dataset\Grupo_2\E_2_3\Iritech\E_2_3_3\E_2_3_3_R_5\via_region_data.json
E_2_3_3_R_M_N_N_1982_34_2017.bmp308278,Alcohol,C:\PycharmProjects\Alcohol Detection\dataset\Grupo_2\E_2_3\Iritech\E_2_3_3\E_2_3_3_R_5\via_region_data.json
E_2_3_3_R_M_N_N_1982_35_2017.bmp308278,Alcohol,C:\PycharmProjects\Alcohol Detection\dataset\Grupo_2\E_2_3\Iritech\E_2_3_3\E_2_3_3_R_5\via_region_data.json
E_2_3_3_R_M_N_N_1982_36_2017.bmp308278,Alcohol,C:\PycharmProjects\Alcohol Detection\dataset\Grupo_2\E_2_3\Iritech\E_2_3_3\E_2_3_3_R_5\via_region_data.json
E_2_3_3_R_M_N_N_1982_37_2017.bmp308278,Alcohol,C:\PycharmProjects\Alcohol Detection\dataset\Grupo_2\E_2_3\Iritech\E_2_3_3\E_2_3_3_R_5\via_region_data.json
E_2_3_3_R_M_N_N_1982_38_2017.bmp308278,Alcohol,C:\PycharmProjects\Alcohol Detection\dataset\Grupo_2\E_2_3\Iritech\E_2_3_3\E_2_3_3_R_5\via_region_data.json
E_2_3_3_R_M_N_N_1982_39_2017.bmp308278,Alcohol,C:\PycharmProjects\Alcohol Detection\dataset\Grupo_2\E_2_3\Iritech\E_2_3_3\E_2_3_3_R_5\via_region_data.json
E_2_3_3_R_M_N_N_1982_40_2017.bmp308278,Alcohol,C:\PycharmProjects\Alcohol Detection\dataset\Grupo_2\E_2_3\Iritech\E_2_3_3\E_2_3_3_R_5\via_region_data.json
E_2_3_3_R_M_N_N_1982_41_2017.bmp308278,Alcohol,C:\PycharmProjects\Alcohol Detection\dataset\Grupo_2\E_2_3\Iritech\E_2_3_3\E_2_3_3_R_5\via_region_data.json
E_2_3_3_R_M_N_N_1982_42_2017.bmp308278,Alcohol,C:\PycharmProjects\Alcohol Detection\dataset\Grupo_2\E_2_3\Iritech\E_2_3_3\E_2_3_3_R_5\via_region_data.json
E_2_3_3_R_M_N_N_1982_43_2017.bmp308278,Alcohol,C:\PycharmProjects\Alcohol Detection\dataset\Grupo_2\E_2_3\Iritech\E_2_3_3\E_2_3_3_R_5\via_region_data.json
E_2_3_3_R_M_N_N_1982_44_2017.bmp308278,Alcohol,C:\PycharmProjects\Alcohol Detection\dataset\Grupo_2\E_2_3\Iritech\E_2_3_3\E_2_3_3_R_5\via_region_data.json
E_2_3_3_R_M_N_N_1982_45_2017.bmp308278,Alcohol,C:\PycharmProjects\Alcohol Detection\dataset\Grupo_2\E_2_3\Iritech\E_2_3_3\E_2_3_3_R_5\via_region_data.json
E_2_3_3_R_M_N_N_1982_46_2017.bmp308278,Alcohol,C:\PycharmProjects\Alcohol Detection\dataset\Grupo_2\E_2_3\Iritech\E_2_3_3\E_2_3_3_R_5\via_region_data.json
E_2_3_3_R_M_N_N_1982_47_2017.bmp308278,Alcohol,C:\PycharmProjects\Alcohol Detection\dataset\Grupo_2\E_2_3\Iritech\E_2_3_3\E_2_3_3_R_5\via_region_data.json
E_2_3_3_R_M_N_N_1982_48_2017.bmp308278,Alcohol,C:\PycharmProjects\Alcohol Detection\dataset\Grupo_2\E_2_3\Iritech\E_2_3_3\E_2_3_3_R_5\via_region_data.json
E_2_3_3_R_M_N_N_1982_49_2017.bmp308278,Alcohol,C:\PycharmProjects\Alcohol Detection\dataset\Grupo_2\E_2_3\Iritech\E_2_3_3\E_2_3_3_R_5\via_region_data.json
E_2_3_3_R_M_N_N_1982_50_2017.bmp308278,Alcohol,C:\PycharmProjects\Alcohol Detection\dataset\Grupo_2\E_2_3\Iritech\E_2_3_3\E_2_3_3_R_5\via_region_data.json
E_2_3_3_R_M_N_N_1982_51_2017.bmp308278,Alcohol,C:\PycharmProjects\Alcohol Detection\dataset\Grupo_2\E_2_3\Iritech\E_2_3_3\E_2_3_3_R_5\via_region_data.json
E_2_3_3_R_M_N_N_1982_52_2017.bmp308278,Alcohol,C:\PycharmProjects\Alcohol Detection\dataset\Grupo_2\E_2_3\Iritech\E_2_3_3\E_2_3_3_R_5\via_region_data.json
E_2_3_3_R_M_N_N_1982_53_2017.bmp308278,Alcohol,C:\PycharmProjects\Alcohol Detection\dataset\Grupo_2\E_2_3\Iritech\E_2_3_3\E_2_3_3_R_5\via_region_data.json
E_2_3_3_R_M_N_N_1982_54_2017.bmp308278,Alcohol,C:\PycharmProjects\Alcohol Detection\dataset\Grupo_2\E_2_3\Iritech\E_2_3_3\E_2_3_3_R_5\via_region_data.json
E_2_3_3_R_M_N_N_1982_55_2017.bmp308278,Alcohol,C:\PycharmProjects\Alcohol Detection\dataset\Grupo_2\E_2_3\Iritech\E_2_3_3\E_2_3_3_R_5\via_region_data.json
E_2_3_3_R_M_N_N_1982_56_2017.bmp308278,Alcohol,C:\PycharmProjects\Alcohol Detection\dataset\Grupo_2\E_2_3\Iritech\E_2_3_3\E_2_3_3_R_5\via_region_data.json
E_2_3_3_R_M_N_N_1982_57_2017.bmp308278,Alcohol,C:\PycharmProjects\Alcohol Detection\dataset\Grupo_2\E_2_3\Iritech\E_2_3_3\E_2_3_3_R_5\via_region_data.json
E_2_3_3_R_M_N_N_1982_58_2017.bmp308278,Alcohol,C:\PycharmProjects\Alcohol Detection\dataset\Grupo_2\E_2_3\Iritech\E_2_3_3\E_2_3_3_R_5\via_region_data.json
E_2_3_3_R_M_N_N_1982_59_2017.bmp308278,Alcohol,C:\PycharmProjects\Alcohol Detection\dataset\Grupo_2\E_2_3\Iritech\E_2_3_3\E_2_3_3_R_5\via_region_data.json
E_2_3_3_R_M_N_N_1982_60_2017.bmp308278,Alcohol,C:\PycharmProjects\Alcohol Detection\dataset\Grupo_2\E_2_3\Iritech\E_2_3_3\E_2_3_3_R_5\via_region_data.json
E_2_3_3_R_M_N_N_1982_61_2017.bmp308278,Alcohol,C:\PycharmProjects\Alcohol Detection\dataset\Grupo_2\E_2_3\Iritech\E_2_3_3\E_2_3_3_R_5\via_region_data.json
E_2_3_3_R_M_N_N_1982_62_2017.bmp308278,Alcohol,C:\PycharmProjects\Alcohol Detection\dataset\Grupo_2\E_2_3\Iritech\E_2_3_3\E_2_3_3_R_5\via_region_data.json
E_2_3_3_R_M_N_N_1982_63_2017.bmp308278,Alcohol,C:\PycharmProjects\Alcohol Detection\dataset\Grupo_2\E_2_3\Iritech\E_2_3_3\E_2_3_3_R_5\via_region_data.json
E_2_3_3_R_M_N_N_1982_64_2017.bmp308278,Alcohol,C:\PycharmProjects\Alcohol Detection\dataset\Grupo_2\E_2_3\Iritech\E_2_3_3\E_2_3_3_R_5\via_region_data.json
E_2_3_3_R_M_N_N_1982_65_2017.bmp308278,Alcohol,C:\PycharmProjects\Alcohol Detection\dataset\Grupo_2\E_2_3\Iritech\E_2_3_3\E_2_3_3_R_5\via_region_data.json
E_2_3_3_R_M_N_N_1982_66_2017.bmp308278,Alcohol,C:\PycharmProjects\Alcohol Detection\dataset\Grupo_2\E_2_3\Iritech\E_2_3_3\E_2_3_3_R_5\via_region_data.json
E_2_3_3_R_M_N_N_1982_67_2017.bmp308278,Alcohol,C:\PycharmProjects\Alcohol Detection\dataset\Grupo_2\E_2_3\Iritech\E_2_3_3\E_2_3_3_R_5\via_region_data.json
E_2_3_3_R_M_N_N_1982_68_2017.bmp308278,Alcohol,C:\PycharmProjects\Alcohol Detection\dataset\Grupo_2\E_2_3\Iritech\E_2_3_3\E_2_3_3_R_5\via_region_data.json
E_2_3_3_R_M_N_N_1982_69_2017.bmp308278,Alcohol,C:\PycharmProjects\Alcohol Detection\dataset\Grupo_2\E_2_3\Iritech\E_2_3_3\E_2_3_3_R_5\via_region_data.json
E_2_3_3_R_M_N_N_1982_70_2017.bmp308278,Alcohol,C:\PycharmProjects\Alcohol Detection\dataset\Grupo_2\E_2_3\Iritech\E_2_3_3\E_2_3_3_R_5\via_region_data.json
E_2_3_3_R_M_N_N_1982_71_2017.bmp308278,Alcohol,C:\PycharmProjects\Alcohol Detection\dataset\Grupo_2\E_2_3\Iritech\E_2_3_3\E_2_3_3_R_5\via_region_data.json
E_2_3_3_R_M_N_N_1982_72_2017.bmp308278,Alcohol,C:\PycharmProjects\Alcohol Detection\dataset\Grupo_2\E_2_3\Iritech\E_2_3_3\E_2_3_3_R_5\via_region_data.json
E_2_3_3_R_M_N_N_1982_73_2017.bmp308278,Alcohol,C:\PycharmProjects\Alcohol Detection\dataset\Grupo_2\E_2_3\Iritech\E_2_3_3\E_2_3_3_R_5\via_region_data.json
E_2_3_3_R_M_N_N_1982_74_2017.bmp308278,Alcohol,C:\PycharmProjects\Alcohol Detection\dataset\Grupo_2\E_2_3\Iritech\E_2_3_3\E_2_3_3_R_5\via_region_data.json
E_2_3_3_R_M_N_N_1982_75_2017.bmp308278,Alcohol,C:\PycharmProjects\Alcohol Detection\dataset\Grupo_2\E_2_3\Iritech\E_2_3_3\E_2_3_3_R_5\via_region_data.json
E_2_3_3_R_M_N_N_1982_76_2017.bmp308278,Alcohol,C:\PycharmProjects\Alcohol Detection\dataset\Grupo_2\E_2_3\Iritech\E_2_3_3\E_2_3_3_R_5\via_region_data.json
E_2_3_3_R_M_N_N_1982_77_2017.bmp308278,Alcohol,C:\PycharmProjects\Alcohol Detection\dataset\Grupo_2\E_2_3\Iritech\E_2_3_3\E_2_3_3_R_5\via_region_data.json
E_2_3_3_R_M_N_N_1982_78_2017.bmp308278,Alcohol,C:\PycharmProjects\Alcohol Detection\dataset\Grupo_2\E_2_3\Iritech\E_2_3_3\E_2_3_3_R_5\via_region_data.json
E_2_3_4_L_M_N_N_1982_0_2017.bmp308278,Non-Alcohol,C:\PycharmProjects\Alcohol Detection\dataset\Grupo_2\E_2_3\Iritech\E_2_3_4\via_region_data.json
E_2_3_4_R_M_N_N_1982_0_2017.bmp308278,Non-Alcohol,C:\PycharmProjects\Alcohol Detection\dataset\Grupo_2\E_2_3\Iritech\E_2_3_4\via_region_data.json
E_2_3_4_L_M_N_N_1982_0_2017.bmp308278,Non-Alcohol,C:\PycharmProjects\Alcohol Detection\dataset\Grupo_2\E_2_3\Iritech\E_2_3_4\E_2_3_4_L_5\via_region_data.json
E_2_3_4_L_M_N_N_1982_1_2017.bmp308278,Alcohol,C:\PycharmProjects\Alcohol Detection\dataset\Grupo_2\E_2_3\Iritech\E_2_3_4\E_2_3_4_L_5\via_region_data.json
E_2_3_4_L_M_N_N_1982_2_2017.bmp308278,Alcohol,C:\PycharmProjects\Alcohol Detection\dataset\Grupo_2\E_2_3\Iritech\E_2_3_4\E_2_3_4_L_5\via_region_data.json
E_2_3_4_L_M_N_N_1982_3_2017.bmp308278,Alcohol,C:\PycharmProjects\Alcohol Detection\dataset\Grupo_2\E_2_3\Iritech\E_2_3_4\E_2_3_4_L_5\via_region_data.json
E_2_3_4_L_M_N_N_1982_4_2017.bmp308278,Alcohol,C:\PycharmProjects\Alcohol Detection\dataset\Grupo_2\E_2_3\Iritech\E_2_3_4\E_2_3_4_L_5\via_region_data.json
E_2_3_4_L_M_N_N_1982_5_2017.bmp308278,Alcohol,C:\PycharmProjects\Alcohol Detection\dataset\Grupo_2\E_2_3\Iritech\E_2_3_4\E_2_3_4_L_5\via_region_data.json
E_2_3_4_L_M_N_N_1982_6_2017.bmp308278,Alcohol,C:\PycharmProjects\Alcohol Detection\dataset\Grupo_2\E_2_3\Iritech\E_2_3_4\E_2_3_4_L_5\via_region_data.json
E_2_3_4_L_M_N_N_1982_7_2017.bmp308278,Alcohol,C:\PycharmProjects\Alcohol Detection\dataset\Grupo_2\E_2_3\Iritech\E_2_3_4\E_2_3_4_L_5\via_region_data.json
E_2_3_4_L_M_N_N_1982_8_2017.bmp308278,Alcohol,C:\PycharmProjects\Alcohol Detection\dataset\Grupo_2\E_2_3\Iritech\E_2_3_4\E_2_3_4_L_5\via_region_data.json
E_2_3_4_L_M_N_N_1982_9_2017.bmp308278,Alcohol,C:\PycharmProjects\Alcohol Detection\dataset\Grupo_2\E_2_3\Iritech\E_2_3_4\E_2_3_4_L_5\via_region_data.json
E_2_3_4_L_M_N_N_1982_10_2017.bmp308278,Alcohol,C:\PycharmProjects\Alcohol Detection\dataset\Grupo_2\E_2_3\Iritech\E_2_3_4\E_2_3_4_L_5\via_region_data.json
E_2_3_4_L_M_N_N_1982_11_2017.bmp308278,Alcohol,C:\PycharmProjects\Alcohol Detection\dataset\Grupo_2\E_2_3\Iritech\E_2_3_4\E_2_3_4_L_5\via_region_data.json
E_2_3_4_L_M_N_N_1982_12_2017.bmp308278,Alcohol,C:\PycharmProjects\Alcohol Detection\dataset\Grupo_2\E_2_3\Iritech\E_2_3_4\E_2_3_4_L_5\via_region_data.json
E_2_3_4_L_M_N_N_1982_13_2017.bmp308278,Alcohol,C:\PycharmProjects\Alcohol Detection\dataset\Grupo_2\E_2_3\Iritech\E_2_3_4\E_2_3_4_L_5\via_region_data.json
E_2_3_4_L_M_N_N_1982_14_2017.bmp308278,Alcohol,C:\PycharmProjects\Alcohol Detection\dataset\Grupo_2\E_2_3\Iritech\E_2_3_4\E_2_3_4_L_5\via_region_data.json
E_2_3_4_L_M_N_N_1982_15_2017.bmp308278,Alcohol,C:\PycharmProjects\Alcohol Detection\dataset\Grupo_2\E_2_3\Iritech\E_2_3_4\E_2_3_4_L_5\via_region_data.json
E_2_3_4_L_M_N_N_1982_16_2017.bmp308278,Alcohol,C:\PycharmProjects\Alcohol Detection\dataset\Grupo_2\E_2_3\Iritech\E_2_3_4\E_2_3_4_L_5\via_region_data.json
E_2_3_4_L_M_N_N_1982_17_2017.bmp308278,Alcohol,C:\PycharmProjects\Alcohol Detection\dataset\Grupo_2\E_2_3\Iritech\E_2_3_4\E_2_3_4_L_5\via_region_data.json
E_2_3_4_L_M_N_N_1982_18_2017.bmp308278,Alcohol,C:\PycharmProjects\Alcohol Detection\dataset\Grupo_2\E_2_3\Iritech\E_2_3_4\E_2_3_4_L_5\via_region_data.json
E_2_3_4_L_M_N_N_1982_19_2017.bmp308278,Alcohol,C:\PycharmProjects\Alcohol Detection\dataset\Grupo_2\E_2_3\Iritech\E_2_3_4\E_2_3_4_L_5\via_region_data.json
E_2_3_4_L_M_N_N_1982_20_2017.bmp308278,Alcohol,C:\PycharmProjects\Alcohol Detection\dataset\Grupo_2\E_2_3\Iritech\E_2_3_4\E_2_3_4_L_5\via_region_data.json
E_2_3_4_L_M_N_N_1982_21_2017.bmp308278,Alcohol,C:\PycharmProjects\Alcohol Detection\dataset\Grupo_2\E_2_3\Iritech\E_2_3_4\E_2_3_4_L_5\via_region_data.json
E_2_3_4_L_M_N_N_1982_22_2017.bmp308278,Alcohol,C:\PycharmProjects\Alcohol Detection\dataset\Grupo_2\E_2_3\Iritech\E_2_3_4\E_2_3_4_L_5\via_region_data.json
E_2_3_4_L_M_N_N_1982_23_2017.bmp308278,Alcohol,C:\PycharmProjects\Alcohol Detection\dataset\Grupo_2\E_2_3\Iritech\E_2_3_4\E_2_3_4_L_5\via_region_data.json
E_2_3_4_L_M_N_N_1982_24_2017.bmp308278,Alcohol,C:\PycharmProjects\Alcohol Detection\dataset\Grupo_2\E_2_3\Iritech\E_2_3_4\E_2_3_4_L_5\via_region_data.json
E_2_3_4_L_M_N_N_1982_25_2017.bmp308278,Alcohol,C:\PycharmProjects\Alcohol Detection\dataset\Grupo_2\E_2_3\Iritech\E_2_3_4\E_2_3_4_L_5\via_region_data.json
E_2_3_4_L_M_N_N_1982_26_2017.bmp308278,Alcohol,C:\PycharmProjects\Alcohol Detection\dataset\Grupo_2\E_2_3\Iritech\E_2_3_4\E_2_3_4_L_5\via_region_data.json
E_2_3_4_L_M_N_N_1982_27_2017.bmp308278,Alcohol,C:\PycharmProjects\Alcohol Detection\dataset\Grupo_2\E_2_3\Iritech\E_2_3_4\E_2_3_4_L_5\via_region_data.json
E_2_3_4_L_M_N_N_1982_28_2017.bmp308278,Alcohol,C:\PycharmProjects\Alcohol Detection\dataset\Grupo_2\E_2_3\Iritech\E_2_3_4\E_2_3_4_L_5\via_region_data.json
E_2_3_4_L_M_N_N_1982_29_2017.bmp308278,Alcohol,C:\PycharmProjects\Alcohol Detection\dataset\Grupo_2\E_2_3\Iritech\E_2_3_4\E_2_3_4_L_5\via_region_data.json
E_2_3_4_L_M_N_N_1982_30_2017.bmp308278,Alcohol,C:\PycharmProjects\Alcohol Detection\dataset\Grupo_2\E_2_3\Iritech\E_2_3_4\E_2_3_4_L_5\via_region_data.json
E_2_3_4_L_M_N_N_1982_31_2017.bmp308278,Alcohol,C:\PycharmProjects\Alcohol Detection\dataset\Grupo_2\E_2_3\Iritech\E_2_3_4\E_2_3_4_L_5\via_region_data.json
E_2_3_4_L_M_N_N_1982_32_2017.bmp308278,Alcohol,C:\PycharmProjects\Alcohol Detection\dataset\Grupo_2\E_2_3\Iritech\E_2_3_4\E_2_3_4_L_5\via_region_data.json
E_2_3_4_L_M_N_N_1982_33_2017.bmp308278,Alcohol,C:\PycharmProjects\Alcohol Detection\dataset\Grupo_2\E_2_3\Iritech\E_2_3_4\E_2_3_4_L_5\via_region_data.json
E_2_3_4_L_M_N_N_1982_34_2017.bmp308278,Alcohol,C:\PycharmProjects\Alcohol Detection\dataset\Grupo_2\E_2_3\Iritech\E_2_3_4\E_2_3_4_L_5\via_region_data.json
E_2_3_4_L_M_N_N_1982_35_2017.bmp308278,Alcohol,C:\PycharmProjects\Alcohol Detection\dataset\Grupo_2\E_2_3\Iritech\E_2_3_4\E_2_3_4_L_5\via_region_data.json
E_2_3_4_L_M_N_N_1982_36_2017.bmp308278,Alcohol,C:\PycharmProjects\Alcohol Detection\dataset\Grupo_2\E_2_3\Iritech\E_2_3_4\E_2_3_4_L_5\via_region_data.json
E_2_3_4_L_M_N_N_1982_37_2017.bmp308278,Alcohol,C:\PycharmProjects\Alcohol Detection\dataset\Grupo_2\E_2_3\Iritech\E_2_3_4\E_2_3_4_L_5\via_region_data.json
E_2_3_4_L_M_N_N_1982_38_2017.bmp308278,Alcohol,C:\PycharmProjects\Alcohol Detection\dataset\Grupo_2\E_2_3\Iritech\E_2_3_4\E_2_3_4_L_5\via_region_data.json
E_2_3_4_L_M_N_N_1982_39_2017.bmp308278,Alcohol,C:\PycharmProjects\Alcohol Detection\dataset\Grupo_2\E_2_3\Iritech\E_2_3_4\E_2_3_4_L_5\via_region_data.json
E_2_3_4_L_M_N_N_1982_40_2017.bmp308278,Alcohol,C:\PycharmProjects\Alcohol Detection\dataset\Grupo_2\E_2_3\Iritech\E_2_3_4\E_2_3_4_L_5\via_region_data.json
E_2_3_4_L_M_N_N_1982_41_2017.bmp308278,Alcohol,C:\PycharmProjects\Alcohol Detection\dataset\Grupo_2\E_2_3\Iritech\E_2_3_4\E_2_3_4_L_5\via_region_data.json
E_2_3_4_L_M_N_N_1982_42_2017.bmp308278,Alcohol,C:\PycharmProjects\Alcohol Detection\dataset\Grupo_2\E_2_3\Iritech\E_2_3_4\E_2_3_4_L_5\via_region_data.json
E_2_3_4_L_M_N_N_1982_43_2017.bmp308278,Alcohol,C:\PycharmProjects\Alcohol Detection\dataset\Grupo_2\E_2_3\Iritech\E_2_3_4\E_2_3_4_L_5\via_region_data.json
E_2_3_4_L_M_N_N_1982_44_2017.bmp308278,Alcohol,C:\PycharmProjects\Alcohol Detection\dataset\Grupo_2\E_2_3\Iritech\E_2_3_4\E_2_3_4_L_5\via_region_data.json
E_2_3_4_L_M_N_N_1982_45_2017.bmp308278,Alcohol,C:\PycharmProjects\Alcohol Detection\dataset\Grupo_2\E_2_3\Iritech\E_2_3_4\E_2_3_4_L_5\via_region_data.json
E_2_3_4_L_M_N_N_1982_46_2017.bmp308278,Alcohol,C:\PycharmProjects\Alcohol Detection\dataset\Grupo_2\E_2_3\Iritech\E_2_3_4\E_2_3_4_L_5\via_region_data.json
E_2_3_4_L_M_N_N_1982_47_2017.bmp308278,Alcohol,C:\PycharmProjects\Alcohol Detection\dataset\Grupo_2\E_2_3\Iritech\E_2_3_4\E_2_3_4_L_5\via_region_data.json
E_2_3_4_L_M_N_N_1982_48_2017.bmp308278,Alcohol,C:\PycharmProjects\Alcohol Detection\dataset\Grupo_2\E_2_3\Iritech\E_2_3_4\E_2_3_4_L_5\via_region_data.json
E_2_3_4_L_M_N_N_1982_49_2017.bmp308278,Alcohol,C:\PycharmProjects\Alcohol Detection\dataset\Grupo_2\E_2_3\Iritech\E_2_3_4\E_2_3_4_L_5\via_region_data.json
E_2_3_4_L_M_N_N_1982_50_2017.bmp308278,Alcohol,C:\PycharmProjects\Alcohol Detection\dataset\Grupo_2\E_2_3\Iritech\E_2_3_4\E_2_3_4_L_5\via_region_data.json
E_2_3_4_L_M_N_N_1982_51_2017.bmp308278,Alcohol,C:\PycharmProjects\Alcohol Detection\dataset\Grupo_2\E_2_3\Iritech\E_2_3_4\E_2_3_4_L_5\via_region_data.json
E_2_3_4_L_M_N_N_1982_52_2017.bmp308278,Alcohol,C:\PycharmProjects\Alcohol Detection\dataset\Grupo_2\E_2_3\Iritech\E_2_3_4\E_2_3_4_L_5\via_region_data.json
E_2_3_4_L_M_N_N_1982_53_2017.bmp308278,Alcohol,C:\PycharmProjects\Alcohol Detection\dataset\Grupo_2\E_2_3\Iritech\E_2_3_4\E_2_3_4_L_5\via_region_data.json
E_2_3_4_L_M_N_N_1982_54_2017.bmp308278,Alcohol,C:\PycharmProjects\Alcohol Detection\dataset\Grupo_2\E_2_3\Iritech\E_2_3_4\E_2_3_4_L_5\via_region_data.json
E_2_3_4_L_M_N_N_1982_55_2017.bmp308278,Alcohol,C:\PycharmProjects\Alcohol Detection\dataset\Grupo_2\E_2_3\Iritech\E_2_3_4\E_2_3_4_L_5\via_region_data.json
E_2_3_4_L_M_N_N_1982_56_2017.bmp308278,Alcohol,C:\PycharmProjects\Alcohol Detection\dataset\Grupo_2\E_2_3\Iritech\E_2_3_4\E_2_3_4_L_5\via_region_data.json
E_2_3_4_L_M_N_N_1982_57_2017.bmp308278,Alcohol,C:\PycharmProjects\Alcohol Detection\dataset\Grupo_2\E_2_3\Iritech\E_2_3_4\E_2_3_4_L_5\via_region_data.json
E_2_3_4_L_M_N_N_1982_58_2017.bmp308278,Alcohol,C:\PycharmProjects\Alcohol Detection\dataset\Grupo_2\E_2_3\Iritech\E_2_3_4\E_2_3_4_L_5\via_region_data.json
E_2_3_4_L_M_N_N_1982_59_2017.bmp308278,Alcohol,C:\PycharmProjects\Alcohol Detection\dataset\Grupo_2\E_2_3\Iritech\E_2_3_4\E_2_3_4_L_5\via_region_data.json
E_2_3_4_L_M_N_N_1982_60_2017.bmp308278,Alcohol,C:\PycharmProjects\Alcohol Detection\dataset\Grupo_2\E_2_3\Iritech\E_2_3_4\E_2_3_4_L_5\via_region_data.json
E_2_3_4_L_M_N_N_1982_61_2017.bmp308278,Alcohol,C:\PycharmProjects\Alcohol Detection\dataset\Grupo_2\E_2_3\Iritech\E_2_3_4\E_2_3_4_L_5\via_region_data.json
E_2_3_4_L_M_N_N_1982_62_2017.bmp308278,Alcohol,C:\PycharmProjects\Alcohol Detection\dataset\Grupo_2\E_2_3\Iritech\E_2_3_4\E_2_3_4_L_5\via_region_data.json
E_2_3_4_L_M_N_N_1982_63_2017.bmp308278,Alcohol,C:\PycharmProjects\Alcohol Detection\dataset\Grupo_2\E_2_3\Iritech\E_2_3_4\E_2_3_4_L_5\via_region_data.json
E_2_3_4_L_M_N_N_1982_64_2017.bmp308278,Alcohol,C:\PycharmProjects\Alcohol Detection\dataset\Grupo_2\E_2_3\Iritech\E_2_3_4\E_2_3_4_L_5\via_region_data.json
E_2_3_4_L_M_N_N_1982_65_2017.bmp308278,Alcohol,C:\PycharmProjects\Alcohol Detection\dataset\Grupo_2\E_2_3\Iritech\E_2_3_4\E_2_3_4_L_5\via_region_data.json
E_2_3_4_L_M_N_N_1982_66_2017.bmp308278,Alcohol,C:\PycharmProjects\Alcohol Detection\dataset\Grupo_2\E_2_3\Iritech\E_2_3_4\E_2_3_4_L_5\via_region_data.json
E_2_3_4_L_M_N_N_1982_67_2017.bmp308278,Alcohol,C:\PycharmProjects\Alcohol Detection\dataset\Grupo_2\E_2_3\Iritech\E_2_3_4\E_2_3_4_L_5\via_region_data.json
E_2_3_4_L_M_N_N_1982_68_2017.bmp308278,Alcohol,C:\PycharmProjects\Alcohol Detection\dataset\Grupo_2\E_2_3\Iritech\E_2_3_4\E_2_3_4_L_5\via_region_data.json
E_2_3_4_L_M_N_N_1982_69_2017.bmp308278,Alcohol,C:\PycharmProjects\Alcohol Detection\dataset\Grupo_2\E_2_3\Iritech\E_2_3_4\E_2_3_4_L_5\via_region_data.json
E_2_3_4_L_M_N_N_1982_70_2017.bmp308278,Alcohol,C:\PycharmProjects\Alcohol Detection\dataset\Grupo_2\E_2_3\Iritech\E_2_3_4\E_2_3_4_L_5\via_region_data.json
E_2_3_4_L_M_N_N_1982_71_2017.bmp308278,Alcohol,C:\PycharmProjects\Alcohol Detection\dataset\Grupo_2\E_2_3\Iritech\E_2_3_4\E_2_3_4_L_5\via_region_data.json
E_2_3_4_L_M_N_N_1982_72_2017.bmp308278,Alcohol,C:\PycharmProjects\Alcohol Detection\dataset\Grupo_2\E_2_3\Iritech\E_2_3_4\E_2_3_4_L_5\via_region_data.json
E_2_3_4_L_M_N_N_1982_73_2017.bmp308278,Alcohol,C:\PycharmProjects\Alcohol Detection\dataset\Grupo_2\E_2_3\Iritech\E_2_3_4\E_2_3_4_L_5\via_region_data.json
E_2_3_4_L_M_N_N_1982_74_2017.bmp308278,Alcohol,C:\PycharmProjects\Alcohol Detection\dataset\Grupo_2\E_2_3\Iritech\E_2_3_4\E_2_3_4_L_5\via_region_data.json
E_2_3_4_L_M_N_N_1982_75_2017.bmp308278,Alcohol,C:\PycharmProjects\Alcohol Detection\dataset\Grupo_2\E_2_3\Iritech\E_2_3_4\E_2_3_4_L_5\via_region_data.json
E_2_3_4_L_M_N_N_1982_76_2017.bmp308278,Alcohol,C:\PycharmProjects\Alcohol Detection\dataset\Grupo_2\E_2_3\Iritech\E_2_3_4\E_2_3_4_L_5\via_region_data.json
E_2_3_4_L_M_N_N_1982_77_2017.bmp308278,Alcohol,C:\PycharmProjects\Alcohol Detection\dataset\Grupo_2\E_2_3\Iritech\E_2_3_4\E_2_3_4_L_5\via_region_data.json
E_2_3_4_R_M_N_N_1982_0_2017.bmp308278,Non-Alcohol,C:\PycharmProjects\Alcohol Detection\dataset\Grupo_2\E_2_3\Iritech\E_2_3_4\E_2_3_4_R_5\via_region_data.json
E_2_3_4_R_M_N_N_1982_1_2017.bmp308278,Alcohol,C:\PycharmProjects\Alcohol Detection\dataset\Grupo_2\E_2_3\Iritech\E_2_3_4\E_2_3_4_R_5\via_region_data.json
E_2_3_4_R_M_N_N_1982_2_2017.bmp308278,Alcohol,C:\PycharmProjects\Alcohol Detection\dataset\Grupo_2\E_2_3\Iritech\E_2_3_4\E_2_3_4_R_5\via_region_data.json
E_2_3_4_R_M_N_N_1982_3_2017.bmp308278,Alcohol,C:\PycharmProjects\Alcohol Detection\dataset\Grupo_2\E_2_3\Iritech\E_2_3_4\E_2_3_4_R_5\via_region_data.json
E_2_3_4_R_M_N_N_1982_4_2017.bmp308278,Alcohol,C:\PycharmProjects\Alcohol Detection\dataset\Grupo_2\E_2_3\Iritech\E_2_3_4\E_2_3_4_R_5\via_region_data.json
E_2_3_4_R_M_N_N_1982_5_2017.bmp308278,Alcohol,C:\PycharmProjects\Alcohol Detection\dataset\Grupo_2\E_2_3\Iritech\E_2_3_4\E_2_3_4_R_5\via_region_data.json
E_2_3_4_R_M_N_N_1982_6_2017.bmp308278,Alcohol,C:\PycharmProjects\Alcohol Detection\dataset\Grupo_2\E_2_3\Iritech\E_2_3_4\E_2_3_4_R_5\via_region_data.json
E_2_3_4_R_M_N_N_1982_7_2017.bmp308278,Alcohol,C:\PycharmProjects\Alcohol Detection\dataset\Grupo_2\E_2_3\Iritech\E_2_3_4\E_2_3_4_R_5\via_region_data.json
E_2_3_4_R_M_N_N_1982_8_2017.bmp308278,Alcohol,C:\PycharmProjects\Alcohol Detection\dataset\Grupo_2\E_2_3\Iritech\E_2_3_4\E_2_3_4_R_5\via_region_data.json
E_2_3_4_R_M_N_N_1982_9_2017.bmp308278,Alcohol,C:\PycharmProjects\Alcohol Detection\dataset\Grupo_2\E_2_3\Iritech\E_2_3_4\E_2_3_4_R_5\via_region_data.json
E_2_3_4_R_M_N_N_1982_10_2017.bmp308278,Alcohol,C:\PycharmProjects\Alcohol Detection\dataset\Grupo_2\E_2_3\Iritech\E_2_3_4\E_2_3_4_R_5\via_region_data.json
E_2_3_4_R_M_N_N_1982_11_2017.bmp308278,Alcohol,C:\PycharmProjects\Alcohol Detection\dataset\Grupo_2\E_2_3\Iritech\E_2_3_4\E_2_3_4_R_5\via_region_data.json
E_2_3_4_R_M_N_N_1982_12_2017.bmp308278,Alcohol,C:\PycharmProjects\Alcohol Detection\dataset\Grupo_2\E_2_3\Iritech\E_2_3_4\E_2_3_4_R_5\via_region_data.json
E_2_3_4_R_M_N_N_1982_13_2017.bmp308278,Alcohol,C:\PycharmProjects\Alcohol Detection\dataset\Grupo_2\E_2_3\Iritech\E_2_3_4\E_2_3_4_R_5\via_region_data.json
E_2_3_4_R_M_N_N_1982_14_2017.bmp308278,Alcohol,C:\PycharmProjects\Alcohol Detection\dataset\Grupo_2\E_2_3\Iritech\E_2_3_4\E_2_3_4_R_5\via_region_data.json
E_2_3_4_R_M_N_N_1982_15_2017.bmp308278,Alcohol,C:\PycharmProjects\Alcohol Detection\dataset\Grupo_2\E_2_3\Iritech\E_2_3_4\E_2_3_4_R_5\via_region_data.json
E_2_3_4_R_M_N_N_1982_16_2017.bmp308278,Alcohol,C:\PycharmProjects\Alcohol Detection\dataset\Grupo_2\E_2_3\Iritech\E_2_3_4\E_2_3_4_R_5\via_region_data.json
E_2_3_4_R_M_N_N_1982_17_2017.bmp308278,Alcohol,C:\PycharmProjects\Alcohol Detection\dataset\Grupo_2\E_2_3\Iritech\E_2_3_4\E_2_3_4_R_5\via_region_data.json
E_2_3_4_R_M_N_N_1982_18_2017.bmp308278,Alcohol,C:\PycharmProjects\Alcohol Detection\dataset\Grupo_2\E_2_3\Iritech\E_2_3_4\E_2_3_4_R_5\via_region_data.json
E_2_3_4_R_M_N_N_1982_19_2017.bmp308278,Alcohol,C:\PycharmProjects\Alcohol Detection\dataset\Grupo_2\E_2_3\Iritech\E_2_3_4\E_2_3_4_R_5\via_region_data.json
E_2_3_4_R_M_N_N_1982_20_2017.bmp308278,Alcohol,C:\PycharmProjects\Alcohol Detection\dataset\Grupo_2\E_2_3\Iritech\E_2_3_4\E_2_3_4_R_5\via_region_data.json
E_2_3_4_R_M_N_N_1982_21_2017.bmp308278,Alcohol,C:\PycharmProjects\Alcohol Detection\dataset\Grupo_2\E_2_3\Iritech\E_2_3_4\E_2_3_4_R_5\via_region_data.json
E_2_3_4_R_M_N_N_1982_22_2017.bmp308278,Alcohol,C:\PycharmProjects\Alcohol Detection\dataset\Grupo_2\E_2_3\Iritech\E_2_3_4\E_2_3_4_R_5\via_region_data.json
E_2_3_4_R_M_N_N_1982_23_2017.bmp308278,Alcohol,C:\PycharmProjects\Alcohol Detection\dataset\Grupo_2\E_2_3\Iritech\E_2_3_4\E_2_3_4_R_5\via_region_data.json
E_2_3_4_R_M_N_N_1982_24_2017.bmp308278,Alcohol,C:\PycharmProjects\Alcohol Detection\dataset\Grupo_2\E_2_3\Iritech\E_2_3_4\E_2_3_4_R_5\via_region_data.json
E_2_3_4_R_M_N_N_1982_25_2017.bmp308278,Alcohol,C:\PycharmProjects\Alcohol Detection\dataset\Grupo_2\E_2_3\Iritech\E_2_3_4\E_2_3_4_R_5\via_region_data.json
E_2_3_4_R_M_N_N_1982_26_2017.bmp308278,Alcohol,C:\PycharmProjects\Alcohol Detection\dataset\Grupo_2\E_2_3\Iritech\E_2_3_4\E_2_3_4_R_5\via_region_data.json
E_2_3_4_R_M_N_N_1982_27_2017.bmp308278,Alcohol,C:\PycharmProjects\Alcohol Detection\dataset\Grupo_2\E_2_3\Iritech\E_2_3_4\E_2_3_4_R_5\via_region_data.json
E_2_3_4_R_M_N_N_1982_28_2017.bmp308278,Alcohol,C:\PycharmProjects\Alcohol Detection\dataset\Grupo_2\E_2_3\Iritech\E_2_3_4\E_2_3_4_R_5\via_region_data.json
E_2_3_4_R_M_N_N_1982_29_2017.bmp308278,Alcohol,C:\PycharmProjects\Alcohol Detection\dataset\Grupo_2\E_2_3\Iritech\E_2_3_4\E_2_3_4_R_5\via_region_data.json
E_2_3_4_R_M_N_N_1982_30_2017.bmp308278,Alcohol,C:\PycharmProjects\Alcohol Detection\dataset\Grupo_2\E_2_3\Iritech\E_2_3_4\E_2_3_4_R_5\via_region_data.json
E_2_3_4_R_M_N_N_1982_31_2017.bmp308278,Alcohol,C:\PycharmProjects\Alcohol Detection\dataset\Grupo_2\E_2_3\Iritech\E_2_3_4\E_2_3_4_R_5\via_region_data.json
E_2_3_4_R_M_N_N_1982_32_2017.bmp308278,Alcohol,C:\PycharmProjects\Alcohol Detection\dataset\Grupo_2\E_2_3\Iritech\E_2_3_4\E_2_3_4_R_5\via_region_data.json
E_2_3_4_R_M_N_N_1982_33_2017.bmp308278,Alcohol,C:\PycharmProjects\Alcohol Detection\dataset\Grupo_2\E_2_3\Iritech\E_2_3_4\E_2_3_4_R_5\via_region_data.json
E_2_3_4_R_M_N_N_1982_34_2017.bmp308278,Alcohol,C:\PycharmProjects\Alcohol Detection\dataset\Grupo_2\E_2_3\Iritech\E_2_3_4\E_2_3_4_R_5\via_region_data.json
E_2_3_4_R_M_N_N_1982_35_2017.bmp308278,Alcohol,C:\PycharmProjects\Alcohol Detection\dataset\Grupo_2\E_2_3\Iritech\E_2_3_4\E_2_3_4_R_5\via_region_data.json
E_2_3_4_R_M_N_N_1982_36_2017.bmp308278,Alcohol,C:\PycharmProjects\Alcohol Detection\dataset\Grupo_2\E_2_3\Iritech\E_2_3_4\E_2_3_4_R_5\via_region_data.json
E_2_3_4_R_M_N_N_1982_37_2017.bmp308278,Alcohol,C:\PycharmProjects\Alcohol Detection\dataset\Grupo_2\E_2_3\Iritech\E_2_3_4\E_2_3_4_R_5\via_region_data.json
E_2_3_4_R_M_N_N_1982_38_2017.bmp308278,Alcohol,C:\PycharmProjects\Alcohol Detection\dataset\Grupo_2\E_2_3\Iritech\E_2_3_4\E_2_3_4_R_5\via_region_data.json
E_2_3_4_R_M_N_N_1982_39_2017.bmp308278,Alcohol,C:\PycharmProjects\Alcohol Detection\dataset\Grupo_2\E_2_3\Iritech\E_2_3_4\E_2_3_4_R_5\via_region_data.json
E_2_3_4_R_M_N_N_1982_40_2017.bmp308278,Alcohol,C:\PycharmProjects\Alcohol Detection\dataset\Grupo_2\E_2_3\Iritech\E_2_3_4\E_2_3_4_R_5\via_region_data.json
E_2_3_4_R_M_N_N_1982_41_2017.bmp308278,Alcohol,C:\PycharmProjects\Alcohol Detection\dataset\Grupo_2\E_2_3\Iritech\E_2_3_4\E_2_3_4_R_5\via_region_data.json
E_2_3_4_R_M_N_N_1982_42_2017.bmp308278,Alcohol,C:\PycharmProjects\Alcohol Detection\dataset\Grupo_2\E_2_3\Iritech\E_2_3_4\E_2_3_4_R_5\via_region_data.json
E_2_3_4_R_M_N_N_1982_43_2017.bmp308278,Alcohol,C:\PycharmProjects\Alcohol Detection\dataset\Grupo_2\E_2_3\Iritech\E_2_3_4\E_2_3_4_R_5\via_region_data.json
E_2_3_4_R_M_N_N_1982_44_2017.bmp308278,Alcohol,C:\PycharmProjects\Alcohol Detection\dataset\Grupo_2\E_2_3\Iritech\E_2_3_4\E_2_3_4_R_5\via_region_data.json
E_2_3_4_R_M_N_N_1982_45_2017.bmp308278,Alcohol,C:\PycharmProjects\Alcohol Detection\dataset\Grupo_2\E_2_3\Iritech\E_2_3_4\E_2_3_4_R_5\via_region_data.json
E_2_3_4_R_M_N_N_1982_46_2017.bmp308278,Alcohol,C:\PycharmProjects\Alcohol Detection\dataset\Grupo_2\E_2_3\Iritech\E_2_3_4\E_2_3_4_R_5\via_region_data.json
E_2_3_4_R_M_N_N_1982_47_2017.bmp308278,Alcohol,C:\PycharmProjects\Alcohol Detection\dataset\Grupo_2\E_2_3\Iritech\E_2_3_4\E_2_3_4_R_5\via_region_data.json
E_2_3_4_R_M_N_N_1982_48_2017.bmp308278,Alcohol,C:\PycharmProjects\Alcohol Detection\dataset\Grupo_2\E_2_3\Iritech\E_2_3_4\E_2_3_4_R_5\via_region_data.json
E_2_3_4_R_M_N_N_1982_49_2017.bmp308278,Alcohol,C:\PycharmProjects\Alcohol Detection\dataset\Grupo_2\E_2_3\Iritech\E_2_3_4\E_2_3_4_R_5\via_region_data.json
E_2_3_4_R_M_N_N_1982_50_2017.bmp308278,Alcohol,C:\PycharmProjects\Alcohol Detection\dataset\Grupo_2\E_2_3\Iritech\E_2_3_4\E_2_3_4_R_5\via_region_data.json
E_2_3_4_R_M_N_N_1982_51_2017.bmp308278,Alcohol,C:\PycharmProjects\Alcohol Detection\dataset\Grupo_2\E_2_3\Iritech\E_2_3_4\E_2_3_4_R_5\via_region_data.json
E_2_3_4_R_M_N_N_1982_52_2017.bmp308278,Alcohol,C:\PycharmProjects\Alcohol Detection\dataset\Grupo_2\E_2_3\Iritech\E_2_3_4\E_2_3_4_R_5\via_region_data.json
E_2_3_4_R_M_N_N_1982_53_2017.bmp308278,Alcohol,C:\PycharmProjects\Alcohol Detection\dataset\Grupo_2\E_2_3\Iritech\E_2_3_4\E_2_3_4_R_5\via_region_data.json
E_2_3_4_R_M_N_N_1982_54_2017.bmp308278,Alcohol,C:\PycharmProjects\Alcohol Detection\dataset\Grupo_2\E_2_3\Iritech\E_2_3_4\E_2_3_4_R_5\via_region_data.json
E_2_3_4_R_M_N_N_1982_55_2017.bmp308278,Alcohol,C:\PycharmProjects\Alcohol Detection\dataset\Grupo_2\E_2_3\Iritech\E_2_3_4\E_2_3_4_R_5\via_region_data.json
E_2_3_4_R_M_N_N_1982_56_2017.bmp308278,Alcohol,C:\PycharmProjects\Alcohol Detection\dataset\Grupo_2\E_2_3\Iritech\E_2_3_4\E_2_3_4_R_5\via_region_data.json
E_2_3_4_R_M_N_N_1982_57_2017.bmp308278,Alcohol,C:\PycharmProjects\Alcohol Detection\dataset\Grupo_2\E_2_3\Iritech\E_2_3_4\E_2_3_4_R_5\via_region_data.json
E_2_3_4_R_M_N_N_1982_58_2017.bmp308278,Alcohol,C:\PycharmProjects\Alcohol Detection\dataset\Grupo_2\E_2_3\Iritech\E_2_3_4\E_2_3_4_R_5\via_region_data.json
E_2_3_4_R_M_N_N_1982_59_2017.bmp308278,Alcohol,C:\PycharmProjects\Alcohol Detection\dataset\Grupo_2\E_2_3\Iritech\E_2_3_4\E_2_3_4_R_5\via_region_data.json
E_2_3_4_R_M_N_N_1982_60_2017.bmp308278,Alcohol,C:\PycharmProjects\Alcohol Detection\dataset\Grupo_2\E_2_3\Iritech\E_2_3_4\E_2_3_4_R_5\via_region_data.json
E_2_3_4_R_M_N_N_1982_61_2017.bmp308278,Alcohol,C:\PycharmProjects\Alcohol Detection\dataset\Grupo_2\E_2_3\Iritech\E_2_3_4\E_2_3_4_R_5\via_region_data.json
E_2_3_4_R_M_N_N_1982_62_2017.bmp308278,Alcohol,C:\PycharmProjects\Alcohol Detection\dataset\Grupo_2\E_2_3\Iritech\E_2_3_4\E_2_3_4_R_5\via_region_data.json
E_2_3_4_R_M_N_N_1982_63_2017.bmp308278,Alcohol,C:\PycharmProjects\Alcohol Detection\dataset\Grupo_2\E_2_3\Iritech\E_2_3_4\E_2_3_4_R_5\via_region_data.json
E_2_3_4_R_M_N_N_1982_64_2017.bmp308278,Alcohol,C:\PycharmProjects\Alcohol Detection\dataset\Grupo_2\E_2_3\Iritech\E_2_3_4\E_2_3_4_R_5\via_region_data.json
E_2_3_4_R_M_N_N_1982_65_2017.bmp308278,Alcohol,C:\PycharmProjects\Alcohol Detection\dataset\Grupo_2\E_2_3\Iritech\E_2_3_4\E_2_3_4_R_5\via_region_data.json
E_2_3_4_R_M_N_N_1982_66_2017.bmp308278,Alcohol,C:\PycharmProjects\Alcohol Detection\dataset\Grupo_2\E_2_3\Iritech\E_2_3_4\E_2_3_4_R_5\via_region_data.json
E_2_3_4_R_M_N_N_1982_67_2017.bmp308278,Alcohol,C:\PycharmProjects\Alcohol Detection\dataset\Grupo_2\E_2_3\Iritech\E_2_3_4\E_2_3_4_R_5\via_region_data.json
E_2_3_4_R_M_N_N_1982_68_2017.bmp308278,Alcohol,C:\PycharmProjects\Alcohol Detection\dataset\Grupo_2\E_2_3\Iritech\E_2_3_4\E_2_3_4_R_5\via_region_data.json
E_2_3_4_R_M_N_N_1982_69_2017.bmp308278,Alcohol,C:\PycharmProjects\Alcohol Detection\dataset\Grupo_2\E_2_3\Iritech\E_2_3_4\E_2_3_4_R_5\via_region_data.json
E_2_3_4_R_M_N_N_1982_70_2017.bmp308278,Alcohol,C:\PycharmProjects\Alcohol Detection\dataset\Grupo_2\E_2_3\Iritech\E_2_3_4\E_2_3_4_R_5\via_region_data.json
E_2_3_4_R_M_N_N_1982_71_2017.bmp308278,Alcohol,C:\PycharmProjects\Alcohol Detection\dataset\Grupo_2\E_2_3\Iritech\E_2_3_4\E_2_3_4_R_5\via_region_data.json
E_2_3_4_R_M_N_N_1982_72_2017.bmp308278,Alcohol,C:\PycharmProjects\Alcohol Detection\dataset\Grupo_2\E_2_3\Iritech\E_2_3_4\E_2_3_4_R_5\via_region_data.json
E_2_3_4_R_M_N_N_1982_73_2017.bmp308278,Alcohol,C:\PycharmProjects\Alcohol Detection\dataset\Grupo_2\E_2_3\Iritech\E_2_3_4\E_2_3_4_R_5\via_region_data.json
E_2_3_4_R_M_N_N_1982_74_2017.bmp308278,Alcohol,C:\PycharmProjects\Alcohol Detection\dataset\Grupo_2\E_2_3\Iritech\E_2_3_4\E_2_3_4_R_5\via_region_data.json
E_2_3_4_R_M_N_N_1982_75_2017.bmp308278,Alcohol,C:\PycharmProjects\Alcohol Detection\dataset\Grupo_2\E_2_3\Iritech\E_2_3_4\E_2_3_4_R_5\via_region_data.json
E_2_3_4_R_M_N_N_1982_76_2017.bmp308278,Alcohol,C:\PycharmProjects\Alcohol Detection\dataset\Grupo_2\E_2_3\Iritech\E_2_3_4\E_2_3_4_R_5\via_region_data.json
E_2_3_4_R_M_N_N_1982_77_2017.bmp308278,Alcohol,C:\PycharmProjects\Alcohol Detection\dataset\Grupo_2\E_2_3\Iritech\E_2_3_4\E_2_3_4_R_5\via_region_data.json
E_2_3_4_R_M_N_N_1982_78_2017.bmp308278,Alcohol,C:\PycharmProjects\Alcohol Detection\dataset\Grupo_2\E_2_3\Iritech\E_2_3_4\E_2_3_4_R_5\via_region_data.json
E_2_3_0_L_M_N_N_1982_0_2017.bmp308278,Non-Alcohol,C:\PycharmProjects\Alcohol Detection\dataset\Grupo_2\E_2_3\LG\E_2_3_0\E_2_3_0_R_10\via_region_data.json
E_2_3_0_L_M_N_N_1982_1_2017.bmp308278,Non-Alcohol,C:\PycharmProjects\Alcohol Detection\dataset\Grupo_2\E_2_3\LG\E_2_3_0\E_2_3_0_R_10\via_region_data.json
E_2_3_0_L_M_N_N_1982_2_2017.bmp308278,Non-Alcohol,C:\PycharmProjects\Alcohol Detection\dataset\Grupo_2\E_2_3\LG\E_2_3_0\E_2_3_0_R_10\via_region_data.json
E_2_3_0_L_M_N_N_1982_3_2017.bmp308278,Non-Alcohol,C:\PycharmProjects\Alcohol Detection\dataset\Grupo_2\E_2_3\LG\E_2_3_0\E_2_3_0_R_10\via_region_data.json
E_2_3_0_L_M_N_N_1982_4_2017.bmp308278,Non-Alcohol,C:\PycharmProjects\Alcohol Detection\dataset\Grupo_2\E_2_3\LG\E_2_3_0\E_2_3_0_R_10\via_region_data.json
E_2_3_0_L_M_N_N_1982_5_2017.bmp308278,Non-Alcohol,C:\PycharmProjects\Alcohol Detection\dataset\Grupo_2\E_2_3\LG\E_2_3_0\E_2_3_0_R_10\via_region_data.json
E_2_3_0_L_M_N_N_1982_6_2017.bmp308278,Non-Alcohol,C:\PycharmProjects\Alcohol Detection\dataset\Grupo_2\E_2_3\LG\E_2_3_0\E_2_3_0_R_10\via_region_data.json
E_2_3_0_L_M_N_N_1982_7_2017.bmp308278,Non-Alcohol,C:\PycharmProjects\Alcohol Detection\dataset\Grupo_2\E_2_3\LG\E_2_3_0\E_2_3_0_R_10\via_region_data.json
E_2_3_0_L_M_N_N_1982_8_2017.bmp308278,Non-Alcohol,C:\PycharmProjects\Alcohol Detection\dataset\Grupo_2\E_2_3\LG\E_2_3_0\E_2_3_0_R_10\via_region_data.json
E_2_3_0_L_M_N_N_1982_9_2017.bmp308278,Non-Alcohol,C:\PycharmProjects\Alcohol Detection\dataset\Grupo_2\E_2_3\LG\E_2_3_0\E_2_3_0_R_10\via_region_data.json
E_2_3_0_R_M_N_N_1982_0_2017.bmp308278,Non-Alcohol,C:\PycharmProjects\Alcohol Detection\dataset\Grupo_2\E_2_3\LG\E_2_3_0\E_2_3_0_R_10\via_region_data.json
E_2_3_0_R_M_N_N_1982_1_2017.bmp308278,Non-Alcohol,C:\PycharmProjects\Alcohol Detection\dataset\Grupo_2\E_2_3\LG\E_2_3_0\E_2_3_0_R_10\via_region_data.json
E_2_3_0_R_M_N_N_1982_2_2017.bmp308278,Non-Alcohol,C:\PycharmProjects\Alcohol Detection\dataset\Grupo_2\E_2_3\LG\E_2_3_0\E_2_3_0_R_10\via_region_data.json
E_2_3_0_R_M_N_N_1982_3_2017.bmp308278,Non-Alcohol,C:\PycharmProjects\Alcohol Detection\dataset\Grupo_2\E_2_3\LG\E_2_3_0\E_2_3_0_R_10\via_region_data.json
E_2_3_0_R_M_N_N_1982_4_2017.bmp308278,Non-Alcohol,C:\PycharmProjects\Alcohol Detection\dataset\Grupo_2\E_2_3\LG\E_2_3_0\E_2_3_0_R_10\via_region_data.json
E_2_3_0_R_M_N_N_1982_5_2017.bmp308278,Non-Alcohol,C:\PycharmProjects\Alcohol Detection\dataset\Grupo_2\E_2_3\LG\E_2_3_0\E_2_3_0_R_10\via_region_data.json
E_2_3_0_R_M_N_N_1982_6_2017.bmp308278,Non-Alcohol,C:\PycharmProjects\Alcohol Detection\dataset\Grupo_2\E_2_3\LG\E_2_3_0\E_2_3_0_R_10\via_region_data.json
E_2_3_0_R_M_N_N_1982_7_2017.bmp308278,Non-Alcohol,C:\PycharmProjects\Alcohol Detection\dataset\Grupo_2\E_2_3\LG\E_2_3_0\E_2_3_0_R_10\via_region_data.json
E_2_3_0_R_M_N_N_1982_8_2017.bmp308278,Non-Alcohol,C:\PycharmProjects\Alcohol Detection\dataset\Grupo_2\E_2_3\LG\E_2_3_0\E_2_3_0_R_10\via_region_data.json
E_2_3_0_R_M_N_N_1982_9_2017.bmp308278,Non-Alcohol,C:\PycharmProjects\Alcohol Detection\dataset\Grupo_2\E_2_3\LG\E_2_3_0\E_2_3_0_R_10\via_region_data.json
E_2_3_1_L_M_N_N_1982_0_2017.bmp308278,Non-Alcohol,C:\PycharmProjects\Alcohol Detection\dataset\Grupo_2\E_2_3\LG\E_2_3_1\E_2_3_1_R_10\via_region_data.json
E_2_3_1_L_M_N_N_1982_1_2017.bmp308278,Alcohol,C:\PycharmProjects\Alcohol Detection\dataset\Grupo_2\E_2_3\LG\E_2_3_1\E_2_3_1_R_10\via_region_data.json
E_2_3_1_L_M_N_N_1982_2_2017.bmp308278,Alcohol,C:\PycharmProjects\Alcohol Detection\dataset\Grupo_2\E_2_3\LG\E_2_3_1\E_2_3_1_R_10\via_region_data.json
E_2_3_1_L_M_N_N_1982_3_2017.bmp308278,Alcohol,C:\PycharmProjects\Alcohol Detection\dataset\Grupo_2\E_2_3\LG\E_2_3_1\E_2_3_1_R_10\via_region_data.json
E_2_3_1_L_M_N_N_1982_4_2017.bmp308278,Alcohol,C:\PycharmProjects\Alcohol Detection\dataset\Grupo_2\E_2_3\LG\E_2_3_1\E_2_3_1_R_10\via_region_data.json
E_2_3_1_L_M_N_N_1982_5_2017.bmp308278,Alcohol,C:\PycharmProjects\Alcohol Detection\dataset\Grupo_2\E_2_3\LG\E_2_3_1\E_2_3_1_R_10\via_region_data.json
E_2_3_1_L_M_N_N_1982_6_2017.bmp308278,Alcohol,C:\PycharmProjects\Alcohol Detection\dataset\Grupo_2\E_2_3\LG\E_2_3_1\E_2_3_1_R_10\via_region_data.json
E_2_3_1_L_M_N_N_1982_7_2017.bmp308278,Alcohol,C:\PycharmProjects\Alcohol Detection\dataset\Grupo_2\E_2_3\LG\E_2_3_1\E_2_3_1_R_10\via_region_data.json
E_2_3_1_L_M_N_N_1982_8_2017.bmp308278,Alcohol,C:\PycharmProjects\Alcohol Detection\dataset\Grupo_2\E_2_3\LG\E_2_3_1\E_2_3_1_R_10\via_region_data.json
E_2_3_1_L_M_N_N_1982_9_2017.bmp308278,Alcohol,C:\PycharmProjects\Alcohol Detection\dataset\Grupo_2\E_2_3\LG\E_2_3_1\E_2_3_1_R_10\via_region_data.json
E_2_3_1_R_M_N_N_1982_0_2017.bmp308278,Non-Alcohol,C:\PycharmProjects\Alcohol Detection\dataset\Grupo_2\E_2_3\LG\E_2_3_1\E_2_3_1_R_10\via_region_data.json
E_2_3_1_R_M_N_N_1982_1_2017.bmp308278,Alcohol,C:\PycharmProjects\Alcohol Detection\dataset\Grupo_2\E_2_3\LG\E_2_3_1\E_2_3_1_R_10\via_region_data.json
E_2_3_1_R_M_N_N_1982_2_2017.bmp308278,Alcohol,C:\PycharmProjects\Alcohol Detection\dataset\Grupo_2\E_2_3\LG\E_2_3_1\E_2_3_1_R_10\via_region_data.json
E_2_3_1_R_M_N_N_1982_3_2017.bmp308278,Alcohol,C:\PycharmProjects\Alcohol Detection\dataset\Grupo_2\E_2_3\LG\E_2_3_1\E_2_3_1_R_10\via_region_data.json
E_2_3_1_R_M_N_N_1982_4_2017.bmp308278,Alcohol,C:\PycharmProjects\Alcohol Detection\dataset\Grupo_2\E_2_3\LG\E_2_3_1\E_2_3_1_R_10\via_region_data.json
E_2_3_1_R_M_N_N_1982_5_2017.bmp308278,Alcohol,C:\PycharmProjects\Alcohol Detection\dataset\Grupo_2\E_2_3\LG\E_2_3_1\E_2_3_1_R_10\via_region_data.json
E_2_3_1_R_M_N_N_1982_6_2017.bmp308278,Alcohol,C:\PycharmProjects\Alcohol Detection\dataset\Grupo_2\E_2_3\LG\E_2_3_1\E_2_3_1_R_10\via_region_data.json
E_2_3_1_R_M_N_N_1982_7_2017.bmp308278,Alcohol,C:\PycharmProjects\Alcohol Detection\dataset\Grupo_2\E_2_3\LG\E_2_3_1\E_2_3_1_R_10\via_region_data.json
E_2_3_1_R_M_N_N_1982_8_2017.bmp308278,Alcohol,C:\PycharmProjects\Alcohol Detection\dataset\Grupo_2\E_2_3\LG\E_2_3_1\E_2_3_1_R_10\via_region_data.json
E_2_3_1_R_M_N_N_1982_9_2017.bmp308278,Alcohol,C:\PycharmProjects\Alcohol Detection\dataset\Grupo_2\E_2_3\LG\E_2_3_1\E_2_3_1_R_10\via_region_data.json
E_2_3_2_L_M_N_N_1982_0_2017.bmp308278,Non-Alcohol,C:\PycharmProjects\Alcohol Detection\dataset\Grupo_2\E_2_3\LG\E_2_3_2\E_2_3_2_R_10\via_region_data.json
E_2_3_2_L_M_N_N_1982_1_2017.bmp308278,Alcohol,C:\PycharmProjects\Alcohol Detection\dataset\Grupo_2\E_2_3\LG\E_2_3_2\E_2_3_2_R_10\via_region_data.json
E_2_3_2_L_M_N_N_1982_2_2017.bmp308278,Alcohol,C:\PycharmProjects\Alcohol Detection\dataset\Grupo_2\E_2_3\LG\E_2_3_2\E_2_3_2_R_10\via_region_data.json
E_2_3_2_L_M_N_N_1982_3_2017.bmp308278,Alcohol,C:\PycharmProjects\Alcohol Detection\dataset\Grupo_2\E_2_3\LG\E_2_3_2\E_2_3_2_R_10\via_region_data.json
E_2_3_2_L_M_N_N_1982_4_2017.bmp308278,Alcohol,C:\PycharmProjects\Alcohol Detection\dataset\Grupo_2\E_2_3\LG\E_2_3_2\E_2_3_2_R_10\via_region_data.json
E_2_3_2_L_M_N_N_1982_5_2017.bmp308278,Alcohol,C:\PycharmProjects\Alcohol Detection\dataset\Grupo_2\E_2_3\LG\E_2_3_2\E_2_3_2_R_10\via_region_data.json
E_2_3_2_L_M_N_N_1982_6_2017.bmp308278,Alcohol,C:\PycharmProjects\Alcohol Detection\dataset\Grupo_2\E_2_3\LG\E_2_3_2\E_2_3_2_R_10\via_region_data.json
E_2_3_2_L_M_N_N_1982_7_2017.bmp308278,Alcohol,C:\PycharmProjects\Alcohol Detection\dataset\Grupo_2\E_2_3\LG\E_2_3_2\E_2_3_2_R_10\via_region_data.json
E_2_3_2_L_M_N_N_1982_8_2017.bmp308278,Alcohol,C:\PycharmProjects\Alcohol Detection\dataset\Grupo_2\E_2_3\LG\E_2_3_2\E_2_3_2_R_10\via_region_data.json
E_2_3_2_L_M_N_N_1982_9_2017.bmp308278,Alcohol,C:\PycharmProjects\Alcohol Detection\dataset\Grupo_2\E_2_3\LG\E_2_3_2\E_2_3_2_R_10\via_region_data.json
E_2_3_2_R_M_N_N_1982_0_2017.bmp308278,Non-Alcohol,C:\PycharmProjects\Alcohol Detection\dataset\Grupo_2\E_2_3\LG\E_2_3_2\E_2_3_2_R_10\via_region_data.json
E_2_3_2_R_M_N_N_1982_1_2017.bmp308278,Alcohol,C:\PycharmProjects\Alcohol Detection\dataset\Grupo_2\E_2_3\LG\E_2_3_2\E_2_3_2_R_10\via_region_data.json
E_2_3_2_R_M_N_N_1982_2_2017.bmp308278,Alcohol,C:\PycharmProjects\Alcohol Detection\dataset\Grupo_2\E_2_3\LG\E_2_3_2\E_2_3_2_R_10\via_region_data.json
E_2_3_2_R_M_N_N_1982_3_2017.bmp308278,Alcohol,C:\PycharmProjects\Alcohol Detection\dataset\Grupo_2\E_2_3\LG\E_2_3_2\E_2_3_2_R_10\via_region_data.json
E_2_3_2_R_M_N_N_1982_4_2017.bmp308278,Alcohol,C:\PycharmProjects\Alcohol Detection\dataset\Grupo_2\E_2_3\LG\E_2_3_2\E_2_3_2_R_10\via_region_data.json
E_2_3_2_R_M_N_N_1982_5_2017.bmp308278,Alcohol,C:\PycharmProjects\Alcohol Detection\dataset\Grupo_2\E_2_3\LG\E_2_3_2\E_2_3_2_R_10\via_region_data.json
E_2_3_2_R_M_N_N_1982_6_2017.bmp308278,Alcohol,C:\PycharmProjects\Alcohol Detection\dataset\Grupo_2\E_2_3\LG\E_2_3_2\E_2_3_2_R_10\via_region_data.json
E_2_3_2_R_M_N_N_1982_7_2017.bmp308278,Alcohol,C:\PycharmProjects\Alcohol Detection\dataset\Grupo_2\E_2_3\LG\E_2_3_2\E_2_3_2_R_10\via_region_data.json
E_2_3_2_R_M_N_N_1982_8_2017.bmp308278,Alcohol,C:\PycharmProjects\Alcohol Detection\dataset\Grupo_2\E_2_3\LG\E_2_3_2\E_2_3_2_R_10\via_region_data.json
E_2_3_2_R_M_N_N_1982_9_2017.bmp308278,Alcohol,C:\PycharmProjects\Alcohol Detection\dataset\Grupo_2\E_2_3\LG\E_2_3_2\E_2_3_2_R_10\via_region_data.json
E_2_3_3_L_M_N_N_1982_0_2017.bmp308278,Non-Alcohol,C:\PycharmProjects\Alcohol Detection\dataset\Grupo_2\E_2_3\LG\E_2_3_3\E_2_3_3_R_10\via_region_data.json
E_2_3_3_L_M_N_N_1982_1_2017.bmp308278,Alcohol,C:\PycharmProjects\Alcohol Detection\dataset\Grupo_2\E_2_3\LG\E_2_3_3\E_2_3_3_R_10\via_region_data.json
E_2_3_3_L_M_N_N_1982_2_2017.bmp308278,Alcohol,C:\PycharmProjects\Alcohol Detection\dataset\Grupo_2\E_2_3\LG\E_2_3_3\E_2_3_3_R_10\via_region_data.json
E_2_3_3_L_M_N_N_1982_3_2017.bmp308278,Alcohol,C:\PycharmProjects\Alcohol Detection\dataset\Grupo_2\E_2_3\LG\E_2_3_3\E_2_3_3_R_10\via_region_data.json
E_2_3_3_L_M_N_N_1982_4_2017.bmp308278,Alcohol,C:\PycharmProjects\Alcohol Detection\dataset\Grupo_2\E_2_3\LG\E_2_3_3\E_2_3_3_R_10\via_region_data.json
E_2_3_3_L_M_N_N_1982_5_2017.bmp308278,Alcohol,C:\PycharmProjects\Alcohol Detection\dataset\Grupo_2\E_2_3\LG\E_2_3_3\E_2_3_3_R_10\via_region_data.json
E_2_3_3_L_M_N_N_1982_6_2017.bmp308278,Alcohol,C:\PycharmProjects\Alcohol Detection\dataset\Grupo_2\E_2_3\LG\E_2_3_3\E_2_3_3_R_10\via_region_data.json
E_2_3_3_L_M_N_N_1982_7_2017.bmp308278,Alcohol,C:\PycharmProjects\Alcohol Detection\dataset\Grupo_2\E_2_3\LG\E_2_3_3\E_2_3_3_R_10\via_region_data.json
E_2_3_3_L_M_N_N_1982_8_2017.bmp308278,Alcohol,C:\PycharmProjects\Alcohol Detection\dataset\Grupo_2\E_2_3\LG\E_2_3_3\E_2_3_3_R_10\via_region_data.json
E_2_3_3_L_M_N_N_1982_9_2017.bmp308278,Alcohol,C:\PycharmProjects\Alcohol Detection\dataset\Grupo_2\E_2_3\LG\E_2_3_3\E_2_3_3_R_10\via_region_data.json
E_2_3_3_R_M_N_N_1982_0_2017.bmp308278,Non-Alcohol,C:\PycharmProjects\Alcohol Detection\dataset\Grupo_2\E_2_3\LG\E_2_3_3\E_2_3_3_R_10\via_region_data.json
E_2_3_3_R_M_N_N_1982_1_2017.bmp308278,Alcohol,C:\PycharmProjects\Alcohol Detection\dataset\Grupo_2\E_2_3\LG\E_2_3_3\E_2_3_3_R_10\via_region_data.json
E_2_3_3_R_M_N_N_1982_2_2017.bmp308278,Alcohol,C:\PycharmProjects\Alcohol Detection\dataset\Grupo_2\E_2_3\LG\E_2_3_3\E_2_3_3_R_10\via_region_data.json
E_2_3_3_R_M_N_N_1982_3_2017.bmp308278,Alcohol,C:\PycharmProjects\Alcohol Detection\dataset\Grupo_2\E_2_3\LG\E_2_3_3\E_2_3_3_R_10\via_region_data.json
E_2_3_3_R_M_N_N_1982_4_2017.bmp308278,Alcohol,C:\PycharmProjects\Alcohol Detection\dataset\Grupo_2\E_2_3\LG\E_2_3_3\E_2_3_3_R_10\via_region_data.json
E_2_3_3_R_M_N_N_1982_5_2017.bmp308278,Alcohol,C:\PycharmProjects\Alcohol Detection\dataset\Grupo_2\E_2_3\LG\E_2_3_3\E_2_3_3_R_10\via_region_data.json
E_2_3_3_R_M_N_N_1982_6_2017.bmp308278,Alcohol,C:\PycharmProjects\Alcohol Detection\dataset\Grupo_2\E_2_3\LG\E_2_3_3\E_2_3_3_R_10\via_region_data.json
E_2_3_3_R_M_N_N_1982_7_2017.bmp308278,Alcohol,C:\PycharmProjects\Alcohol Detection\dataset\Grupo_2\E_2_3\LG\E_2_3_3\E_2_3_3_R_10\via_region_data.json
E_2_3_3_R_M_N_N_1982_8_2017.bmp308278,Alcohol,C:\PycharmProjects\Alcohol Detection\dataset\Grupo_2\E_2_3\LG\E_2_3_3\E_2_3_3_R_10\via_region_data.json
E_2_3_3_R_M_N_N_1982_9_2017.bmp308278,Alcohol,C:\PycharmProjects\Alcohol Detection\dataset\Grupo_2\E_2_3\LG\E_2_3_3\E_2_3_3_R_10\via_region_data.json
E_2_3_4_L_M_N_N_1982_0_2017.bmp308278,Non-Alcohol,C:\PycharmProjects\Alcohol Detection\dataset\Grupo_2\E_2_3\LG\E_2_3_4\E_2_3_4_R_10\via_region_data.json
E_2_3_4_L_M_N_N_1982_1_2017.bmp308278,Alcohol,C:\PycharmProjects\Alcohol Detection\dataset\Grupo_2\E_2_3\LG\E_2_3_4\E_2_3_4_R_10\via_region_data.json
E_2_3_4_L_M_N_N_1982_2_2017.bmp308278,Alcohol,C:\PycharmProjects\Alcohol Detection\dataset\Grupo_2\E_2_3\LG\E_2_3_4\E_2_3_4_R_10\via_region_data.json
E_2_3_4_L_M_N_N_1982_3_2017.bmp308278,Alcohol,C:\PycharmProjects\Alcohol Detection\dataset\Grupo_2\E_2_3\LG\E_2_3_4\E_2_3_4_R_10\via_region_data.json
E_2_3_4_L_M_N_N_1982_4_2017.bmp308278,Alcohol,C:\PycharmProjects\Alcohol Detection\dataset\Grupo_2\E_2_3\LG\E_2_3_4\E_2_3_4_R_10\via_region_data.json
E_2_3_4_L_M_N_N_1982_5_2017.bmp308278,Alcohol,C:\PycharmProjects\Alcohol Detection\dataset\Grupo_2\E_2_3\LG\E_2_3_4\E_2_3_4_R_10\via_region_data.json
E_2_3_4_L_M_N_N_1982_6_2017.bmp308278,Alcohol,C:\PycharmProjects\Alcohol Detection\dataset\Grupo_2\E_2_3\LG\E_2_3_4\E_2_3_4_R_10\via_region_data.json
E_2_3_4_L_M_N_N_1982_7_2017.bmp308278,Alcohol,C:\PycharmProjects\Alcohol Detection\dataset\Grupo_2\E_2_3\LG\E_2_3_4\E_2_3_4_R_10\via_region_data.json
E_2_3_4_L_M_N_N_1982_8_2017.bmp308278,Alcohol,C:\PycharmProjects\Alcohol Detection\dataset\Grupo_2\E_2_3\LG\E_2_3_4\E_2_3_4_R_10\via_region_data.json
E_2_3_4_L_M_N_N_1982_9_2017.bmp308278,Alcohol,C:\PycharmProjects\Alcohol Detection\dataset\Grupo_2\E_2_3\LG\E_2_3_4\E_2_3_4_R_10\via_region_data.json
E_2_3_4_R_M_N_N_1982_0_2017.bmp308278,Non-Alcohol,C:\PycharmProjects\Alcohol Detection\dataset\Grupo_2\E_2_3\LG\E_2_3_4\E_2_3_4_R_10\via_region_data.json
E_2_3_4_R_M_N_N_1982_1_2017.bmp308278,Alcohol,C:\PycharmProjects\Alcohol Detection\dataset\Grupo_2\E_2_3\LG\E_2_3_4\E_2_3_4_R_10\via_region_data.json
E_2_3_4_R_M_N_N_1982_2_2017.bmp308278,Alcohol,C:\PycharmProjects\Alcohol Detection\dataset\Grupo_2\E_2_3\LG\E_2_3_4\E_2_3_4_R_10\via_region_data.json
E_2_3_4_R_M_N_N_1982_3_2017.bmp308278,Alcohol,C:\PycharmProjects\Alcohol Detection\dataset\Grupo_2\E_2_3\LG\E_2_3_4\E_2_3_4_R_10\via_region_data.json
E_2_3_4_R_M_N_N_1982_4_2017.bmp308278,Alcohol,C:\PycharmProjects\Alcohol Detection\dataset\Grupo_2\E_2_3\LG\E_2_3_4\E_2_3_4_R_10\via_region_data.json
E_2_3_4_R_M_N_N_1982_5_2017.bmp308278,Alcohol,C:\PycharmProjects\Alcohol Detection\dataset\Grupo_2\E_2_3\LG\E_2_3_4\E_2_3_4_R_10\via_region_data.json
E_2_3_4_R_M_N_N_1982_6_2017.bmp308278,Alcohol,C:\PycharmProjects\Alcohol Detection\dataset\Grupo_2\E_2_3\LG\E_2_3_4\E_2_3_4_R_10\via_region_data.json
E_2_3_4_R_M_N_N_1982_7_2017.bmp308278,Alcohol,C:\PycharmProjects\Alcohol Detection\dataset\Grupo_2\E_2_3\LG\E_2_3_4\E_2_3_4_R_10\via_region_data.json
E_2_3_4_R_M_N_N_1982_8_2017.bmp308278,Alcohol,C:\PycharmProjects\Alcohol Detection\dataset\Grupo_2\E_2_3\LG\E_2_3_4\E_2_3_4_R_10\via_region_data.json
E_2_3_4_R_M_N_N_1982_9_2017.bmp308278,Alcohol,C:\PycharmProjects\Alcohol Detection\dataset\Grupo_2\E_2_3\LG\E_2_3_4\E_2_3_4_R_10\via_region_data.json
E_3_0_0_L_M_N_N_1987_0_2017.bmp308278,Non-Alcohol,C:\PycharmProjects\Alcohol Detection\dataset\Grupo_3\E_3_0\Iritech\E_3_0_0\via_region_data.json
E_3_0_0_R_M_N_N_1987_0_2017.bmp308278,Non-Alcohol,C:\PycharmProjects\Alcohol Detection\dataset\Grupo_3\E_3_0\Iritech\E_3_0_0\via_region_data.json
E_3_0_0_L_M_N_N_1987_0_2017.bmp308278,Non-Alcohol,C:\PycharmProjects\Alcohol Detection\dataset\Grupo_3\E_3_0\Iritech\E_3_0_0\E_3_0_0_L_5\via_region_data.json
E_3_0_0_L_M_N_N_1987_1_2017.bmp308278,Non-Alcohol,C:\PycharmProjects\Alcohol Detection\dataset\Grupo_3\E_3_0\Iritech\E_3_0_0\E_3_0_0_L_5\via_region_data.json
E_3_0_0_L_M_N_N_1987_2_2017.bmp308278,Non-Alcohol,C:\PycharmProjects\Alcohol Detection\dataset\Grupo_3\E_3_0\Iritech\E_3_0_0\E_3_0_0_L_5\via_region_data.json
E_3_0_0_L_M_N_N_1987_3_2017.bmp308278,Non-Alcohol,C:\PycharmProjects\Alcohol Detection\dataset\Grupo_3\E_3_0\Iritech\E_3_0_0\E_3_0_0_L_5\via_region_data.json
E_3_0_0_L_M_N_N_1987_4_2017.bmp308278,Non-Alcohol,C:\PycharmProjects\Alcohol Detection\dataset\Grupo_3\E_3_0\Iritech\E_3_0_0\E_3_0_0_L_5\via_region_data.json
E_3_0_0_L_M_N_N_1987_5_2017.bmp308278,Non-Alcohol,C:\PycharmProjects\Alcohol Detection\dataset\Grupo_3\E_3_0\Iritech\E_3_0_0\E_3_0_0_L_5\via_region_data.json
E_3_0_0_L_M_N_N_1987_6_2017.bmp308278,Non-Alcohol,C:\PycharmProjects\Alcohol Detection\dataset\Grupo_3\E_3_0\Iritech\E_3_0_0\E_3_0_0_L_5\via_region_data.json
E_3_0_0_L_M_N_N_1987_7_2017.bmp308278,Non-Alcohol,C:\PycharmProjects\Alcohol Detection\dataset\Grupo_3\E_3_0\Iritech\E_3_0_0\E_3_0_0_L_5\via_region_data.json
E_3_0_0_L_M_N_N_1987_8_2017.bmp308278,Non-Alcohol,C:\PycharmProjects\Alcohol Detection\dataset\Grupo_3\E_3_0\Iritech\E_3_0_0\E_3_0_0_L_5\via_region_data.json
E_3_0_0_L_M_N_N_1987_9_2017.bmp308278,Non-Alcohol,C:\PycharmProjects\Alcohol Detection\dataset\Grupo_3\E_3_0\Iritech\E_3_0_0\E_3_0_0_L_5\via_region_data.json
E_3_0_0_L_M_N_N_1987_10_2017.bmp308278,Non-Alcohol,C:\PycharmProjects\Alcohol Detection\dataset\Grupo_3\E_3_0\Iritech\E_3_0_0\E_3_0_0_L_5\via_region_data.json
E_3_0_0_L_M_N_N_1987_11_2017.bmp308278,Non-Alcohol,C:\PycharmProjects\Alcohol Detection\dataset\Grupo_3\E_3_0\Iritech\E_3_0_0\E_3_0_0_L_5\via_region_data.json
E_3_0_0_L_M_N_N_1987_12_2017.bmp308278,Non-Alcohol,C:\PycharmProjects\Alcohol Detection\dataset\Grupo_3\E_3_0\Iritech\E_3_0_0\E_3_0_0_L_5\via_region_data.json
E_3_0_0_L_M_N_N_1987_13_2017.bmp308278,Non-Alcohol,C:\PycharmProjects\Alcohol Detection\dataset\Grupo_3\E_3_0\Iritech\E_3_0_0\E_3_0_0_L_5\via_region_data.json
E_3_0_0_L_M_N_N_1987_14_2017.bmp308278,Non-Alcohol,C:\PycharmProjects\Alcohol Detection\dataset\Grupo_3\E_3_0\Iritech\E_3_0_0\E_3_0_0_L_5\via_region_data.json
E_3_0_0_L_M_N_N_1987_15_2017.bmp308278,Non-Alcohol,C:\PycharmProjects\Alcohol Detection\dataset\Grupo_3\E_3_0\Iritech\E_3_0_0\E_3_0_0_L_5\via_region_data.json
E_3_0_0_L_M_N_N_1987_16_2017.bmp308278,Non-Alcohol,C:\PycharmProjects\Alcohol Detection\dataset\Grupo_3\E_3_0\Iritech\E_3_0_0\E_3_0_0_L_5\via_region_data.json
E_3_0_0_L_M_N_N_1987_17_2017.bmp308278,Non-Alcohol,C:\PycharmProjects\Alcohol Detection\dataset\Grupo_3\E_3_0\Iritech\E_3_0_0\E_3_0_0_L_5\via_region_data.json
E_3_0_0_L_M_N_N_1987_18_2017.bmp308278,Non-Alcohol,C:\PycharmProjects\Alcohol Detection\dataset\Grupo_3\E_3_0\Iritech\E_3_0_0\E_3_0_0_L_5\via_region_data.json
E_3_0_0_L_M_N_N_1987_19_2017.bmp308278,Non-Alcohol,C:\PycharmProjects\Alcohol Detection\dataset\Grupo_3\E_3_0\Iritech\E_3_0_0\E_3_0_0_L_5\via_region_data.json
E_3_0_0_L_M_N_N_1987_20_2017.bmp308278,Non-Alcohol,C:\PycharmProjects\Alcohol Detection\dataset\Grupo_3\E_3_0\Iritech\E_3_0_0\E_3_0_0_L_5\via_region_data.json
E_3_0_0_L_M_N_N_1987_21_2017.bmp308278,Non-Alcohol,C:\PycharmProjects\Alcohol Detection\dataset\Grupo_3\E_3_0\Iritech\E_3_0_0\E_3_0_0_L_5\via_region_data.json
E_3_0_0_L_M_N_N_1987_22_2017.bmp308278,Non-Alcohol,C:\PycharmProjects\Alcohol Detection\dataset\Grupo_3\E_3_0\Iritech\E_3_0_0\E_3_0_0_L_5\via_region_data.json
E_3_0_0_L_M_N_N_1987_23_2017.bmp308278,Non-Alcohol,C:\PycharmProjects\Alcohol Detection\dataset\Grupo_3\E_3_0\Iritech\E_3_0_0\E_3_0_0_L_5\via_region_data.json
E_3_0_0_L_M_N_N_1987_24_2017.bmp308278,Non-Alcohol,C:\PycharmProjects\Alcohol Detection\dataset\Grupo_3\E_3_0\Iritech\E_3_0_0\E_3_0_0_L_5\via_region_data.json
E_3_0_0_L_M_N_N_1987_25_2017.bmp308278,Non-Alcohol,C:\PycharmProjects\Alcohol Detection\dataset\Grupo_3\E_3_0\Iritech\E_3_0_0\E_3_0_0_L_5\via_region_data.json
E_3_0_0_L_M_N_N_1987_26_2017.bmp308278,Non-Alcohol,C:\PycharmProjects\Alcohol Detection\dataset\Grupo_3\E_3_0\Iritech\E_3_0_0\E_3_0_0_L_5\via_region_data.json
E_3_0_0_L_M_N_N_1987_27_2017.bmp308278,Non-Alcohol,C:\PycharmProjects\Alcohol Detection\dataset\Grupo_3\E_3_0\Iritech\E_3_0_0\E_3_0_0_L_5\via_region_data.json
E_3_0_0_L_M_N_N_1987_28_2017.bmp308278,Non-Alcohol,C:\PycharmProjects\Alcohol Detection\dataset\Grupo_3\E_3_0\Iritech\E_3_0_0\E_3_0_0_L_5\via_region_data.json
E_3_0_0_L_M_N_N_1987_29_2017.bmp308278,Non-Alcohol,C:\PycharmProjects\Alcohol Detection\dataset\Grupo_3\E_3_0\Iritech\E_3_0_0\E_3_0_0_L_5\via_region_data.json
E_3_0_0_L_M_N_N_1987_30_2017.bmp308278,Non-Alcohol,C:\PycharmProjects\Alcohol Detection\dataset\Grupo_3\E_3_0\Iritech\E_3_0_0\E_3_0_0_L_5\via_region_data.json
E_3_0_0_L_M_N_N_1987_31_2017.bmp308278,Non-Alcohol,C:\PycharmProjects\Alcohol Detection\dataset\Grupo_3\E_3_0\Iritech\E_3_0_0\E_3_0_0_L_5\via_region_data.json
E_3_0_0_L_M_N_N_1987_32_2017.bmp308278,Non-Alcohol,C:\PycharmProjects\Alcohol Detection\dataset\Grupo_3\E_3_0\Iritech\E_3_0_0\E_3_0_0_L_5\via_region_data.json
E_3_0_0_L_M_N_N_1987_33_2017.bmp308278,Non-Alcohol,C:\PycharmProjects\Alcohol Detection\dataset\Grupo_3\E_3_0\Iritech\E_3_0_0\E_3_0_0_L_5\via_region_data.json
E_3_0_0_L_M_N_N_1987_34_2017.bmp308278,Non-Alcohol,C:\PycharmProjects\Alcohol Detection\dataset\Grupo_3\E_3_0\Iritech\E_3_0_0\E_3_0_0_L_5\via_region_data.json
E_3_0_0_L_M_N_N_1987_35_2017.bmp308278,Non-Alcohol,C:\PycharmProjects\Alcohol Detection\dataset\Grupo_3\E_3_0\Iritech\E_3_0_0\E_3_0_0_L_5\via_region_data.json
E_3_0_0_L_M_N_N_1987_36_2017.bmp308278,Non-Alcohol,C:\PycharmProjects\Alcohol Detection\dataset\Grupo_3\E_3_0\Iritech\E_3_0_0\E_3_0_0_L_5\via_region_data.json
E_3_0_0_L_M_N_N_1987_37_2017.bmp308278,Non-Alcohol,C:\PycharmProjects\Alcohol Detection\dataset\Grupo_3\E_3_0\Iritech\E_3_0_0\E_3_0_0_L_5\via_region_data.json
E_3_0_0_L_M_N_N_1987_38_2017.bmp308278,Non-Alcohol,C:\PycharmProjects\Alcohol Detection\dataset\Grupo_3\E_3_0\Iritech\E_3_0_0\E_3_0_0_L_5\via_region_data.json
E_3_0_0_L_M_N_N_1987_39_2017.bmp308278,Non-Alcohol,C:\PycharmProjects\Alcohol Detection\dataset\Grupo_3\E_3_0\Iritech\E_3_0_0\E_3_0_0_L_5\via_region_data.json
E_3_0_0_L_M_N_N_1987_40_2017.bmp308278,Non-Alcohol,C:\PycharmProjects\Alcohol Detection\dataset\Grupo_3\E_3_0\Iritech\E_3_0_0\E_3_0_0_L_5\via_region_data.json
E_3_0_0_L_M_N_N_1987_41_2017.bmp308278,Non-Alcohol,C:\PycharmProjects\Alcohol Detection\dataset\Grupo_3\E_3_0\Iritech\E_3_0_0\E_3_0_0_L_5\via_region_data.json
E_3_0_0_L_M_N_N_1987_42_2017.bmp308278,Non-Alcohol,C:\PycharmProjects\Alcohol Detection\dataset\Grupo_3\E_3_0\Iritech\E_3_0_0\E_3_0_0_L_5\via_region_data.json
E_3_0_0_L_M_N_N_1987_43_2017.bmp308278,Non-Alcohol,C:\PycharmProjects\Alcohol Detection\dataset\Grupo_3\E_3_0\Iritech\E_3_0_0\E_3_0_0_L_5\via_region_data.json
E_3_0_0_L_M_N_N_1987_44_2017.bmp308278,Non-Alcohol,C:\PycharmProjects\Alcohol Detection\dataset\Grupo_3\E_3_0\Iritech\E_3_0_0\E_3_0_0_L_5\via_region_data.json
E_3_0_0_L_M_N_N_1987_45_2017.bmp308278,Non-Alcohol,C:\PycharmProjects\Alcohol Detection\dataset\Grupo_3\E_3_0\Iritech\E_3_0_0\E_3_0_0_L_5\via_region_data.json
E_3_0_0_L_M_N_N_1987_46_2017.bmp308278,Non-Alcohol,C:\PycharmProjects\Alcohol Detection\dataset\Grupo_3\E_3_0\Iritech\E_3_0_0\E_3_0_0_L_5\via_region_data.json
E_3_0_0_L_M_N_N_1987_47_2017.bmp308278,Non-Alcohol,C:\PycharmProjects\Alcohol Detection\dataset\Grupo_3\E_3_0\Iritech\E_3_0_0\E_3_0_0_L_5\via_region_data.json
E_3_0_0_L_M_N_N_1987_48_2017.bmp308278,Non-Alcohol,C:\PycharmProjects\Alcohol Detection\dataset\Grupo_3\E_3_0\Iritech\E_3_0_0\E_3_0_0_L_5\via_region_data.json
E_3_0_0_L_M_N_N_1987_49_2017.bmp308278,Non-Alcohol,C:\PycharmProjects\Alcohol Detection\dataset\Grupo_3\E_3_0\Iritech\E_3_0_0\E_3_0_0_L_5\via_region_data.json
E_3_0_0_L_M_N_N_1987_50_2017.bmp308278,Non-Alcohol,C:\PycharmProjects\Alcohol Detection\dataset\Grupo_3\E_3_0\Iritech\E_3_0_0\E_3_0_0_L_5\via_region_data.json
E_3_0_0_L_M_N_N_1987_51_2017.bmp308278,Non-Alcohol,C:\PycharmProjects\Alcohol Detection\dataset\Grupo_3\E_3_0\Iritech\E_3_0_0\E_3_0_0_L_5\via_region_data.json
E_3_0_0_L_M_N_N_1987_52_2017.bmp308278,Non-Alcohol,C:\PycharmProjects\Alcohol Detection\dataset\Grupo_3\E_3_0\Iritech\E_3_0_0\E_3_0_0_L_5\via_region_data.json
E_3_0_0_L_M_N_N_1987_53_2017.bmp308278,Non-Alcohol,C:\PycharmProjects\Alcohol Detection\dataset\Grupo_3\E_3_0\Iritech\E_3_0_0\E_3_0_0_L_5\via_region_data.json
E_3_0_0_L_M_N_N_1987_54_2017.bmp308278,Non-Alcohol,C:\PycharmProjects\Alcohol Detection\dataset\Grupo_3\E_3_0\Iritech\E_3_0_0\E_3_0_0_L_5\via_region_data.json
E_3_0_0_L_M_N_N_1987_55_2017.bmp308278,Non-Alcohol,C:\PycharmProjects\Alcohol Detection\dataset\Grupo_3\E_3_0\Iritech\E_3_0_0\E_3_0_0_L_5\via_region_data.json
E_3_0_0_L_M_N_N_1987_56_2017.bmp308278,Non-Alcohol,C:\PycharmProjects\Alcohol Detection\dataset\Grupo_3\E_3_0\Iritech\E_3_0_0\E_3_0_0_L_5\via_region_data.json
E_3_0_0_L_M_N_N_1987_57_2017.bmp308278,Non-Alcohol,C:\PycharmProjects\Alcohol Detection\dataset\Grupo_3\E_3_0\Iritech\E_3_0_0\E_3_0_0_L_5\via_region_data.json
E_3_0_0_L_M_N_N_1987_58_2017.bmp308278,Non-Alcohol,C:\PycharmProjects\Alcohol Detection\dataset\Grupo_3\E_3_0\Iritech\E_3_0_0\E_3_0_0_L_5\via_region_data.json
E_3_0_0_L_M_N_N_1987_59_2017.bmp308278,Non-Alcohol,C:\PycharmProjects\Alcohol Detection\dataset\Grupo_3\E_3_0\Iritech\E_3_0_0\E_3_0_0_L_5\via_region_data.json
E_3_0_0_L_M_N_N_1987_60_2017.bmp308278,Non-Alcohol,C:\PycharmProjects\Alcohol Detection\dataset\Grupo_3\E_3_0\Iritech\E_3_0_0\E_3_0_0_L_5\via_region_data.json
E_3_0_0_L_M_N_N_1987_61_2017.bmp308278,Non-Alcohol,C:\PycharmProjects\Alcohol Detection\dataset\Grupo_3\E_3_0\Iritech\E_3_0_0\E_3_0_0_L_5\via_region_data.json
E_3_0_0_L_M_N_N_1987_62_2017.bmp308278,Non-Alcohol,C:\PycharmProjects\Alcohol Detection\dataset\Grupo_3\E_3_0\Iritech\E_3_0_0\E_3_0_0_L_5\via_region_data.json
E_3_0_0_L_M_N_N_1987_63_2017.bmp308278,Non-Alcohol,C:\PycharmProjects\Alcohol Detection\dataset\Grupo_3\E_3_0\Iritech\E_3_0_0\E_3_0_0_L_5\via_region_data.json
E_3_0_0_L_M_N_N_1987_64_2017.bmp308278,Non-Alcohol,C:\PycharmProjects\Alcohol Detection\dataset\Grupo_3\E_3_0\Iritech\E_3_0_0\E_3_0_0_L_5\via_region_data.json
E_3_0_0_L_M_N_N_1987_65_2017.bmp308278,Non-Alcohol,C:\PycharmProjects\Alcohol Detection\dataset\Grupo_3\E_3_0\Iritech\E_3_0_0\E_3_0_0_L_5\via_region_data.json
E_3_0_0_L_M_N_N_1987_66_2017.bmp308278,Non-Alcohol,C:\PycharmProjects\Alcohol Detection\dataset\Grupo_3\E_3_0\Iritech\E_3_0_0\E_3_0_0_L_5\via_region_data.json
E_3_0_0_L_M_N_N_1987_67_2017.bmp308278,Non-Alcohol,C:\PycharmProjects\Alcohol Detection\dataset\Grupo_3\E_3_0\Iritech\E_3_0_0\E_3_0_0_L_5\via_region_data.json
E_3_0_0_L_M_N_N_1987_68_2017.bmp308278,Non-Alcohol,C:\PycharmProjects\Alcohol Detection\dataset\Grupo_3\E_3_0\Iritech\E_3_0_0\E_3_0_0_L_5\via_region_data.json
E_3_0_0_L_M_N_N_1987_69_2017.bmp308278,Non-Alcohol,C:\PycharmProjects\Alcohol Detection\dataset\Grupo_3\E_3_0\Iritech\E_3_0_0\E_3_0_0_L_5\via_region_data.json
E_3_0_0_L_M_N_N_1987_70_2017.bmp308278,Non-Alcohol,C:\PycharmProjects\Alcohol Detection\dataset\Grupo_3\E_3_0\Iritech\E_3_0_0\E_3_0_0_L_5\via_region_data.json
E_3_0_0_L_M_N_N_1987_71_2017.bmp308278,Non-Alcohol,C:\PycharmProjects\Alcohol Detection\dataset\Grupo_3\E_3_0\Iritech\E_3_0_0\E_3_0_0_L_5\via_region_data.json
E_3_0_0_L_M_N_N_1987_72_2017.bmp308278,Non-Alcohol,C:\PycharmProjects\Alcohol Detection\dataset\Grupo_3\E_3_0\Iritech\E_3_0_0\E_3_0_0_L_5\via_region_data.json
E_3_0_0_L_M_N_N_1987_73_2017.bmp308278,Non-Alcohol,C:\PycharmProjects\Alcohol Detection\dataset\Grupo_3\E_3_0\Iritech\E_3_0_0\E_3_0_0_L_5\via_region_data.json
E_3_0_0_L_M_N_N_1987_74_2017.bmp308278,Non-Alcohol,C:\PycharmProjects\Alcohol Detection\dataset\Grupo_3\E_3_0\Iritech\E_3_0_0\E_3_0_0_L_5\via_region_data.json
E_3_0_0_L_M_N_N_1987_75_2017.bmp308278,Non-Alcohol,C:\PycharmProjects\Alcohol Detection\dataset\Grupo_3\E_3_0\Iritech\E_3_0_0\E_3_0_0_L_5\via_region_data.json
E_3_0_0_L_M_N_N_1987_76_2017.bmp308278,Non-Alcohol,C:\PycharmProjects\Alcohol Detection\dataset\Grupo_3\E_3_0\Iritech\E_3_0_0\E_3_0_0_L_5\via_region_data.json
E_3_0_0_L_M_N_N_1987_77_2017.bmp308278,Non-Alcohol,C:\PycharmProjects\Alcohol Detection\dataset\Grupo_3\E_3_0\Iritech\E_3_0_0\E_3_0_0_L_5\via_region_data.json
E_3_0_0_L_M_N_N_1987_78_2017.bmp308278,Non-Alcohol,C:\PycharmProjects\Alcohol Detection\dataset\Grupo_3\E_3_0\Iritech\E_3_0_0\E_3_0_0_L_5\via_region_data.json
E_3_0_0_R_M_N_N_1987_0_2017.bmp308278,Non-Alcohol,C:\PycharmProjects\Alcohol Detection\dataset\Grupo_3\E_3_0\Iritech\E_3_0_0\E_3_0_0_R_5\via_region_data.json
E_3_0_0_R_M_N_N_1987_1_2017.bmp308278,Non-Alcohol,C:\PycharmProjects\Alcohol Detection\dataset\Grupo_3\E_3_0\Iritech\E_3_0_0\E_3_0_0_R_5\via_region_data.json
E_3_0_0_R_M_N_N_1987_2_2017.bmp308278,Non-Alcohol,C:\PycharmProjects\Alcohol Detection\dataset\Grupo_3\E_3_0\Iritech\E_3_0_0\E_3_0_0_R_5\via_region_data.json
E_3_0_0_R_M_N_N_1987_3_2017.bmp308278,Non-Alcohol,C:\PycharmProjects\Alcohol Detection\dataset\Grupo_3\E_3_0\Iritech\E_3_0_0\E_3_0_0_R_5\via_region_data.json
E_3_0_0_R_M_N_N_1987_4_2017.bmp308278,Non-Alcohol,C:\PycharmProjects\Alcohol Detection\dataset\Grupo_3\E_3_0\Iritech\E_3_0_0\E_3_0_0_R_5\via_region_data.json
E_3_0_0_R_M_N_N_1987_5_2017.bmp308278,Non-Alcohol,C:\PycharmProjects\Alcohol Detection\dataset\Grupo_3\E_3_0\Iritech\E_3_0_0\E_3_0_0_R_5\via_region_data.json
E_3_0_0_R_M_N_N_1987_6_2017.bmp308278,Non-Alcohol,C:\PycharmProjects\Alcohol Detection\dataset\Grupo_3\E_3_0\Iritech\E_3_0_0\E_3_0_0_R_5\via_region_data.json
E_3_0_0_R_M_N_N_1987_7_2017.bmp308278,Non-Alcohol,C:\PycharmProjects\Alcohol Detection\dataset\Grupo_3\E_3_0\Iritech\E_3_0_0\E_3_0_0_R_5\via_region_data.json
E_3_0_0_R_M_N_N_1987_8_2017.bmp308278,Non-Alcohol,C:\PycharmProjects\Alcohol Detection\dataset\Grupo_3\E_3_0\Iritech\E_3_0_0\E_3_0_0_R_5\via_region_data.json
E_3_0_0_R_M_N_N_1987_9_2017.bmp308278,Non-Alcohol,C:\PycharmProjects\Alcohol Detection\dataset\Grupo_3\E_3_0\Iritech\E_3_0_0\E_3_0_0_R_5\via_region_data.json
E_3_0_0_R_M_N_N_1987_10_2017.bmp308278,Non-Alcohol,C:\PycharmProjects\Alcohol Detection\dataset\Grupo_3\E_3_0\Iritech\E_3_0_0\E_3_0_0_R_5\via_region_data.json
E_3_0_0_R_M_N_N_1987_11_2017.bmp308278,Non-Alcohol,C:\PycharmProjects\Alcohol Detection\dataset\Grupo_3\E_3_0\Iritech\E_3_0_0\E_3_0_0_R_5\via_region_data.json
E_3_0_0_R_M_N_N_1987_12_2017.bmp308278,Non-Alcohol,C:\PycharmProjects\Alcohol Detection\dataset\Grupo_3\E_3_0\Iritech\E_3_0_0\E_3_0_0_R_5\via_region_data.json
E_3_0_0_R_M_N_N_1987_13_2017.bmp308278,Non-Alcohol,C:\PycharmProjects\Alcohol Detection\dataset\Grupo_3\E_3_0\Iritech\E_3_0_0\E_3_0_0_R_5\via_region_data.json
E_3_0_0_R_M_N_N_1987_14_2017.bmp308278,Non-Alcohol,C:\PycharmProjects\Alcohol Detection\dataset\Grupo_3\E_3_0\Iritech\E_3_0_0\E_3_0_0_R_5\via_region_data.json
E_3_0_0_R_M_N_N_1987_15_2017.bmp308278,Non-Alcohol,C:\PycharmProjects\Alcohol Detection\dataset\Grupo_3\E_3_0\Iritech\E_3_0_0\E_3_0_0_R_5\via_region_data.json
E_3_0_0_R_M_N_N_1987_16_2017.bmp308278,Non-Alcohol,C:\PycharmProjects\Alcohol Detection\dataset\Grupo_3\E_3_0\Iritech\E_3_0_0\E_3_0_0_R_5\via_region_data.json
E_3_0_0_R_M_N_N_1987_17_2017.bmp308278,Non-Alcohol,C:\PycharmProjects\Alcohol Detection\dataset\Grupo_3\E_3_0\Iritech\E_3_0_0\E_3_0_0_R_5\via_region_data.json
E_3_0_0_R_M_N_N_1987_18_2017.bmp308278,Non-Alcohol,C:\PycharmProjects\Alcohol Detection\dataset\Grupo_3\E_3_0\Iritech\E_3_0_0\E_3_0_0_R_5\via_region_data.json
E_3_0_0_R_M_N_N_1987_19_2017.bmp308278,Non-Alcohol,C:\PycharmProjects\Alcohol Detection\dataset\Grupo_3\E_3_0\Iritech\E_3_0_0\E_3_0_0_R_5\via_region_data.json
E_3_0_0_R_M_N_N_1987_20_2017.bmp308278,Non-Alcohol,C:\PycharmProjects\Alcohol Detection\dataset\Grupo_3\E_3_0\Iritech\E_3_0_0\E_3_0_0_R_5\via_region_data.json
E_3_0_0_R_M_N_N_1987_21_2017.bmp308278,Non-Alcohol,C:\PycharmProjects\Alcohol Detection\dataset\Grupo_3\E_3_0\Iritech\E_3_0_0\E_3_0_0_R_5\via_region_data.json
E_3_0_0_R_M_N_N_1987_22_2017.bmp308278,Non-Alcohol,C:\PycharmProjects\Alcohol Detection\dataset\Grupo_3\E_3_0\Iritech\E_3_0_0\E_3_0_0_R_5\via_region_data.json
E_3_0_0_R_M_N_N_1987_23_2017.bmp308278,Non-Alcohol,C:\PycharmProjects\Alcohol Detection\dataset\Grupo_3\E_3_0\Iritech\E_3_0_0\E_3_0_0_R_5\via_region_data.json
E_3_0_0_R_M_N_N_1987_24_2017.bmp308278,Non-Alcohol,C:\PycharmProjects\Alcohol Detection\dataset\Grupo_3\E_3_0\Iritech\E_3_0_0\E_3_0_0_R_5\via_region_data.json
E_3_0_0_R_M_N_N_1987_25_2017.bmp308278,Non-Alcohol,C:\PycharmProjects\Alcohol Detection\dataset\Grupo_3\E_3_0\Iritech\E_3_0_0\E_3_0_0_R_5\via_region_data.json
E_3_0_0_R_M_N_N_1987_26_2017.bmp308278,Non-Alcohol,C:\PycharmProjects\Alcohol Detection\dataset\Grupo_3\E_3_0\Iritech\E_3_0_0\E_3_0_0_R_5\via_region_data.json
E_3_0_0_R_M_N_N_1987_27_2017.bmp308278,Non-Alcohol,C:\PycharmProjects\Alcohol Detection\dataset\Grupo_3\E_3_0\Iritech\E_3_0_0\E_3_0_0_R_5\via_region_data.json
E_3_0_0_R_M_N_N_1987_28_2017.bmp308278,Non-Alcohol,C:\PycharmProjects\Alcohol Detection\dataset\Grupo_3\E_3_0\Iritech\E_3_0_0\E_3_0_0_R_5\via_region_data.json
E_3_0_0_R_M_N_N_1987_29_2017.bmp308278,Non-Alcohol,C:\PycharmProjects\Alcohol Detection\dataset\Grupo_3\E_3_0\Iritech\E_3_0_0\E_3_0_0_R_5\via_region_data.json
E_3_0_0_R_M_N_N_1987_30_2017.bmp308278,Non-Alcohol,C:\PycharmProjects\Alcohol Detection\dataset\Grupo_3\E_3_0\Iritech\E_3_0_0\E_3_0_0_R_5\via_region_data.json
E_3_0_0_R_M_N_N_1987_31_2017.bmp308278,Non-Alcohol,C:\PycharmProjects\Alcohol Detection\dataset\Grupo_3\E_3_0\Iritech\E_3_0_0\E_3_0_0_R_5\via_region_data.json
E_3_0_0_R_M_N_N_1987_32_2017.bmp308278,Non-Alcohol,C:\PycharmProjects\Alcohol Detection\dataset\Grupo_3\E_3_0\Iritech\E_3_0_0\E_3_0_0_R_5\via_region_data.json
E_3_0_0_R_M_N_N_1987_33_2017.bmp308278,Non-Alcohol,C:\PycharmProjects\Alcohol Detection\dataset\Grupo_3\E_3_0\Iritech\E_3_0_0\E_3_0_0_R_5\via_region_data.json
E_3_0_0_R_M_N_N_1987_34_2017.bmp308278,Non-Alcohol,C:\PycharmProjects\Alcohol Detection\dataset\Grupo_3\E_3_0\Iritech\E_3_0_0\E_3_0_0_R_5\via_region_data.json
E_3_0_0_R_M_N_N_1987_35_2017.bmp308278,Non-Alcohol,C:\PycharmProjects\Alcohol Detection\dataset\Grupo_3\E_3_0\Iritech\E_3_0_0\E_3_0_0_R_5\via_region_data.json
E_3_0_0_R_M_N_N_1987_36_2017.bmp308278,Non-Alcohol,C:\PycharmProjects\Alcohol Detection\dataset\Grupo_3\E_3_0\Iritech\E_3_0_0\E_3_0_0_R_5\via_region_data.json
E_3_0_0_R_M_N_N_1987_37_2017.bmp308278,Non-Alcohol,C:\PycharmProjects\Alcohol Detection\dataset\Grupo_3\E_3_0\Iritech\E_3_0_0\E_3_0_0_R_5\via_region_data.json
E_3_0_0_R_M_N_N_1987_38_2017.bmp308278,Non-Alcohol,C:\PycharmProjects\Alcohol Detection\dataset\Grupo_3\E_3_0\Iritech\E_3_0_0\E_3_0_0_R_5\via_region_data.json
E_3_0_0_R_M_N_N_1987_39_2017.bmp308278,Non-Alcohol,C:\PycharmProjects\Alcohol Detection\dataset\Grupo_3\E_3_0\Iritech\E_3_0_0\E_3_0_0_R_5\via_region_data.json
E_3_0_0_R_M_N_N_1987_40_2017.bmp308278,Non-Alcohol,C:\PycharmProjects\Alcohol Detection\dataset\Grupo_3\E_3_0\Iritech\E_3_0_0\E_3_0_0_R_5\via_region_data.json
E_3_0_0_R_M_N_N_1987_41_2017.bmp308278,Non-Alcohol,C:\PycharmProjects\Alcohol Detection\dataset\Grupo_3\E_3_0\Iritech\E_3_0_0\E_3_0_0_R_5\via_region_data.json
E_3_0_0_R_M_N_N_1987_42_2017.bmp308278,Non-Alcohol,C:\PycharmProjects\Alcohol Detection\dataset\Grupo_3\E_3_0\Iritech\E_3_0_0\E_3_0_0_R_5\via_region_data.json
E_3_0_0_R_M_N_N_1987_43_2017.bmp308278,Non-Alcohol,C:\PycharmProjects\Alcohol Detection\dataset\Grupo_3\E_3_0\Iritech\E_3_0_0\E_3_0_0_R_5\via_region_data.json
E_3_0_0_R_M_N_N_1987_44_2017.bmp308278,Non-Alcohol,C:\PycharmProjects\Alcohol Detection\dataset\Grupo_3\E_3_0\Iritech\E_3_0_0\E_3_0_0_R_5\via_region_data.json
E_3_0_0_R_M_N_N_1987_45_2017.bmp308278,Non-Alcohol,C:\PycharmProjects\Alcohol Detection\dataset\Grupo_3\E_3_0\Iritech\E_3_0_0\E_3_0_0_R_5\via_region_data.json
E_3_0_0_R_M_N_N_1987_46_2017.bmp308278,Non-Alcohol,C:\PycharmProjects\Alcohol Detection\dataset\Grupo_3\E_3_0\Iritech\E_3_0_0\E_3_0_0_R_5\via_region_data.json
E_3_0_0_R_M_N_N_1987_47_2017.bmp308278,Non-Alcohol,C:\PycharmProjects\Alcohol Detection\dataset\Grupo_3\E_3_0\Iritech\E_3_0_0\E_3_0_0_R_5\via_region_data.json
E_3_0_0_R_M_N_N_1987_48_2017.bmp308278,Non-Alcohol,C:\PycharmProjects\Alcohol Detection\dataset\Grupo_3\E_3_0\Iritech\E_3_0_0\E_3_0_0_R_5\via_region_data.json
E_3_0_0_R_M_N_N_1987_49_2017.bmp308278,Non-Alcohol,C:\PycharmProjects\Alcohol Detection\dataset\Grupo_3\E_3_0\Iritech\E_3_0_0\E_3_0_0_R_5\via_region_data.json
E_3_0_0_R_M_N_N_1987_50_2017.bmp308278,Non-Alcohol,C:\PycharmProjects\Alcohol Detection\dataset\Grupo_3\E_3_0\Iritech\E_3_0_0\E_3_0_0_R_5\via_region_data.json
E_3_0_0_R_M_N_N_1987_51_2017.bmp308278,Non-Alcohol,C:\PycharmProjects\Alcohol Detection\dataset\Grupo_3\E_3_0\Iritech\E_3_0_0\E_3_0_0_R_5\via_region_data.json
E_3_0_0_R_M_N_N_1987_52_2017.bmp308278,Non-Alcohol,C:\PycharmProjects\Alcohol Detection\dataset\Grupo_3\E_3_0\Iritech\E_3_0_0\E_3_0_0_R_5\via_region_data.json
E_3_0_0_R_M_N_N_1987_53_2017.bmp308278,Non-Alcohol,C:\PycharmProjects\Alcohol Detection\dataset\Grupo_3\E_3_0\Iritech\E_3_0_0\E_3_0_0_R_5\via_region_data.json
E_3_0_0_R_M_N_N_1987_54_2017.bmp308278,Non-Alcohol,C:\PycharmProjects\Alcohol Detection\dataset\Grupo_3\E_3_0\Iritech\E_3_0_0\E_3_0_0_R_5\via_region_data.json
E_3_0_0_R_M_N_N_1987_55_2017.bmp308278,Non-Alcohol,C:\PycharmProjects\Alcohol Detection\dataset\Grupo_3\E_3_0\Iritech\E_3_0_0\E_3_0_0_R_5\via_region_data.json
E_3_0_0_R_M_N_N_1987_56_2017.bmp308278,Non-Alcohol,C:\PycharmProjects\Alcohol Detection\dataset\Grupo_3\E_3_0\Iritech\E_3_0_0\E_3_0_0_R_5\via_region_data.json
E_3_0_0_R_M_N_N_1987_57_2017.bmp308278,Non-Alcohol,C:\PycharmProjects\Alcohol Detection\dataset\Grupo_3\E_3_0\Iritech\E_3_0_0\E_3_0_0_R_5\via_region_data.json
E_3_0_0_R_M_N_N_1987_58_2017.bmp308278,Non-Alcohol,C:\PycharmProjects\Alcohol Detection\dataset\Grupo_3\E_3_0\Iritech\E_3_0_0\E_3_0_0_R_5\via_region_data.json
E_3_0_0_R_M_N_N_1987_59_2017.bmp308278,Non-Alcohol,C:\PycharmProjects\Alcohol Detection\dataset\Grupo_3\E_3_0\Iritech\E_3_0_0\E_3_0_0_R_5\via_region_data.json
E_3_0_0_R_M_N_N_1987_60_2017.bmp308278,Non-Alcohol,C:\PycharmProjects\Alcohol Detection\dataset\Grupo_3\E_3_0\Iritech\E_3_0_0\E_3_0_0_R_5\via_region_data.json
E_3_0_0_R_M_N_N_1987_61_2017.bmp308278,Non-Alcohol,C:\PycharmProjects\Alcohol Detection\dataset\Grupo_3\E_3_0\Iritech\E_3_0_0\E_3_0_0_R_5\via_region_data.json
E_3_0_0_R_M_N_N_1987_62_2017.bmp308278,Non-Alcohol,C:\PycharmProjects\Alcohol Detection\dataset\Grupo_3\E_3_0\Iritech\E_3_0_0\E_3_0_0_R_5\via_region_data.json
E_3_0_0_R_M_N_N_1987_63_2017.bmp308278,Non-Alcohol,C:\PycharmProjects\Alcohol Detection\dataset\Grupo_3\E_3_0\Iritech\E_3_0_0\E_3_0_0_R_5\via_region_data.json
E_3_0_0_R_M_N_N_1987_64_2017.bmp308278,Non-Alcohol,C:\PycharmProjects\Alcohol Detection\dataset\Grupo_3\E_3_0\Iritech\E_3_0_0\E_3_0_0_R_5\via_region_data.json
E_3_0_0_R_M_N_N_1987_65_2017.bmp308278,Non-Alcohol,C:\PycharmProjects\Alcohol Detection\dataset\Grupo_3\E_3_0\Iritech\E_3_0_0\E_3_0_0_R_5\via_region_data.json
E_3_0_0_R_M_N_N_1987_66_2017.bmp308278,Non-Alcohol,C:\PycharmProjects\Alcohol Detection\dataset\Grupo_3\E_3_0\Iritech\E_3_0_0\E_3_0_0_R_5\via_region_data.json
E_3_0_0_R_M_N_N_1987_67_2017.bmp308278,Non-Alcohol,C:\PycharmProjects\Alcohol Detection\dataset\Grupo_3\E_3_0\Iritech\E_3_0_0\E_3_0_0_R_5\via_region_data.json
E_3_0_0_R_M_N_N_1987_68_2017.bmp308278,Non-Alcohol,C:\PycharmProjects\Alcohol Detection\dataset\Grupo_3\E_3_0\Iritech\E_3_0_0\E_3_0_0_R_5\via_region_data.json
E_3_0_0_R_M_N_N_1987_69_2017.bmp308278,Non-Alcohol,C:\PycharmProjects\Alcohol Detection\dataset\Grupo_3\E_3_0\Iritech\E_3_0_0\E_3_0_0_R_5\via_region_data.json
E_3_0_0_R_M_N_N_1987_70_2017.bmp308278,Non-Alcohol,C:\PycharmProjects\Alcohol Detection\dataset\Grupo_3\E_3_0\Iritech\E_3_0_0\E_3_0_0_R_5\via_region_data.json
E_3_0_0_R_M_N_N_1987_71_2017.bmp308278,Non-Alcohol,C:\PycharmProjects\Alcohol Detection\dataset\Grupo_3\E_3_0\Iritech\E_3_0_0\E_3_0_0_R_5\via_region_data.json
E_3_0_0_R_M_N_N_1987_72_2017.bmp308278,Non-Alcohol,C:\PycharmProjects\Alcohol Detection\dataset\Grupo_3\E_3_0\Iritech\E_3_0_0\E_3_0_0_R_5\via_region_data.json
E_3_0_0_R_M_N_N_1987_73_2017.bmp308278,Non-Alcohol,C:\PycharmProjects\Alcohol Detection\dataset\Grupo_3\E_3_0\Iritech\E_3_0_0\E_3_0_0_R_5\via_region_data.json
E_3_0_0_R_M_N_N_1987_74_2017.bmp308278,Non-Alcohol,C:\PycharmProjects\Alcohol Detection\dataset\Grupo_3\E_3_0\Iritech\E_3_0_0\E_3_0_0_R_5\via_region_data.json
E_3_0_0_R_M_N_N_1987_75_2017.bmp308278,Non-Alcohol,C:\PycharmProjects\Alcohol Detection\dataset\Grupo_3\E_3_0\Iritech\E_3_0_0\E_3_0_0_R_5\via_region_data.json
E_3_0_0_R_M_N_N_1987_76_2017.bmp308278,Non-Alcohol,C:\PycharmProjects\Alcohol Detection\dataset\Grupo_3\E_3_0\Iritech\E_3_0_0\E_3_0_0_R_5\via_region_data.json
E_3_0_0_R_M_N_N_1987_77_2017.bmp308278,Non-Alcohol,C:\PycharmProjects\Alcohol Detection\dataset\Grupo_3\E_3_0\Iritech\E_3_0_0\E_3_0_0_R_5\via_region_data.json
E_3_0_0_R_M_N_N_1987_78_2017.bmp308278,Non-Alcohol,C:\PycharmProjects\Alcohol Detection\dataset\Grupo_3\E_3_0\Iritech\E_3_0_0\E_3_0_0_R_5\via_region_data.json
E_3_0_0_R_M_N_N_1987_79_2017.bmp308278,Non-Alcohol,C:\PycharmProjects\Alcohol Detection\dataset\Grupo_3\E_3_0\Iritech\E_3_0_0\E_3_0_0_R_5\via_region_data.json
E_3_0_1_L_M_N_N_1987_0_2017.bmp308278,Non-Alcohol,C:\PycharmProjects\Alcohol Detection\dataset\Grupo_3\E_3_0\Iritech\E_3_0_1\via_region_data.json
E_3_0_1_R_M_N_N_1987_0_2017.bmp308278,Non-Alcohol,C:\PycharmProjects\Alcohol Detection\dataset\Grupo_3\E_3_0\Iritech\E_3_0_1\via_region_data.json
E_3_0_1_L_M_N_N_1987_0_2017.bmp308278,Non-Alcohol,C:\PycharmProjects\Alcohol Detection\dataset\Grupo_3\E_3_0\Iritech\E_3_0_1\E_3_0_1_L_5\via_region_data.json
E_3_0_1_L_M_N_N_1987_1_2017.bmp308278,Non-Alcohol,C:\PycharmProjects\Alcohol Detection\dataset\Grupo_3\E_3_0\Iritech\E_3_0_1\E_3_0_1_L_5\via_region_data.json
E_3_0_1_L_M_N_N_1987_2_2017.bmp308278,Non-Alcohol,C:\PycharmProjects\Alcohol Detection\dataset\Grupo_3\E_3_0\Iritech\E_3_0_1\E_3_0_1_L_5\via_region_data.json
E_3_0_1_L_M_N_N_1987_3_2017.bmp308278,Non-Alcohol,C:\PycharmProjects\Alcohol Detection\dataset\Grupo_3\E_3_0\Iritech\E_3_0_1\E_3_0_1_L_5\via_region_data.json
E_3_0_1_L_M_N_N_1987_4_2017.bmp308278,Non-Alcohol,C:\PycharmProjects\Alcohol Detection\dataset\Grupo_3\E_3_0\Iritech\E_3_0_1\E_3_0_1_L_5\via_region_data.json
E_3_0_1_L_M_N_N_1987_5_2017.bmp308278,Non-Alcohol,C:\PycharmProjects\Alcohol Detection\dataset\Grupo_3\E_3_0\Iritech\E_3_0_1\E_3_0_1_L_5\via_region_data.json
E_3_0_1_L_M_N_N_1987_6_2017.bmp308278,Non-Alcohol,C:\PycharmProjects\Alcohol Detection\dataset\Grupo_3\E_3_0\Iritech\E_3_0_1\E_3_0_1_L_5\via_region_data.json
E_3_0_1_L_M_N_N_1987_7_2017.bmp308278,Non-Alcohol,C:\PycharmProjects\Alcohol Detection\dataset\Grupo_3\E_3_0\Iritech\E_3_0_1\E_3_0_1_L_5\via_region_data.json
E_3_0_1_L_M_N_N_1987_8_2017.bmp308278,Non-Alcohol,C:\PycharmProjects\Alcohol Detection\dataset\Grupo_3\E_3_0\Iritech\E_3_0_1\E_3_0_1_L_5\via_region_data.json
E_3_0_1_L_M_N_N_1987_9_2017.bmp308278,Non-Alcohol,C:\PycharmProjects\Alcohol Detection\dataset\Grupo_3\E_3_0\Iritech\E_3_0_1\E_3_0_1_L_5\via_region_data.json
E_3_0_1_L_M_N_N_1987_10_2017.bmp308278,Non-Alcohol,C:\PycharmProjects\Alcohol Detection\dataset\Grupo_3\E_3_0\Iritech\E_3_0_1\E_3_0_1_L_5\via_region_data.json
E_3_0_1_L_M_N_N_1987_11_2017.bmp308278,Non-Alcohol,C:\PycharmProjects\Alcohol Detection\dataset\Grupo_3\E_3_0\Iritech\E_3_0_1\E_3_0_1_L_5\via_region_data.json
E_3_0_1_L_M_N_N_1987_12_2017.bmp308278,Non-Alcohol,C:\PycharmProjects\Alcohol Detection\dataset\Grupo_3\E_3_0\Iritech\E_3_0_1\E_3_0_1_L_5\via_region_data.json
E_3_0_1_L_M_N_N_1987_13_2017.bmp308278,Non-Alcohol,C:\PycharmProjects\Alcohol Detection\dataset\Grupo_3\E_3_0\Iritech\E_3_0_1\E_3_0_1_L_5\via_region_data.json
E_3_0_1_L_M_N_N_1987_14_2017.bmp308278,Non-Alcohol,C:\PycharmProjects\Alcohol Detection\dataset\Grupo_3\E_3_0\Iritech\E_3_0_1\E_3_0_1_L_5\via_region_data.json
E_3_0_1_L_M_N_N_1987_15_2017.bmp308278,Non-Alcohol,C:\PycharmProjects\Alcohol Detection\dataset\Grupo_3\E_3_0\Iritech\E_3_0_1\E_3_0_1_L_5\via_region_data.json
E_3_0_1_L_M_N_N_1987_16_2017.bmp308278,Non-Alcohol,C:\PycharmProjects\Alcohol Detection\dataset\Grupo_3\E_3_0\Iritech\E_3_0_1\E_3_0_1_L_5\via_region_data.json
E_3_0_1_L_M_N_N_1987_17_2017.bmp308278,Non-Alcohol,C:\PycharmProjects\Alcohol Detection\dataset\Grupo_3\E_3_0\Iritech\E_3_0_1\E_3_0_1_L_5\via_region_data.json
E_3_0_1_L_M_N_N_1987_18_2017.bmp308278,Non-Alcohol,C:\PycharmProjects\Alcohol Detection\dataset\Grupo_3\E_3_0\Iritech\E_3_0_1\E_3_0_1_L_5\via_region_data.json
E_3_0_1_L_M_N_N_1987_19_2017.bmp308278,Non-Alcohol,C:\PycharmProjects\Alcohol Detection\dataset\Grupo_3\E_3_0\Iritech\E_3_0_1\E_3_0_1_L_5\via_region_data.json
E_3_0_1_L_M_N_N_1987_20_2017.bmp308278,Non-Alcohol,C:\PycharmProjects\Alcohol Detection\dataset\Grupo_3\E_3_0\Iritech\E_3_0_1\E_3_0_1_L_5\via_region_data.json
E_3_0_1_L_M_N_N_1987_21_2017.bmp308278,Non-Alcohol,C:\PycharmProjects\Alcohol Detection\dataset\Grupo_3\E_3_0\Iritech\E_3_0_1\E_3_0_1_L_5\via_region_data.json
E_3_0_1_L_M_N_N_1987_22_2017.bmp308278,Non-Alcohol,C:\PycharmProjects\Alcohol Detection\dataset\Grupo_3\E_3_0\Iritech\E_3_0_1\E_3_0_1_L_5\via_region_data.json
E_3_0_1_L_M_N_N_1987_23_2017.bmp308278,Non-Alcohol,C:\PycharmProjects\Alcohol Detection\dataset\Grupo_3\E_3_0\Iritech\E_3_0_1\E_3_0_1_L_5\via_region_data.json
E_3_0_1_L_M_N_N_1987_24_2017.bmp308278,Non-Alcohol,C:\PycharmProjects\Alcohol Detection\dataset\Grupo_3\E_3_0\Iritech\E_3_0_1\E_3_0_1_L_5\via_region_data.json
E_3_0_1_L_M_N_N_1987_25_2017.bmp308278,Non-Alcohol,C:\PycharmProjects\Alcohol Detection\dataset\Grupo_3\E_3_0\Iritech\E_3_0_1\E_3_0_1_L_5\via_region_data.json
E_3_0_1_L_M_N_N_1987_26_2017.bmp308278,Non-Alcohol,C:\PycharmProjects\Alcohol Detection\dataset\Grupo_3\E_3_0\Iritech\E_3_0_1\E_3_0_1_L_5\via_region_data.json
E_3_0_1_L_M_N_N_1987_27_2017.bmp308278,Non-Alcohol,C:\PycharmProjects\Alcohol Detection\dataset\Grupo_3\E_3_0\Iritech\E_3_0_1\E_3_0_1_L_5\via_region_data.json
E_3_0_1_L_M_N_N_1987_28_2017.bmp308278,Non-Alcohol,C:\PycharmProjects\Alcohol Detection\dataset\Grupo_3\E_3_0\Iritech\E_3_0_1\E_3_0_1_L_5\via_region_data.json
E_3_0_1_L_M_N_N_1987_29_2017.bmp308278,Non-Alcohol,C:\PycharmProjects\Alcohol Detection\dataset\Grupo_3\E_3_0\Iritech\E_3_0_1\E_3_0_1_L_5\via_region_data.json
E_3_0_1_L_M_N_N_1987_30_2017.bmp308278,Non-Alcohol,C:\PycharmProjects\Alcohol Detection\dataset\Grupo_3\E_3_0\Iritech\E_3_0_1\E_3_0_1_L_5\via_region_data.json
E_3_0_1_L_M_N_N_1987_31_2017.bmp308278,Non-Alcohol,C:\PycharmProjects\Alcohol Detection\dataset\Grupo_3\E_3_0\Iritech\E_3_0_1\E_3_0_1_L_5\via_region_data.json
E_3_0_1_L_M_N_N_1987_32_2017.bmp308278,Non-Alcohol,C:\PycharmProjects\Alcohol Detection\dataset\Grupo_3\E_3_0\Iritech\E_3_0_1\E_3_0_1_L_5\via_region_data.json
E_3_0_1_L_M_N_N_1987_33_2017.bmp308278,Non-Alcohol,C:\PycharmProjects\Alcohol Detection\dataset\Grupo_3\E_3_0\Iritech\E_3_0_1\E_3_0_1_L_5\via_region_data.json
E_3_0_1_L_M_N_N_1987_34_2017.bmp308278,Non-Alcohol,C:\PycharmProjects\Alcohol Detection\dataset\Grupo_3\E_3_0\Iritech\E_3_0_1\E_3_0_1_L_5\via_region_data.json
E_3_0_1_L_M_N_N_1987_35_2017.bmp308278,Non-Alcohol,C:\PycharmProjects\Alcohol Detection\dataset\Grupo_3\E_3_0\Iritech\E_3_0_1\E_3_0_1_L_5\via_region_data.json
E_3_0_1_L_M_N_N_1987_36_2017.bmp308278,Non-Alcohol,C:\PycharmProjects\Alcohol Detection\dataset\Grupo_3\E_3_0\Iritech\E_3_0_1\E_3_0_1_L_5\via_region_data.json
E_3_0_1_L_M_N_N_1987_37_2017.bmp308278,Non-Alcohol,C:\PycharmProjects\Alcohol Detection\dataset\Grupo_3\E_3_0\Iritech\E_3_0_1\E_3_0_1_L_5\via_region_data.json
E_3_0_1_L_M_N_N_1987_38_2017.bmp308278,Non-Alcohol,C:\PycharmProjects\Alcohol Detection\dataset\Grupo_3\E_3_0\Iritech\E_3_0_1\E_3_0_1_L_5\via_region_data.json
E_3_0_1_L_M_N_N_1987_39_2017.bmp308278,Non-Alcohol,C:\PycharmProjects\Alcohol Detection\dataset\Grupo_3\E_3_0\Iritech\E_3_0_1\E_3_0_1_L_5\via_region_data.json
E_3_0_1_L_M_N_N_1987_40_2017.bmp308278,Non-Alcohol,C:\PycharmProjects\Alcohol Detection\dataset\Grupo_3\E_3_0\Iritech\E_3_0_1\E_3_0_1_L_5\via_region_data.json
E_3_0_1_L_M_N_N_1987_41_2017.bmp308278,Non-Alcohol,C:\PycharmProjects\Alcohol Detection\dataset\Grupo_3\E_3_0\Iritech\E_3_0_1\E_3_0_1_L_5\via_region_data.json
E_3_0_1_L_M_N_N_1987_42_2017.bmp308278,Non-Alcohol,C:\PycharmProjects\Alcohol Detection\dataset\Grupo_3\E_3_0\Iritech\E_3_0_1\E_3_0_1_L_5\via_region_data.json
E_3_0_1_L_M_N_N_1987_43_2017.bmp308278,Non-Alcohol,C:\PycharmProjects\Alcohol Detection\dataset\Grupo_3\E_3_0\Iritech\E_3_0_1\E_3_0_1_L_5\via_region_data.json
E_3_0_1_L_M_N_N_1987_44_2017.bmp308278,Non-Alcohol,C:\PycharmProjects\Alcohol Detection\dataset\Grupo_3\E_3_0\Iritech\E_3_0_1\E_3_0_1_L_5\via_region_data.json
E_3_0_1_L_M_N_N_1987_45_2017.bmp308278,Non-Alcohol,C:\PycharmProjects\Alcohol Detection\dataset\Grupo_3\E_3_0\Iritech\E_3_0_1\E_3_0_1_L_5\via_region_data.json
E_3_0_1_L_M_N_N_1987_46_2017.bmp308278,Non-Alcohol,C:\PycharmProjects\Alcohol Detection\dataset\Grupo_3\E_3_0\Iritech\E_3_0_1\E_3_0_1_L_5\via_region_data.json
E_3_0_1_L_M_N_N_1987_47_2017.bmp308278,Non-Alcohol,C:\PycharmProjects\Alcohol Detection\dataset\Grupo_3\E_3_0\Iritech\E_3_0_1\E_3_0_1_L_5\via_region_data.json
E_3_0_1_L_M_N_N_1987_48_2017.bmp308278,Non-Alcohol,C:\PycharmProjects\Alcohol Detection\dataset\Grupo_3\E_3_0\Iritech\E_3_0_1\E_3_0_1_L_5\via_region_data.json
E_3_0_1_L_M_N_N_1987_49_2017.bmp308278,Non-Alcohol,C:\PycharmProjects\Alcohol Detection\dataset\Grupo_3\E_3_0\Iritech\E_3_0_1\E_3_0_1_L_5\via_region_data.json
E_3_0_1_L_M_N_N_1987_50_2017.bmp308278,Non-Alcohol,C:\PycharmProjects\Alcohol Detection\dataset\Grupo_3\E_3_0\Iritech\E_3_0_1\E_3_0_1_L_5\via_region_data.json
E_3_0_1_L_M_N_N_1987_51_2017.bmp308278,Non-Alcohol,C:\PycharmProjects\Alcohol Detection\dataset\Grupo_3\E_3_0\Iritech\E_3_0_1\E_3_0_1_L_5\via_region_data.json
E_3_0_1_L_M_N_N_1987_52_2017.bmp308278,Non-Alcohol,C:\PycharmProjects\Alcohol Detection\dataset\Grupo_3\E_3_0\Iritech\E_3_0_1\E_3_0_1_L_5\via_region_data.json
E_3_0_1_L_M_N_N_1987_53_2017.bmp308278,Non-Alcohol,C:\PycharmProjects\Alcohol Detection\dataset\Grupo_3\E_3_0\Iritech\E_3_0_1\E_3_0_1_L_5\via_region_data.json
E_3_0_1_L_M_N_N_1987_54_2017.bmp308278,Non-Alcohol,C:\PycharmProjects\Alcohol Detection\dataset\Grupo_3\E_3_0\Iritech\E_3_0_1\E_3_0_1_L_5\via_region_data.json
E_3_0_1_L_M_N_N_1987_55_2017.bmp308278,Non-Alcohol,C:\PycharmProjects\Alcohol Detection\dataset\Grupo_3\E_3_0\Iritech\E_3_0_1\E_3_0_1_L_5\via_region_data.json
E_3_0_1_L_M_N_N_1987_56_2017.bmp308278,Non-Alcohol,C:\PycharmProjects\Alcohol Detection\dataset\Grupo_3\E_3_0\Iritech\E_3_0_1\E_3_0_1_L_5\via_region_data.json
E_3_0_1_L_M_N_N_1987_57_2017.bmp308278,Non-Alcohol,C:\PycharmProjects\Alcohol Detection\dataset\Grupo_3\E_3_0\Iritech\E_3_0_1\E_3_0_1_L_5\via_region_data.json
E_3_0_1_L_M_N_N_1987_58_2017.bmp308278,Non-Alcohol,C:\PycharmProjects\Alcohol Detection\dataset\Grupo_3\E_3_0\Iritech\E_3_0_1\E_3_0_1_L_5\via_region_data.json
E_3_0_1_L_M_N_N_1987_59_2017.bmp308278,Non-Alcohol,C:\PycharmProjects\Alcohol Detection\dataset\Grupo_3\E_3_0\Iritech\E_3_0_1\E_3_0_1_L_5\via_region_data.json
E_3_0_1_L_M_N_N_1987_60_2017.bmp308278,Non-Alcohol,C:\PycharmProjects\Alcohol Detection\dataset\Grupo_3\E_3_0\Iritech\E_3_0_1\E_3_0_1_L_5\via_region_data.json
E_3_0_1_L_M_N_N_1987_61_2017.bmp308278,Non-Alcohol,C:\PycharmProjects\Alcohol Detection\dataset\Grupo_3\E_3_0\Iritech\E_3_0_1\E_3_0_1_L_5\via_region_data.json
E_3_0_1_L_M_N_N_1987_62_2017.bmp308278,Non-Alcohol,C:\PycharmProjects\Alcohol Detection\dataset\Grupo_3\E_3_0\Iritech\E_3_0_1\E_3_0_1_L_5\via_region_data.json
E_3_0_1_L_M_N_N_1987_63_2017.bmp308278,Non-Alcohol,C:\PycharmProjects\Alcohol Detection\dataset\Grupo_3\E_3_0\Iritech\E_3_0_1\E_3_0_1_L_5\via_region_data.json
E_3_0_1_L_M_N_N_1987_64_2017.bmp308278,Non-Alcohol,C:\PycharmProjects\Alcohol Detection\dataset\Grupo_3\E_3_0\Iritech\E_3_0_1\E_3_0_1_L_5\via_region_data.json
E_3_0_1_L_M_N_N_1987_65_2017.bmp308278,Non-Alcohol,C:\PycharmProjects\Alcohol Detection\dataset\Grupo_3\E_3_0\Iritech\E_3_0_1\E_3_0_1_L_5\via_region_data.json
E_3_0_1_L_M_N_N_1987_66_2017.bmp308278,Non-Alcohol,C:\PycharmProjects\Alcohol Detection\dataset\Grupo_3\E_3_0\Iritech\E_3_0_1\E_3_0_1_L_5\via_region_data.json
E_3_0_1_L_M_N_N_1987_67_2017.bmp308278,Non-Alcohol,C:\PycharmProjects\Alcohol Detection\dataset\Grupo_3\E_3_0\Iritech\E_3_0_1\E_3_0_1_L_5\via_region_data.json
E_3_0_1_L_M_N_N_1987_68_2017.bmp308278,Non-Alcohol,C:\PycharmProjects\Alcohol Detection\dataset\Grupo_3\E_3_0\Iritech\E_3_0_1\E_3_0_1_L_5\via_region_data.json
E_3_0_1_L_M_N_N_1987_69_2017.bmp308278,Non-Alcohol,C:\PycharmProjects\Alcohol Detection\dataset\Grupo_3\E_3_0\Iritech\E_3_0_1\E_3_0_1_L_5\via_region_data.json
E_3_0_1_L_M_N_N_1987_70_2017.bmp308278,Non-Alcohol,C:\PycharmProjects\Alcohol Detection\dataset\Grupo_3\E_3_0\Iritech\E_3_0_1\E_3_0_1_L_5\via_region_data.json
E_3_0_1_L_M_N_N_1987_71_2017.bmp308278,Non-Alcohol,C:\PycharmProjects\Alcohol Detection\dataset\Grupo_3\E_3_0\Iritech\E_3_0_1\E_3_0_1_L_5\via_region_data.json
E_3_0_1_L_M_N_N_1987_72_2017.bmp308278,Non-Alcohol,C:\PycharmProjects\Alcohol Detection\dataset\Grupo_3\E_3_0\Iritech\E_3_0_1\E_3_0_1_L_5\via_region_data.json
E_3_0_1_L_M_N_N_1987_73_2017.bmp308278,Non-Alcohol,C:\PycharmProjects\Alcohol Detection\dataset\Grupo_3\E_3_0\Iritech\E_3_0_1\E_3_0_1_L_5\via_region_data.json
E_3_0_1_L_M_N_N_1987_74_2017.bmp308278,Non-Alcohol,C:\PycharmProjects\Alcohol Detection\dataset\Grupo_3\E_3_0\Iritech\E_3_0_1\E_3_0_1_L_5\via_region_data.json
E_3_0_1_L_M_N_N_1987_75_2017.bmp308278,Non-Alcohol,C:\PycharmProjects\Alcohol Detection\dataset\Grupo_3\E_3_0\Iritech\E_3_0_1\E_3_0_1_L_5\via_region_data.json
E_3_0_1_L_M_N_N_1987_76_2017.bmp308278,Non-Alcohol,C:\PycharmProjects\Alcohol Detection\dataset\Grupo_3\E_3_0\Iritech\E_3_0_1\E_3_0_1_L_5\via_region_data.json
E_3_0_1_L_M_N_N_1987_77_2017.bmp308278,Non-Alcohol,C:\PycharmProjects\Alcohol Detection\dataset\Grupo_3\E_3_0\Iritech\E_3_0_1\E_3_0_1_L_5\via_region_data.json
E_3_0_1_L_M_N_N_1987_78_2017.bmp308278,Non-Alcohol,C:\PycharmProjects\Alcohol Detection\dataset\Grupo_3\E_3_0\Iritech\E_3_0_1\E_3_0_1_L_5\via_region_data.json
E_3_0_1_R_M_N_N_1987_0_2017.bmp308278,Non-Alcohol,C:\PycharmProjects\Alcohol Detection\dataset\Grupo_3\E_3_0\Iritech\E_3_0_1\E_3_0_1_R_5\via_region_data.json
E_3_0_1_R_M_N_N_1987_1_2017.bmp308278,Non-Alcohol,C:\PycharmProjects\Alcohol Detection\dataset\Grupo_3\E_3_0\Iritech\E_3_0_1\E_3_0_1_R_5\via_region_data.json
E_3_0_1_R_M_N_N_1987_2_2017.bmp308278,Non-Alcohol,C:\PycharmProjects\Alcohol Detection\dataset\Grupo_3\E_3_0\Iritech\E_3_0_1\E_3_0_1_R_5\via_region_data.json
E_3_0_1_R_M_N_N_1987_3_2017.bmp308278,Non-Alcohol,C:\PycharmProjects\Alcohol Detection\dataset\Grupo_3\E_3_0\Iritech\E_3_0_1\E_3_0_1_R_5\via_region_data.json
E_3_0_1_R_M_N_N_1987_4_2017.bmp308278,Non-Alcohol,C:\PycharmProjects\Alcohol Detection\dataset\Grupo_3\E_3_0\Iritech\E_3_0_1\E_3_0_1_R_5\via_region_data.json
E_3_0_1_R_M_N_N_1987_5_2017.bmp308278,Non-Alcohol,C:\PycharmProjects\Alcohol Detection\dataset\Grupo_3\E_3_0\Iritech\E_3_0_1\E_3_0_1_R_5\via_region_data.json
E_3_0_1_R_M_N_N_1987_6_2017.bmp308278,Non-Alcohol,C:\PycharmProjects\Alcohol Detection\dataset\Grupo_3\E_3_0\Iritech\E_3_0_1\E_3_0_1_R_5\via_region_data.json
E_3_0_1_R_M_N_N_1987_7_2017.bmp308278,Non-Alcohol,C:\PycharmProjects\Alcohol Detection\dataset\Grupo_3\E_3_0\Iritech\E_3_0_1\E_3_0_1_R_5\via_region_data.json
E_3_0_1_R_M_N_N_1987_8_2017.bmp308278,Non-Alcohol,C:\PycharmProjects\Alcohol Detection\dataset\Grupo_3\E_3_0\Iritech\E_3_0_1\E_3_0_1_R_5\via_region_data.json
E_3_0_1_R_M_N_N_1987_9_2017.bmp308278,Non-Alcohol,C:\PycharmProjects\Alcohol Detection\dataset\Grupo_3\E_3_0\Iritech\E_3_0_1\E_3_0_1_R_5\via_region_data.json
E_3_0_1_R_M_N_N_1987_10_2017.bmp308278,Non-Alcohol,C:\PycharmProjects\Alcohol Detection\dataset\Grupo_3\E_3_0\Iritech\E_3_0_1\E_3_0_1_R_5\via_region_data.json
E_3_0_1_R_M_N_N_1987_11_2017.bmp308278,Non-Alcohol,C:\PycharmProjects\Alcohol Detection\dataset\Grupo_3\E_3_0\Iritech\E_3_0_1\E_3_0_1_R_5\via_region_data.json
E_3_0_1_R_M_N_N_1987_12_2017.bmp308278,Non-Alcohol,C:\PycharmProjects\Alcohol Detection\dataset\Grupo_3\E_3_0\Iritech\E_3_0_1\E_3_0_1_R_5\via_region_data.json
E_3_0_1_R_M_N_N_1987_13_2017.bmp308278,Non-Alcohol,C:\PycharmProjects\Alcohol Detection\dataset\Grupo_3\E_3_0\Iritech\E_3_0_1\E_3_0_1_R_5\via_region_data.json
E_3_0_1_R_M_N_N_1987_14_2017.bmp308278,Non-Alcohol,C:\PycharmProjects\Alcohol Detection\dataset\Grupo_3\E_3_0\Iritech\E_3_0_1\E_3_0_1_R_5\via_region_data.json
E_3_0_1_R_M_N_N_1987_15_2017.bmp308278,Non-Alcohol,C:\PycharmProjects\Alcohol Detection\dataset\Grupo_3\E_3_0\Iritech\E_3_0_1\E_3_0_1_R_5\via_region_data.json
E_3_0_1_R_M_N_N_1987_16_2017.bmp308278,Non-Alcohol,C:\PycharmProjects\Alcohol Detection\dataset\Grupo_3\E_3_0\Iritech\E_3_0_1\E_3_0_1_R_5\via_region_data.json
E_3_0_1_R_M_N_N_1987_17_2017.bmp308278,Non-Alcohol,C:\PycharmProjects\Alcohol Detection\dataset\Grupo_3\E_3_0\Iritech\E_3_0_1\E_3_0_1_R_5\via_region_data.json
E_3_0_1_R_M_N_N_1987_18_2017.bmp308278,Non-Alcohol,C:\PycharmProjects\Alcohol Detection\dataset\Grupo_3\E_3_0\Iritech\E_3_0_1\E_3_0_1_R_5\via_region_data.json
E_3_0_1_R_M_N_N_1987_19_2017.bmp308278,Non-Alcohol,C:\PycharmProjects\Alcohol Detection\dataset\Grupo_3\E_3_0\Iritech\E_3_0_1\E_3_0_1_R_5\via_region_data.json
E_3_0_1_R_M_N_N_1987_20_2017.bmp308278,Non-Alcohol,C:\PycharmProjects\Alcohol Detection\dataset\Grupo_3\E_3_0\Iritech\E_3_0_1\E_3_0_1_R_5\via_region_data.json
E_3_0_1_R_M_N_N_1987_21_2017.bmp308278,Non-Alcohol,C:\PycharmProjects\Alcohol Detection\dataset\Grupo_3\E_3_0\Iritech\E_3_0_1\E_3_0_1_R_5\via_region_data.json
E_3_0_1_R_M_N_N_1987_22_2017.bmp308278,Non-Alcohol,C:\PycharmProjects\Alcohol Detection\dataset\Grupo_3\E_3_0\Iritech\E_3_0_1\E_3_0_1_R_5\via_region_data.json
E_3_0_1_R_M_N_N_1987_23_2017.bmp308278,Non-Alcohol,C:\PycharmProjects\Alcohol Detection\dataset\Grupo_3\E_3_0\Iritech\E_3_0_1\E_3_0_1_R_5\via_region_data.json
E_3_0_1_R_M_N_N_1987_24_2017.bmp308278,Non-Alcohol,C:\PycharmProjects\Alcohol Detection\dataset\Grupo_3\E_3_0\Iritech\E_3_0_1\E_3_0_1_R_5\via_region_data.json
E_3_0_1_R_M_N_N_1987_25_2017.bmp308278,Non-Alcohol,C:\PycharmProjects\Alcohol Detection\dataset\Grupo_3\E_3_0\Iritech\E_3_0_1\E_3_0_1_R_5\via_region_data.json
E_3_0_1_R_M_N_N_1987_26_2017.bmp308278,Non-Alcohol,C:\PycharmProjects\Alcohol Detection\dataset\Grupo_3\E_3_0\Iritech\E_3_0_1\E_3_0_1_R_5\via_region_data.json
E_3_0_1_R_M_N_N_1987_27_2017.bmp308278,Non-Alcohol,C:\PycharmProjects\Alcohol Detection\dataset\Grupo_3\E_3_0\Iritech\E_3_0_1\E_3_0_1_R_5\via_region_data.json
E_3_0_1_R_M_N_N_1987_28_2017.bmp308278,Non-Alcohol,C:\PycharmProjects\Alcohol Detection\dataset\Grupo_3\E_3_0\Iritech\E_3_0_1\E_3_0_1_R_5\via_region_data.json
E_3_0_1_R_M_N_N_1987_29_2017.bmp308278,Non-Alcohol,C:\PycharmProjects\Alcohol Detection\dataset\Grupo_3\E_3_0\Iritech\E_3_0_1\E_3_0_1_R_5\via_region_data.json
E_3_0_1_R_M_N_N_1987_30_2017.bmp308278,Non-Alcohol,C:\PycharmProjects\Alcohol Detection\dataset\Grupo_3\E_3_0\Iritech\E_3_0_1\E_3_0_1_R_5\via_region_data.json
E_3_0_1_R_M_N_N_1987_31_2017.bmp308278,Non-Alcohol,C:\PycharmProjects\Alcohol Detection\dataset\Grupo_3\E_3_0\Iritech\E_3_0_1\E_3_0_1_R_5\via_region_data.json
E_3_0_1_R_M_N_N_1987_32_2017.bmp308278,Non-Alcohol,C:\PycharmProjects\Alcohol Detection\dataset\Grupo_3\E_3_0\Iritech\E_3_0_1\E_3_0_1_R_5\via_region_data.json
E_3_0_1_R_M_N_N_1987_33_2017.bmp308278,Non-Alcohol,C:\PycharmProjects\Alcohol Detection\dataset\Grupo_3\E_3_0\Iritech\E_3_0_1\E_3_0_1_R_5\via_region_data.json
E_3_0_1_R_M_N_N_1987_34_2017.bmp308278,Non-Alcohol,C:\PycharmProjects\Alcohol Detection\dataset\Grupo_3\E_3_0\Iritech\E_3_0_1\E_3_0_1_R_5\via_region_data.json
E_3_0_1_R_M_N_N_1987_35_2017.bmp308278,Non-Alcohol,C:\PycharmProjects\Alcohol Detection\dataset\Grupo_3\E_3_0\Iritech\E_3_0_1\E_3_0_1_R_5\via_region_data.json
E_3_0_1_R_M_N_N_1987_36_2017.bmp308278,Non-Alcohol,C:\PycharmProjects\Alcohol Detection\dataset\Grupo_3\E_3_0\Iritech\E_3_0_1\E_3_0_1_R_5\via_region_data.json
E_3_0_1_R_M_N_N_1987_37_2017.bmp308278,Non-Alcohol,C:\PycharmProjects\Alcohol Detection\dataset\Grupo_3\E_3_0\Iritech\E_3_0_1\E_3_0_1_R_5\via_region_data.json
E_3_0_1_R_M_N_N_1987_38_2017.bmp308278,Non-Alcohol,C:\PycharmProjects\Alcohol Detection\dataset\Grupo_3\E_3_0\Iritech\E_3_0_1\E_3_0_1_R_5\via_region_data.json
E_3_0_1_R_M_N_N_1987_39_2017.bmp308278,Non-Alcohol,C:\PycharmProjects\Alcohol Detection\dataset\Grupo_3\E_3_0\Iritech\E_3_0_1\E_3_0_1_R_5\via_region_data.json
E_3_0_1_R_M_N_N_1987_40_2017.bmp308278,Non-Alcohol,C:\PycharmProjects\Alcohol Detection\dataset\Grupo_3\E_3_0\Iritech\E_3_0_1\E_3_0_1_R_5\via_region_data.json
E_3_0_1_R_M_N_N_1987_41_2017.bmp308278,Non-Alcohol,C:\PycharmProjects\Alcohol Detection\dataset\Grupo_3\E_3_0\Iritech\E_3_0_1\E_3_0_1_R_5\via_region_data.json
E_3_0_1_R_M_N_N_1987_42_2017.bmp308278,Non-Alcohol,C:\PycharmProjects\Alcohol Detection\dataset\Grupo_3\E_3_0\Iritech\E_3_0_1\E_3_0_1_R_5\via_region_data.json
E_3_0_1_R_M_N_N_1987_43_2017.bmp308278,Non-Alcohol,C:\PycharmProjects\Alcohol Detection\dataset\Grupo_3\E_3_0\Iritech\E_3_0_1\E_3_0_1_R_5\via_region_data.json
E_3_0_1_R_M_N_N_1987_44_2017.bmp308278,Non-Alcohol,C:\PycharmProjects\Alcohol Detection\dataset\Grupo_3\E_3_0\Iritech\E_3_0_1\E_3_0_1_R_5\via_region_data.json
E_3_0_1_R_M_N_N_1987_45_2017.bmp308278,Non-Alcohol,C:\PycharmProjects\Alcohol Detection\dataset\Grupo_3\E_3_0\Iritech\E_3_0_1\E_3_0_1_R_5\via_region_data.json
E_3_0_1_R_M_N_N_1987_46_2017.bmp308278,Non-Alcohol,C:\PycharmProjects\Alcohol Detection\dataset\Grupo_3\E_3_0\Iritech\E_3_0_1\E_3_0_1_R_5\via_region_data.json
E_3_0_1_R_M_N_N_1987_47_2017.bmp308278,Non-Alcohol,C:\PycharmProjects\Alcohol Detection\dataset\Grupo_3\E_3_0\Iritech\E_3_0_1\E_3_0_1_R_5\via_region_data.json
E_3_0_1_R_M_N_N_1987_48_2017.bmp308278,Non-Alcohol,C:\PycharmProjects\Alcohol Detection\dataset\Grupo_3\E_3_0\Iritech\E_3_0_1\E_3_0_1_R_5\via_region_data.json
E_3_0_1_R_M_N_N_1987_49_2017.bmp308278,Non-Alcohol,C:\PycharmProjects\Alcohol Detection\dataset\Grupo_3\E_3_0\Iritech\E_3_0_1\E_3_0_1_R_5\via_region_data.json
E_3_0_1_R_M_N_N_1987_50_2017.bmp308278,Non-Alcohol,C:\PycharmProjects\Alcohol Detection\dataset\Grupo_3\E_3_0\Iritech\E_3_0_1\E_3_0_1_R_5\via_region_data.json
E_3_0_1_R_M_N_N_1987_51_2017.bmp308278,Non-Alcohol,C:\PycharmProjects\Alcohol Detection\dataset\Grupo_3\E_3_0\Iritech\E_3_0_1\E_3_0_1_R_5\via_region_data.json
E_3_0_1_R_M_N_N_1987_52_2017.bmp308278,Non-Alcohol,C:\PycharmProjects\Alcohol Detection\dataset\Grupo_3\E_3_0\Iritech\E_3_0_1\E_3_0_1_R_5\via_region_data.json
E_3_0_1_R_M_N_N_1987_53_2017.bmp308278,Non-Alcohol,C:\PycharmProjects\Alcohol Detection\dataset\Grupo_3\E_3_0\Iritech\E_3_0_1\E_3_0_1_R_5\via_region_data.json
E_3_0_1_R_M_N_N_1987_54_2017.bmp308278,Non-Alcohol,C:\PycharmProjects\Alcohol Detection\dataset\Grupo_3\E_3_0\Iritech\E_3_0_1\E_3_0_1_R_5\via_region_data.json
E_3_0_1_R_M_N_N_1987_55_2017.bmp308278,Non-Alcohol,C:\PycharmProjects\Alcohol Detection\dataset\Grupo_3\E_3_0\Iritech\E_3_0_1\E_3_0_1_R_5\via_region_data.json
E_3_0_1_R_M_N_N_1987_56_2017.bmp308278,Non-Alcohol,C:\PycharmProjects\Alcohol Detection\dataset\Grupo_3\E_3_0\Iritech\E_3_0_1\E_3_0_1_R_5\via_region_data.json
E_3_0_1_R_M_N_N_1987_57_2017.bmp308278,Non-Alcohol,C:\PycharmProjects\Alcohol Detection\dataset\Grupo_3\E_3_0\Iritech\E_3_0_1\E_3_0_1_R_5\via_region_data.json
E_3_0_1_R_M_N_N_1987_58_2017.bmp308278,Non-Alcohol,C:\PycharmProjects\Alcohol Detection\dataset\Grupo_3\E_3_0\Iritech\E_3_0_1\E_3_0_1_R_5\via_region_data.json
E_3_0_1_R_M_N_N_1987_59_2017.bmp308278,Non-Alcohol,C:\PycharmProjects\Alcohol Detection\dataset\Grupo_3\E_3_0\Iritech\E_3_0_1\E_3_0_1_R_5\via_region_data.json
E_3_0_1_R_M_N_N_1987_60_2017.bmp308278,Non-Alcohol,C:\PycharmProjects\Alcohol Detection\dataset\Grupo_3\E_3_0\Iritech\E_3_0_1\E_3_0_1_R_5\via_region_data.json
E_3_0_1_R_M_N_N_1987_61_2017.bmp308278,Non-Alcohol,C:\PycharmProjects\Alcohol Detection\dataset\Grupo_3\E_3_0\Iritech\E_3_0_1\E_3_0_1_R_5\via_region_data.json
E_3_0_1_R_M_N_N_1987_62_2017.bmp308278,Non-Alcohol,C:\PycharmProjects\Alcohol Detection\dataset\Grupo_3\E_3_0\Iritech\E_3_0_1\E_3_0_1_R_5\via_region_data.json
E_3_0_1_R_M_N_N_1987_63_2017.bmp308278,Non-Alcohol,C:\PycharmProjects\Alcohol Detection\dataset\Grupo_3\E_3_0\Iritech\E_3_0_1\E_3_0_1_R_5\via_region_data.json
E_3_0_1_R_M_N_N_1987_64_2017.bmp308278,Non-Alcohol,C:\PycharmProjects\Alcohol Detection\dataset\Grupo_3\E_3_0\Iritech\E_3_0_1\E_3_0_1_R_5\via_region_data.json
E_3_0_1_R_M_N_N_1987_65_2017.bmp308278,Non-Alcohol,C:\PycharmProjects\Alcohol Detection\dataset\Grupo_3\E_3_0\Iritech\E_3_0_1\E_3_0_1_R_5\via_region_data.json
E_3_0_1_R_M_N_N_1987_66_2017.bmp308278,Non-Alcohol,C:\PycharmProjects\Alcohol Detection\dataset\Grupo_3\E_3_0\Iritech\E_3_0_1\E_3_0_1_R_5\via_region_data.json
E_3_0_1_R_M_N_N_1987_67_2017.bmp308278,Non-Alcohol,C:\PycharmProjects\Alcohol Detection\dataset\Grupo_3\E_3_0\Iritech\E_3_0_1\E_3_0_1_R_5\via_region_data.json
E_3_0_1_R_M_N_N_1987_68_2017.bmp308278,Non-Alcohol,C:\PycharmProjects\Alcohol Detection\dataset\Grupo_3\E_3_0\Iritech\E_3_0_1\E_3_0_1_R_5\via_region_data.json
E_3_0_1_R_M_N_N_1987_69_2017.bmp308278,Non-Alcohol,C:\PycharmProjects\Alcohol Detection\dataset\Grupo_3\E_3_0\Iritech\E_3_0_1\E_3_0_1_R_5\via_region_data.json
E_3_0_1_R_M_N_N_1987_70_2017.bmp308278,Non-Alcohol,C:\PycharmProjects\Alcohol Detection\dataset\Grupo_3\E_3_0\Iritech\E_3_0_1\E_3_0_1_R_5\via_region_data.json
E_3_0_1_R_M_N_N_1987_71_2017.bmp308278,Non-Alcohol,C:\PycharmProjects\Alcohol Detection\dataset\Grupo_3\E_3_0\Iritech\E_3_0_1\E_3_0_1_R_5\via_region_data.json
E_3_0_1_R_M_N_N_1987_72_2017.bmp308278,Non-Alcohol,C:\PycharmProjects\Alcohol Detection\dataset\Grupo_3\E_3_0\Iritech\E_3_0_1\E_3_0_1_R_5\via_region_data.json
E_3_0_1_R_M_N_N_1987_73_2017.bmp308278,Non-Alcohol,C:\PycharmProjects\Alcohol Detection\dataset\Grupo_3\E_3_0\Iritech\E_3_0_1\E_3_0_1_R_5\via_region_data.json
E_3_0_1_R_M_N_N_1987_74_2017.bmp308278,Non-Alcohol,C:\PycharmProjects\Alcohol Detection\dataset\Grupo_3\E_3_0\Iritech\E_3_0_1\E_3_0_1_R_5\via_region_data.json
E_3_0_1_R_M_N_N_1987_75_2017.bmp308278,Non-Alcohol,C:\PycharmProjects\Alcohol Detection\dataset\Grupo_3\E_3_0\Iritech\E_3_0_1\E_3_0_1_R_5\via_region_data.json
E_3_0_1_R_M_N_N_1987_76_2017.bmp308278,Non-Alcohol,C:\PycharmProjects\Alcohol Detection\dataset\Grupo_3\E_3_0\Iritech\E_3_0_1\E_3_0_1_R_5\via_region_data.json
E_3_0_1_R_M_N_N_1987_77_2017.bmp308278,Non-Alcohol,C:\PycharmProjects\Alcohol Detection\dataset\Grupo_3\E_3_0\Iritech\E_3_0_1\E_3_0_1_R_5\via_region_data.json
E_3_0_1_R_M_N_N_1987_78_2017.bmp308278,Non-Alcohol,C:\PycharmProjects\Alcohol Detection\dataset\Grupo_3\E_3_0\Iritech\E_3_0_1\E_3_0_1_R_5\via_region_data.json
E_3_0_1_R_M_N_N_1987_79_2017.bmp308278,Non-Alcohol,C:\PycharmProjects\Alcohol Detection\dataset\Grupo_3\E_3_0\Iritech\E_3_0_1\E_3_0_1_R_5\via_region_data.json
E_3_0_2_L_M_N_N_1987_0_2017.bmp308278,Non-Alcohol,C:\PycharmProjects\Alcohol Detection\dataset\Grupo_3\E_3_0\Iritech\E_3_0_2\via_region_data.json
E_3_0_2_R_M_N_N_1987_0_2017.bmp308278,Non-Alcohol,C:\PycharmProjects\Alcohol Detection\dataset\Grupo_3\E_3_0\Iritech\E_3_0_2\via_region_data.json
E_3_0_2_L_M_N_N_1987_0_2017.bmp308278,Non-Alcohol,C:\PycharmProjects\Alcohol Detection\dataset\Grupo_3\E_3_0\Iritech\E_3_0_2\E_3_0_2_L_5\via_region_data.json
E_3_0_2_L_M_N_N_1987_1_2017.bmp308278,Non-Alcohol,C:\PycharmProjects\Alcohol Detection\dataset\Grupo_3\E_3_0\Iritech\E_3_0_2\E_3_0_2_L_5\via_region_data.json
E_3_0_2_L_M_N_N_1987_2_2017.bmp308278,Non-Alcohol,C:\PycharmProjects\Alcohol Detection\dataset\Grupo_3\E_3_0\Iritech\E_3_0_2\E_3_0_2_L_5\via_region_data.json
E_3_0_2_L_M_N_N_1987_3_2017.bmp308278,Non-Alcohol,C:\PycharmProjects\Alcohol Detection\dataset\Grupo_3\E_3_0\Iritech\E_3_0_2\E_3_0_2_L_5\via_region_data.json
E_3_0_2_L_M_N_N_1987_4_2017.bmp308278,Non-Alcohol,C:\PycharmProjects\Alcohol Detection\dataset\Grupo_3\E_3_0\Iritech\E_3_0_2\E_3_0_2_L_5\via_region_data.json
E_3_0_2_L_M_N_N_1987_5_2017.bmp308278,Non-Alcohol,C:\PycharmProjects\Alcohol Detection\dataset\Grupo_3\E_3_0\Iritech\E_3_0_2\E_3_0_2_L_5\via_region_data.json
E_3_0_2_L_M_N_N_1987_6_2017.bmp308278,Non-Alcohol,C:\PycharmProjects\Alcohol Detection\dataset\Grupo_3\E_3_0\Iritech\E_3_0_2\E_3_0_2_L_5\via_region_data.json
E_3_0_2_L_M_N_N_1987_7_2017.bmp308278,Non-Alcohol,C:\PycharmProjects\Alcohol Detection\dataset\Grupo_3\E_3_0\Iritech\E_3_0_2\E_3_0_2_L_5\via_region_data.json
E_3_0_2_L_M_N_N_1987_8_2017.bmp308278,Non-Alcohol,C:\PycharmProjects\Alcohol Detection\dataset\Grupo_3\E_3_0\Iritech\E_3_0_2\E_3_0_2_L_5\via_region_data.json
E_3_0_2_L_M_N_N_1987_9_2017.bmp308278,Non-Alcohol,C:\PycharmProjects\Alcohol Detection\dataset\Grupo_3\E_3_0\Iritech\E_3_0_2\E_3_0_2_L_5\via_region_data.json
E_3_0_2_L_M_N_N_1987_10_2017.bmp308278,Non-Alcohol,C:\PycharmProjects\Alcohol Detection\dataset\Grupo_3\E_3_0\Iritech\E_3_0_2\E_3_0_2_L_5\via_region_data.json
E_3_0_2_L_M_N_N_1987_11_2017.bmp308278,Non-Alcohol,C:\PycharmProjects\Alcohol Detection\dataset\Grupo_3\E_3_0\Iritech\E_3_0_2\E_3_0_2_L_5\via_region_data.json
E_3_0_2_L_M_N_N_1987_12_2017.bmp308278,Non-Alcohol,C:\PycharmProjects\Alcohol Detection\dataset\Grupo_3\E_3_0\Iritech\E_3_0_2\E_3_0_2_L_5\via_region_data.json
E_3_0_2_L_M_N_N_1987_13_2017.bmp308278,Non-Alcohol,C:\PycharmProjects\Alcohol Detection\dataset\Grupo_3\E_3_0\Iritech\E_3_0_2\E_3_0_2_L_5\via_region_data.json
E_3_0_2_L_M_N_N_1987_14_2017.bmp308278,Non-Alcohol,C:\PycharmProjects\Alcohol Detection\dataset\Grupo_3\E_3_0\Iritech\E_3_0_2\E_3_0_2_L_5\via_region_data.json
E_3_0_2_L_M_N_N_1987_15_2017.bmp308278,Non-Alcohol,C:\PycharmProjects\Alcohol Detection\dataset\Grupo_3\E_3_0\Iritech\E_3_0_2\E_3_0_2_L_5\via_region_data.json
E_3_0_2_L_M_N_N_1987_16_2017.bmp308278,Non-Alcohol,C:\PycharmProjects\Alcohol Detection\dataset\Grupo_3\E_3_0\Iritech\E_3_0_2\E_3_0_2_L_5\via_region_data.json
E_3_0_2_L_M_N_N_1987_17_2017.bmp308278,Non-Alcohol,C:\PycharmProjects\Alcohol Detection\dataset\Grupo_3\E_3_0\Iritech\E_3_0_2\E_3_0_2_L_5\via_region_data.json
E_3_0_2_L_M_N_N_1987_18_2017.bmp308278,Non-Alcohol,C:\PycharmProjects\Alcohol Detection\dataset\Grupo_3\E_3_0\Iritech\E_3_0_2\E_3_0_2_L_5\via_region_data.json
E_3_0_2_L_M_N_N_1987_19_2017.bmp308278,Non-Alcohol,C:\PycharmProjects\Alcohol Detection\dataset\Grupo_3\E_3_0\Iritech\E_3_0_2\E_3_0_2_L_5\via_region_data.json
E_3_0_2_L_M_N_N_1987_20_2017.bmp308278,Non-Alcohol,C:\PycharmProjects\Alcohol Detection\dataset\Grupo_3\E_3_0\Iritech\E_3_0_2\E_3_0_2_L_5\via_region_data.json
E_3_0_2_L_M_N_N_1987_21_2017.bmp308278,Non-Alcohol,C:\PycharmProjects\Alcohol Detection\dataset\Grupo_3\E_3_0\Iritech\E_3_0_2\E_3_0_2_L_5\via_region_data.json
E_3_0_2_L_M_N_N_1987_22_2017.bmp308278,Non-Alcohol,C:\PycharmProjects\Alcohol Detection\dataset\Grupo_3\E_3_0\Iritech\E_3_0_2\E_3_0_2_L_5\via_region_data.json
E_3_0_2_L_M_N_N_1987_23_2017.bmp308278,Non-Alcohol,C:\PycharmProjects\Alcohol Detection\dataset\Grupo_3\E_3_0\Iritech\E_3_0_2\E_3_0_2_L_5\via_region_data.json
E_3_0_2_L_M_N_N_1987_24_2017.bmp308278,Non-Alcohol,C:\PycharmProjects\Alcohol Detection\dataset\Grupo_3\E_3_0\Iritech\E_3_0_2\E_3_0_2_L_5\via_region_data.json
E_3_0_2_L_M_N_N_1987_25_2017.bmp308278,Non-Alcohol,C:\PycharmProjects\Alcohol Detection\dataset\Grupo_3\E_3_0\Iritech\E_3_0_2\E_3_0_2_L_5\via_region_data.json
E_3_0_2_L_M_N_N_1987_26_2017.bmp308278,Non-Alcohol,C:\PycharmProjects\Alcohol Detection\dataset\Grupo_3\E_3_0\Iritech\E_3_0_2\E_3_0_2_L_5\via_region_data.json
E_3_0_2_L_M_N_N_1987_27_2017.bmp308278,Non-Alcohol,C:\PycharmProjects\Alcohol Detection\dataset\Grupo_3\E_3_0\Iritech\E_3_0_2\E_3_0_2_L_5\via_region_data.json
E_3_0_2_L_M_N_N_1987_28_2017.bmp308278,Non-Alcohol,C:\PycharmProjects\Alcohol Detection\dataset\Grupo_3\E_3_0\Iritech\E_3_0_2\E_3_0_2_L_5\via_region_data.json
E_3_0_2_L_M_N_N_1987_29_2017.bmp308278,Non-Alcohol,C:\PycharmProjects\Alcohol Detection\dataset\Grupo_3\E_3_0\Iritech\E_3_0_2\E_3_0_2_L_5\via_region_data.json
E_3_0_2_L_M_N_N_1987_30_2017.bmp308278,Non-Alcohol,C:\PycharmProjects\Alcohol Detection\dataset\Grupo_3\E_3_0\Iritech\E_3_0_2\E_3_0_2_L_5\via_region_data.json
E_3_0_2_L_M_N_N_1987_31_2017.bmp308278,Non-Alcohol,C:\PycharmProjects\Alcohol Detection\dataset\Grupo_3\E_3_0\Iritech\E_3_0_2\E_3_0_2_L_5\via_region_data.json
E_3_0_2_L_M_N_N_1987_32_2017.bmp308278,Non-Alcohol,C:\PycharmProjects\Alcohol Detection\dataset\Grupo_3\E_3_0\Iritech\E_3_0_2\E_3_0_2_L_5\via_region_data.json
E_3_0_2_L_M_N_N_1987_33_2017.bmp308278,Non-Alcohol,C:\PycharmProjects\Alcohol Detection\dataset\Grupo_3\E_3_0\Iritech\E_3_0_2\E_3_0_2_L_5\via_region_data.json
E_3_0_2_L_M_N_N_1987_34_2017.bmp308278,Non-Alcohol,C:\PycharmProjects\Alcohol Detection\dataset\Grupo_3\E_3_0\Iritech\E_3_0_2\E_3_0_2_L_5\via_region_data.json
E_3_0_2_L_M_N_N_1987_35_2017.bmp308278,Non-Alcohol,C:\PycharmProjects\Alcohol Detection\dataset\Grupo_3\E_3_0\Iritech\E_3_0_2\E_3_0_2_L_5\via_region_data.json
E_3_0_2_L_M_N_N_1987_36_2017.bmp308278,Non-Alcohol,C:\PycharmProjects\Alcohol Detection\dataset\Grupo_3\E_3_0\Iritech\E_3_0_2\E_3_0_2_L_5\via_region_data.json
E_3_0_2_L_M_N_N_1987_37_2017.bmp308278,Non-Alcohol,C:\PycharmProjects\Alcohol Detection\dataset\Grupo_3\E_3_0\Iritech\E_3_0_2\E_3_0_2_L_5\via_region_data.json
E_3_0_2_L_M_N_N_1987_38_2017.bmp308278,Non-Alcohol,C:\PycharmProjects\Alcohol Detection\dataset\Grupo_3\E_3_0\Iritech\E_3_0_2\E_3_0_2_L_5\via_region_data.json
E_3_0_2_L_M_N_N_1987_39_2017.bmp308278,Non-Alcohol,C:\PycharmProjects\Alcohol Detection\dataset\Grupo_3\E_3_0\Iritech\E_3_0_2\E_3_0_2_L_5\via_region_data.json
E_3_0_2_L_M_N_N_1987_40_2017.bmp308278,Non-Alcohol,C:\PycharmProjects\Alcohol Detection\dataset\Grupo_3\E_3_0\Iritech\E_3_0_2\E_3_0_2_L_5\via_region_data.json
E_3_0_2_L_M_N_N_1987_41_2017.bmp308278,Non-Alcohol,C:\PycharmProjects\Alcohol Detection\dataset\Grupo_3\E_3_0\Iritech\E_3_0_2\E_3_0_2_L_5\via_region_data.json
E_3_0_2_L_M_N_N_1987_42_2017.bmp308278,Non-Alcohol,C:\PycharmProjects\Alcohol Detection\dataset\Grupo_3\E_3_0\Iritech\E_3_0_2\E_3_0_2_L_5\via_region_data.json
E_3_0_2_L_M_N_N_1987_43_2017.bmp308278,Non-Alcohol,C:\PycharmProjects\Alcohol Detection\dataset\Grupo_3\E_3_0\Iritech\E_3_0_2\E_3_0_2_L_5\via_region_data.json
E_3_0_2_L_M_N_N_1987_44_2017.bmp308278,Non-Alcohol,C:\PycharmProjects\Alcohol Detection\dataset\Grupo_3\E_3_0\Iritech\E_3_0_2\E_3_0_2_L_5\via_region_data.json
E_3_0_2_L_M_N_N_1987_45_2017.bmp308278,Non-Alcohol,C:\PycharmProjects\Alcohol Detection\dataset\Grupo_3\E_3_0\Iritech\E_3_0_2\E_3_0_2_L_5\via_region_data.json
E_3_0_2_L_M_N_N_1987_46_2017.bmp308278,Non-Alcohol,C:\PycharmProjects\Alcohol Detection\dataset\Grupo_3\E_3_0\Iritech\E_3_0_2\E_3_0_2_L_5\via_region_data.json
E_3_0_2_L_M_N_N_1987_47_2017.bmp308278,Non-Alcohol,C:\PycharmProjects\Alcohol Detection\dataset\Grupo_3\E_3_0\Iritech\E_3_0_2\E_3_0_2_L_5\via_region_data.json
E_3_0_2_L_M_N_N_1987_48_2017.bmp308278,Non-Alcohol,C:\PycharmProjects\Alcohol Detection\dataset\Grupo_3\E_3_0\Iritech\E_3_0_2\E_3_0_2_L_5\via_region_data.json
E_3_0_2_L_M_N_N_1987_49_2017.bmp308278,Non-Alcohol,C:\PycharmProjects\Alcohol Detection\dataset\Grupo_3\E_3_0\Iritech\E_3_0_2\E_3_0_2_L_5\via_region_data.json
E_3_0_2_L_M_N_N_1987_50_2017.bmp308278,Non-Alcohol,C:\PycharmProjects\Alcohol Detection\dataset\Grupo_3\E_3_0\Iritech\E_3_0_2\E_3_0_2_L_5\via_region_data.json
E_3_0_2_L_M_N_N_1987_51_2017.bmp308278,Non-Alcohol,C:\PycharmProjects\Alcohol Detection\dataset\Grupo_3\E_3_0\Iritech\E_3_0_2\E_3_0_2_L_5\via_region_data.json
E_3_0_2_L_M_N_N_1987_52_2017.bmp308278,Non-Alcohol,C:\PycharmProjects\Alcohol Detection\dataset\Grupo_3\E_3_0\Iritech\E_3_0_2\E_3_0_2_L_5\via_region_data.json
E_3_0_2_L_M_N_N_1987_53_2017.bmp308278,Non-Alcohol,C:\PycharmProjects\Alcohol Detection\dataset\Grupo_3\E_3_0\Iritech\E_3_0_2\E_3_0_2_L_5\via_region_data.json
E_3_0_2_L_M_N_N_1987_54_2017.bmp308278,Non-Alcohol,C:\PycharmProjects\Alcohol Detection\dataset\Grupo_3\E_3_0\Iritech\E_3_0_2\E_3_0_2_L_5\via_region_data.json
E_3_0_2_L_M_N_N_1987_55_2017.bmp308278,Non-Alcohol,C:\PycharmProjects\Alcohol Detection\dataset\Grupo_3\E_3_0\Iritech\E_3_0_2\E_3_0_2_L_5\via_region_data.json
E_3_0_2_L_M_N_N_1987_56_2017.bmp308278,Non-Alcohol,C:\PycharmProjects\Alcohol Detection\dataset\Grupo_3\E_3_0\Iritech\E_3_0_2\E_3_0_2_L_5\via_region_data.json
E_3_0_2_L_M_N_N_1987_57_2017.bmp308278,Non-Alcohol,C:\PycharmProjects\Alcohol Detection\dataset\Grupo_3\E_3_0\Iritech\E_3_0_2\E_3_0_2_L_5\via_region_data.json
E_3_0_2_L_M_N_N_1987_58_2017.bmp308278,Non-Alcohol,C:\PycharmProjects\Alcohol Detection\dataset\Grupo_3\E_3_0\Iritech\E_3_0_2\E_3_0_2_L_5\via_region_data.json
E_3_0_2_L_M_N_N_1987_59_2017.bmp308278,Non-Alcohol,C:\PycharmProjects\Alcohol Detection\dataset\Grupo_3\E_3_0\Iritech\E_3_0_2\E_3_0_2_L_5\via_region_data.json
E_3_0_2_L_M_N_N_1987_60_2017.bmp308278,Non-Alcohol,C:\PycharmProjects\Alcohol Detection\dataset\Grupo_3\E_3_0\Iritech\E_3_0_2\E_3_0_2_L_5\via_region_data.json
E_3_0_2_L_M_N_N_1987_61_2017.bmp308278,Non-Alcohol,C:\PycharmProjects\Alcohol Detection\dataset\Grupo_3\E_3_0\Iritech\E_3_0_2\E_3_0_2_L_5\via_region_data.json
E_3_0_2_L_M_N_N_1987_62_2017.bmp308278,Non-Alcohol,C:\PycharmProjects\Alcohol Detection\dataset\Grupo_3\E_3_0\Iritech\E_3_0_2\E_3_0_2_L_5\via_region_data.json
E_3_0_2_L_M_N_N_1987_63_2017.bmp308278,Non-Alcohol,C:\PycharmProjects\Alcohol Detection\dataset\Grupo_3\E_3_0\Iritech\E_3_0_2\E_3_0_2_L_5\via_region_data.json
E_3_0_2_L_M_N_N_1987_64_2017.bmp308278,Non-Alcohol,C:\PycharmProjects\Alcohol Detection\dataset\Grupo_3\E_3_0\Iritech\E_3_0_2\E_3_0_2_L_5\via_region_data.json
E_3_0_2_L_M_N_N_1987_65_2017.bmp308278,Non-Alcohol,C:\PycharmProjects\Alcohol Detection\dataset\Grupo_3\E_3_0\Iritech\E_3_0_2\E_3_0_2_L_5\via_region_data.json
E_3_0_2_L_M_N_N_1987_66_2017.bmp308278,Non-Alcohol,C:\PycharmProjects\Alcohol Detection\dataset\Grupo_3\E_3_0\Iritech\E_3_0_2\E_3_0_2_L_5\via_region_data.json
E_3_0_2_L_M_N_N_1987_67_2017.bmp308278,Non-Alcohol,C:\PycharmProjects\Alcohol Detection\dataset\Grupo_3\E_3_0\Iritech\E_3_0_2\E_3_0_2_L_5\via_region_data.json
E_3_0_2_L_M_N_N_1987_68_2017.bmp308278,Non-Alcohol,C:\PycharmProjects\Alcohol Detection\dataset\Grupo_3\E_3_0\Iritech\E_3_0_2\E_3_0_2_L_5\via_region_data.json
E_3_0_2_L_M_N_N_1987_69_2017.bmp308278,Non-Alcohol,C:\PycharmProjects\Alcohol Detection\dataset\Grupo_3\E_3_0\Iritech\E_3_0_2\E_3_0_2_L_5\via_region_data.json
E_3_0_2_L_M_N_N_1987_70_2017.bmp308278,Non-Alcohol,C:\PycharmProjects\Alcohol Detection\dataset\Grupo_3\E_3_0\Iritech\E_3_0_2\E_3_0_2_L_5\via_region_data.json
E_3_0_2_L_M_N_N_1987_71_2017.bmp308278,Non-Alcohol,C:\PycharmProjects\Alcohol Detection\dataset\Grupo_3\E_3_0\Iritech\E_3_0_2\E_3_0_2_L_5\via_region_data.json
E_3_0_2_L_M_N_N_1987_72_2017.bmp308278,Non-Alcohol,C:\PycharmProjects\Alcohol Detection\dataset\Grupo_3\E_3_0\Iritech\E_3_0_2\E_3_0_2_L_5\via_region_data.json
E_3_0_2_L_M_N_N_1987_73_2017.bmp308278,Non-Alcohol,C:\PycharmProjects\Alcohol Detection\dataset\Grupo_3\E_3_0\Iritech\E_3_0_2\E_3_0_2_L_5\via_region_data.json
E_3_0_2_L_M_N_N_1987_74_2017.bmp308278,Non-Alcohol,C:\PycharmProjects\Alcohol Detection\dataset\Grupo_3\E_3_0\Iritech\E_3_0_2\E_3_0_2_L_5\via_region_data.json
E_3_0_2_L_M_N_N_1987_75_2017.bmp308278,Non-Alcohol,C:\PycharmProjects\Alcohol Detection\dataset\Grupo_3\E_3_0\Iritech\E_3_0_2\E_3_0_2_L_5\via_region_data.json
E_3_0_2_L_M_N_N_1987_76_2017.bmp308278,Non-Alcohol,C:\PycharmProjects\Alcohol Detection\dataset\Grupo_3\E_3_0\Iritech\E_3_0_2\E_3_0_2_L_5\via_region_data.json
E_3_0_2_L_M_N_N_1987_77_2017.bmp308278,Non-Alcohol,C:\PycharmProjects\Alcohol Detection\dataset\Grupo_3\E_3_0\Iritech\E_3_0_2\E_3_0_2_L_5\via_region_data.json
E_3_0_2_L_M_N_N_1987_78_2017.bmp308278,Non-Alcohol,C:\PycharmProjects\Alcohol Detection\dataset\Grupo_3\E_3_0\Iritech\E_3_0_2\E_3_0_2_L_5\via_region_data.json
E_3_0_2_L_M_N_N_1987_79_2017.bmp308278,Non-Alcohol,C:\PycharmProjects\Alcohol Detection\dataset\Grupo_3\E_3_0\Iritech\E_3_0_2\E_3_0_2_L_5\via_region_data.json
E_3_0_2_L_M_N_N_1987_80_2017.bmp308278,Non-Alcohol,C:\PycharmProjects\Alcohol Detection\dataset\Grupo_3\E_3_0\Iritech\E_3_0_2\E_3_0_2_L_5\via_region_data.json
E_3_0_2_R_M_N_N_1987_0_2017.bmp308278,Non-Alcohol,C:\PycharmProjects\Alcohol Detection\dataset\Grupo_3\E_3_0\Iritech\E_3_0_2\E_3_0_2_R_5\via_region_data.json
E_3_0_2_R_M_N_N_1987_1_2017.bmp308278,Non-Alcohol,C:\PycharmProjects\Alcohol Detection\dataset\Grupo_3\E_3_0\Iritech\E_3_0_2\E_3_0_2_R_5\via_region_data.json
E_3_0_2_R_M_N_N_1987_2_2017.bmp308278,Non-Alcohol,C:\PycharmProjects\Alcohol Detection\dataset\Grupo_3\E_3_0\Iritech\E_3_0_2\E_3_0_2_R_5\via_region_data.json
E_3_0_2_R_M_N_N_1987_3_2017.bmp308278,Non-Alcohol,C:\PycharmProjects\Alcohol Detection\dataset\Grupo_3\E_3_0\Iritech\E_3_0_2\E_3_0_2_R_5\via_region_data.json
E_3_0_2_R_M_N_N_1987_4_2017.bmp308278,Non-Alcohol,C:\PycharmProjects\Alcohol Detection\dataset\Grupo_3\E_3_0\Iritech\E_3_0_2\E_3_0_2_R_5\via_region_data.json
E_3_0_2_R_M_N_N_1987_5_2017.bmp308278,Non-Alcohol,C:\PycharmProjects\Alcohol Detection\dataset\Grupo_3\E_3_0\Iritech\E_3_0_2\E_3_0_2_R_5\via_region_data.json
E_3_0_2_R_M_N_N_1987_6_2017.bmp308278,Non-Alcohol,C:\PycharmProjects\Alcohol Detection\dataset\Grupo_3\E_3_0\Iritech\E_3_0_2\E_3_0_2_R_5\via_region_data.json
E_3_0_2_R_M_N_N_1987_7_2017.bmp308278,Non-Alcohol,C:\PycharmProjects\Alcohol Detection\dataset\Grupo_3\E_3_0\Iritech\E_3_0_2\E_3_0_2_R_5\via_region_data.json
E_3_0_2_R_M_N_N_1987_8_2017.bmp308278,Non-Alcohol,C:\PycharmProjects\Alcohol Detection\dataset\Grupo_3\E_3_0\Iritech\E_3_0_2\E_3_0_2_R_5\via_region_data.json
E_3_0_2_R_M_N_N_1987_9_2017.bmp308278,Non-Alcohol,C:\PycharmProjects\Alcohol Detection\dataset\Grupo_3\E_3_0\Iritech\E_3_0_2\E_3_0_2_R_5\via_region_data.json
E_3_0_2_R_M_N_N_1987_10_2017.bmp308278,Non-Alcohol,C:\PycharmProjects\Alcohol Detection\dataset\Grupo_3\E_3_0\Iritech\E_3_0_2\E_3_0_2_R_5\via_region_data.json
E_3_0_2_R_M_N_N_1987_11_2017.bmp308278,Non-Alcohol,C:\PycharmProjects\Alcohol Detection\dataset\Grupo_3\E_3_0\Iritech\E_3_0_2\E_3_0_2_R_5\via_region_data.json
E_3_0_2_R_M_N_N_1987_12_2017.bmp308278,Non-Alcohol,C:\PycharmProjects\Alcohol Detection\dataset\Grupo_3\E_3_0\Iritech\E_3_0_2\E_3_0_2_R_5\via_region_data.json
E_3_0_2_R_M_N_N_1987_13_2017.bmp308278,Non-Alcohol,C:\PycharmProjects\Alcohol Detection\dataset\Grupo_3\E_3_0\Iritech\E_3_0_2\E_3_0_2_R_5\via_region_data.json
E_3_0_2_R_M_N_N_1987_14_2017.bmp308278,Non-Alcohol,C:\PycharmProjects\Alcohol Detection\dataset\Grupo_3\E_3_0\Iritech\E_3_0_2\E_3_0_2_R_5\via_region_data.json
E_3_0_2_R_M_N_N_1987_15_2017.bmp308278,Non-Alcohol,C:\PycharmProjects\Alcohol Detection\dataset\Grupo_3\E_3_0\Iritech\E_3_0_2\E_3_0_2_R_5\via_region_data.json
E_3_0_2_R_M_N_N_1987_16_2017.bmp308278,Non-Alcohol,C:\PycharmProjects\Alcohol Detection\dataset\Grupo_3\E_3_0\Iritech\E_3_0_2\E_3_0_2_R_5\via_region_data.json
E_3_0_2_R_M_N_N_1987_17_2017.bmp308278,Non-Alcohol,C:\PycharmProjects\Alcohol Detection\dataset\Grupo_3\E_3_0\Iritech\E_3_0_2\E_3_0_2_R_5\via_region_data.json
E_3_0_2_R_M_N_N_1987_18_2017.bmp308278,Non-Alcohol,C:\PycharmProjects\Alcohol Detection\dataset\Grupo_3\E_3_0\Iritech\E_3_0_2\E_3_0_2_R_5\via_region_data.json
E_3_0_2_R_M_N_N_1987_19_2017.bmp308278,Non-Alcohol,C:\PycharmProjects\Alcohol Detection\dataset\Grupo_3\E_3_0\Iritech\E_3_0_2\E_3_0_2_R_5\via_region_data.json
E_3_0_2_R_M_N_N_1987_20_2017.bmp308278,Non-Alcohol,C:\PycharmProjects\Alcohol Detection\dataset\Grupo_3\E_3_0\Iritech\E_3_0_2\E_3_0_2_R_5\via_region_data.json
E_3_0_2_R_M_N_N_1987_21_2017.bmp308278,Non-Alcohol,C:\PycharmProjects\Alcohol Detection\dataset\Grupo_3\E_3_0\Iritech\E_3_0_2\E_3_0_2_R_5\via_region_data.json
E_3_0_2_R_M_N_N_1987_22_2017.bmp308278,Non-Alcohol,C:\PycharmProjects\Alcohol Detection\dataset\Grupo_3\E_3_0\Iritech\E_3_0_2\E_3_0_2_R_5\via_region_data.json
E_3_0_2_R_M_N_N_1987_23_2017.bmp308278,Non-Alcohol,C:\PycharmProjects\Alcohol Detection\dataset\Grupo_3\E_3_0\Iritech\E_3_0_2\E_3_0_2_R_5\via_region_data.json
E_3_0_2_R_M_N_N_1987_24_2017.bmp308278,Non-Alcohol,C:\PycharmProjects\Alcohol Detection\dataset\Grupo_3\E_3_0\Iritech\E_3_0_2\E_3_0_2_R_5\via_region_data.json
E_3_0_2_R_M_N_N_1987_25_2017.bmp308278,Non-Alcohol,C:\PycharmProjects\Alcohol Detection\dataset\Grupo_3\E_3_0\Iritech\E_3_0_2\E_3_0_2_R_5\via_region_data.json
E_3_0_2_R_M_N_N_1987_26_2017.bmp308278,Non-Alcohol,C:\PycharmProjects\Alcohol Detection\dataset\Grupo_3\E_3_0\Iritech\E_3_0_2\E_3_0_2_R_5\via_region_data.json
E_3_0_2_R_M_N_N_1987_27_2017.bmp308278,Non-Alcohol,C:\PycharmProjects\Alcohol Detection\dataset\Grupo_3\E_3_0\Iritech\E_3_0_2\E_3_0_2_R_5\via_region_data.json
E_3_0_2_R_M_N_N_1987_28_2017.bmp308278,Non-Alcohol,C:\PycharmProjects\Alcohol Detection\dataset\Grupo_3\E_3_0\Iritech\E_3_0_2\E_3_0_2_R_5\via_region_data.json
E_3_0_2_R_M_N_N_1987_29_2017.bmp308278,Non-Alcohol,C:\PycharmProjects\Alcohol Detection\dataset\Grupo_3\E_3_0\Iritech\E_3_0_2\E_3_0_2_R_5\via_region_data.json
E_3_0_2_R_M_N_N_1987_30_2017.bmp308278,Non-Alcohol,C:\PycharmProjects\Alcohol Detection\dataset\Grupo_3\E_3_0\Iritech\E_3_0_2\E_3_0_2_R_5\via_region_data.json
E_3_0_2_R_M_N_N_1987_31_2017.bmp308278,Non-Alcohol,C:\PycharmProjects\Alcohol Detection\dataset\Grupo_3\E_3_0\Iritech\E_3_0_2\E_3_0_2_R_5\via_region_data.json
E_3_0_2_R_M_N_N_1987_32_2017.bmp308278,Non-Alcohol,C:\PycharmProjects\Alcohol Detection\dataset\Grupo_3\E_3_0\Iritech\E_3_0_2\E_3_0_2_R_5\via_region_data.json
E_3_0_2_R_M_N_N_1987_33_2017.bmp308278,Non-Alcohol,C:\PycharmProjects\Alcohol Detection\dataset\Grupo_3\E_3_0\Iritech\E_3_0_2\E_3_0_2_R_5\via_region_data.json
E_3_0_2_R_M_N_N_1987_34_2017.bmp308278,Non-Alcohol,C:\PycharmProjects\Alcohol Detection\dataset\Grupo_3\E_3_0\Iritech\E_3_0_2\E_3_0_2_R_5\via_region_data.json
E_3_0_2_R_M_N_N_1987_35_2017.bmp308278,Non-Alcohol,C:\PycharmProjects\Alcohol Detection\dataset\Grupo_3\E_3_0\Iritech\E_3_0_2\E_3_0_2_R_5\via_region_data.json
E_3_0_2_R_M_N_N_1987_36_2017.bmp308278,Non-Alcohol,C:\PycharmProjects\Alcohol Detection\dataset\Grupo_3\E_3_0\Iritech\E_3_0_2\E_3_0_2_R_5\via_region_data.json
E_3_0_2_R_M_N_N_1987_37_2017.bmp308278,Non-Alcohol,C:\PycharmProjects\Alcohol Detection\dataset\Grupo_3\E_3_0\Iritech\E_3_0_2\E_3_0_2_R_5\via_region_data.json
E_3_0_2_R_M_N_N_1987_38_2017.bmp308278,Non-Alcohol,C:\PycharmProjects\Alcohol Detection\dataset\Grupo_3\E_3_0\Iritech\E_3_0_2\E_3_0_2_R_5\via_region_data.json
E_3_0_2_R_M_N_N_1987_39_2017.bmp308278,Non-Alcohol,C:\PycharmProjects\Alcohol Detection\dataset\Grupo_3\E_3_0\Iritech\E_3_0_2\E_3_0_2_R_5\via_region_data.json
E_3_0_2_R_M_N_N_1987_40_2017.bmp308278,Non-Alcohol,C:\PycharmProjects\Alcohol Detection\dataset\Grupo_3\E_3_0\Iritech\E_3_0_2\E_3_0_2_R_5\via_region_data.json
E_3_0_2_R_M_N_N_1987_41_2017.bmp308278,Non-Alcohol,C:\PycharmProjects\Alcohol Detection\dataset\Grupo_3\E_3_0\Iritech\E_3_0_2\E_3_0_2_R_5\via_region_data.json
E_3_0_2_R_M_N_N_1987_42_2017.bmp308278,Non-Alcohol,C:\PycharmProjects\Alcohol Detection\dataset\Grupo_3\E_3_0\Iritech\E_3_0_2\E_3_0_2_R_5\via_region_data.json
E_3_0_2_R_M_N_N_1987_43_2017.bmp308278,Non-Alcohol,C:\PycharmProjects\Alcohol Detection\dataset\Grupo_3\E_3_0\Iritech\E_3_0_2\E_3_0_2_R_5\via_region_data.json
E_3_0_2_R_M_N_N_1987_44_2017.bmp308278,Non-Alcohol,C:\PycharmProjects\Alcohol Detection\dataset\Grupo_3\E_3_0\Iritech\E_3_0_2\E_3_0_2_R_5\via_region_data.json
E_3_0_2_R_M_N_N_1987_45_2017.bmp308278,Non-Alcohol,C:\PycharmProjects\Alcohol Detection\dataset\Grupo_3\E_3_0\Iritech\E_3_0_2\E_3_0_2_R_5\via_region_data.json
E_3_0_2_R_M_N_N_1987_46_2017.bmp308278,Non-Alcohol,C:\PycharmProjects\Alcohol Detection\dataset\Grupo_3\E_3_0\Iritech\E_3_0_2\E_3_0_2_R_5\via_region_data.json
E_3_0_2_R_M_N_N_1987_47_2017.bmp308278,Non-Alcohol,C:\PycharmProjects\Alcohol Detection\dataset\Grupo_3\E_3_0\Iritech\E_3_0_2\E_3_0_2_R_5\via_region_data.json
E_3_0_2_R_M_N_N_1987_48_2017.bmp308278,Non-Alcohol,C:\PycharmProjects\Alcohol Detection\dataset\Grupo_3\E_3_0\Iritech\E_3_0_2\E_3_0_2_R_5\via_region_data.json
E_3_0_2_R_M_N_N_1987_49_2017.bmp308278,Non-Alcohol,C:\PycharmProjects\Alcohol Detection\dataset\Grupo_3\E_3_0\Iritech\E_3_0_2\E_3_0_2_R_5\via_region_data.json
E_3_0_2_R_M_N_N_1987_50_2017.bmp308278,Non-Alcohol,C:\PycharmProjects\Alcohol Detection\dataset\Grupo_3\E_3_0\Iritech\E_3_0_2\E_3_0_2_R_5\via_region_data.json
E_3_0_2_R_M_N_N_1987_51_2017.bmp308278,Non-Alcohol,C:\PycharmProjects\Alcohol Detection\dataset\Grupo_3\E_3_0\Iritech\E_3_0_2\E_3_0_2_R_5\via_region_data.json
E_3_0_2_R_M_N_N_1987_52_2017.bmp308278,Non-Alcohol,C:\PycharmProjects\Alcohol Detection\dataset\Grupo_3\E_3_0\Iritech\E_3_0_2\E_3_0_2_R_5\via_region_data.json
E_3_0_2_R_M_N_N_1987_53_2017.bmp308278,Non-Alcohol,C:\PycharmProjects\Alcohol Detection\dataset\Grupo_3\E_3_0\Iritech\E_3_0_2\E_3_0_2_R_5\via_region_data.json
E_3_0_2_R_M_N_N_1987_54_2017.bmp308278,Non-Alcohol,C:\PycharmProjects\Alcohol Detection\dataset\Grupo_3\E_3_0\Iritech\E_3_0_2\E_3_0_2_R_5\via_region_data.json
E_3_0_2_R_M_N_N_1987_55_2017.bmp308278,Non-Alcohol,C:\PycharmProjects\Alcohol Detection\dataset\Grupo_3\E_3_0\Iritech\E_3_0_2\E_3_0_2_R_5\via_region_data.json
E_3_0_2_R_M_N_N_1987_56_2017.bmp308278,Non-Alcohol,C:\PycharmProjects\Alcohol Detection\dataset\Grupo_3\E_3_0\Iritech\E_3_0_2\E_3_0_2_R_5\via_region_data.json
E_3_0_2_R_M_N_N_1987_57_2017.bmp308278,Non-Alcohol,C:\PycharmProjects\Alcohol Detection\dataset\Grupo_3\E_3_0\Iritech\E_3_0_2\E_3_0_2_R_5\via_region_data.json
E_3_0_2_R_M_N_N_1987_58_2017.bmp308278,Non-Alcohol,C:\PycharmProjects\Alcohol Detection\dataset\Grupo_3\E_3_0\Iritech\E_3_0_2\E_3_0_2_R_5\via_region_data.json
E_3_0_2_R_M_N_N_1987_59_2017.bmp308278,Non-Alcohol,C:\PycharmProjects\Alcohol Detection\dataset\Grupo_3\E_3_0\Iritech\E_3_0_2\E_3_0_2_R_5\via_region_data.json
E_3_0_2_R_M_N_N_1987_60_2017.bmp308278,Non-Alcohol,C:\PycharmProjects\Alcohol Detection\dataset\Grupo_3\E_3_0\Iritech\E_3_0_2\E_3_0_2_R_5\via_region_data.json
E_3_0_2_R_M_N_N_1987_61_2017.bmp308278,Non-Alcohol,C:\PycharmProjects\Alcohol Detection\dataset\Grupo_3\E_3_0\Iritech\E_3_0_2\E_3_0_2_R_5\via_region_data.json
E_3_0_2_R_M_N_N_1987_62_2017.bmp308278,Non-Alcohol,C:\PycharmProjects\Alcohol Detection\dataset\Grupo_3\E_3_0\Iritech\E_3_0_2\E_3_0_2_R_5\via_region_data.json
E_3_0_2_R_M_N_N_1987_63_2017.bmp308278,Non-Alcohol,C:\PycharmProjects\Alcohol Detection\dataset\Grupo_3\E_3_0\Iritech\E_3_0_2\E_3_0_2_R_5\via_region_data.json
E_3_0_2_R_M_N_N_1987_64_2017.bmp308278,Non-Alcohol,C:\PycharmProjects\Alcohol Detection\dataset\Grupo_3\E_3_0\Iritech\E_3_0_2\E_3_0_2_R_5\via_region_data.json
E_3_0_2_R_M_N_N_1987_65_2017.bmp308278,Non-Alcohol,C:\PycharmProjects\Alcohol Detection\dataset\Grupo_3\E_3_0\Iritech\E_3_0_2\E_3_0_2_R_5\via_region_data.json
E_3_0_2_R_M_N_N_1987_66_2017.bmp308278,Non-Alcohol,C:\PycharmProjects\Alcohol Detection\dataset\Grupo_3\E_3_0\Iritech\E_3_0_2\E_3_0_2_R_5\via_region_data.json
E_3_0_2_R_M_N_N_1987_67_2017.bmp308278,Non-Alcohol,C:\PycharmProjects\Alcohol Detection\dataset\Grupo_3\E_3_0\Iritech\E_3_0_2\E_3_0_2_R_5\via_region_data.json
E_3_0_2_R_M_N_N_1987_68_2017.bmp308278,Non-Alcohol,C:\PycharmProjects\Alcohol Detection\dataset\Grupo_3\E_3_0\Iritech\E_3_0_2\E_3_0_2_R_5\via_region_data.json
E_3_0_2_R_M_N_N_1987_69_2017.bmp308278,Non-Alcohol,C:\PycharmProjects\Alcohol Detection\dataset\Grupo_3\E_3_0\Iritech\E_3_0_2\E_3_0_2_R_5\via_region_data.json
E_3_0_2_R_M_N_N_1987_70_2017.bmp308278,Non-Alcohol,C:\PycharmProjects\Alcohol Detection\dataset\Grupo_3\E_3_0\Iritech\E_3_0_2\E_3_0_2_R_5\via_region_data.json
E_3_0_2_R_M_N_N_1987_71_2017.bmp308278,Non-Alcohol,C:\PycharmProjects\Alcohol Detection\dataset\Grupo_3\E_3_0\Iritech\E_3_0_2\E_3_0_2_R_5\via_region_data.json
E_3_0_2_R_M_N_N_1987_72_2017.bmp308278,Non-Alcohol,C:\PycharmProjects\Alcohol Detection\dataset\Grupo_3\E_3_0\Iritech\E_3_0_2\E_3_0_2_R_5\via_region_data.json
E_3_0_2_R_M_N_N_1987_73_2017.bmp308278,Non-Alcohol,C:\PycharmProjects\Alcohol Detection\dataset\Grupo_3\E_3_0\Iritech\E_3_0_2\E_3_0_2_R_5\via_region_data.json
E_3_0_2_R_M_N_N_1987_74_2017.bmp308278,Non-Alcohol,C:\PycharmProjects\Alcohol Detection\dataset\Grupo_3\E_3_0\Iritech\E_3_0_2\E_3_0_2_R_5\via_region_data.json
E_3_0_2_R_M_N_N_1987_75_2017.bmp308278,Non-Alcohol,C:\PycharmProjects\Alcohol Detection\dataset\Grupo_3\E_3_0\Iritech\E_3_0_2\E_3_0_2_R_5\via_region_data.json
E_3_0_2_R_M_N_N_1987_76_2017.bmp308278,Non-Alcohol,C:\PycharmProjects\Alcohol Detection\dataset\Grupo_3\E_3_0\Iritech\E_3_0_2\E_3_0_2_R_5\via_region_data.json
E_3_0_2_R_M_N_N_1987_77_2017.bmp308278,Non-Alcohol,C:\PycharmProjects\Alcohol Detection\dataset\Grupo_3\E_3_0\Iritech\E_3_0_2\E_3_0_2_R_5\via_region_data.json
E_3_0_2_R_M_N_N_1987_78_2017.bmp308278,Non-Alcohol,C:\PycharmProjects\Alcohol Detection\dataset\Grupo_3\E_3_0\Iritech\E_3_0_2\E_3_0_2_R_5\via_region_data.json
E_3_0_2_R_M_N_N_1987_79_2017.bmp308278,Non-Alcohol,C:\PycharmProjects\Alcohol Detection\dataset\Grupo_3\E_3_0\Iritech\E_3_0_2\E_3_0_2_R_5\via_region_data.json
E_3_0_3_L_M_N_N_1987_0_2017.bmp308278,Non-Alcohol,C:\PycharmProjects\Alcohol Detection\dataset\Grupo_3\E_3_0\Iritech\E_3_0_3\via_region_data.json
E_3_0_3_R_M_N_N_1987_0_2017.bmp308278,Non-Alcohol,C:\PycharmProjects\Alcohol Detection\dataset\Grupo_3\E_3_0\Iritech\E_3_0_3\via_region_data.json
E_3_0_3_L_M_N_N_1987_0_2017.bmp308278,Non-Alcohol,C:\PycharmProjects\Alcohol Detection\dataset\Grupo_3\E_3_0\Iritech\E_3_0_3\E_3_0_3_L_5\via_region_data.json
E_3_0_3_L_M_N_N_1987_1_2017.bmp308278,Non-Alcohol,C:\PycharmProjects\Alcohol Detection\dataset\Grupo_3\E_3_0\Iritech\E_3_0_3\E_3_0_3_L_5\via_region_data.json
E_3_0_3_L_M_N_N_1987_2_2017.bmp308278,Non-Alcohol,C:\PycharmProjects\Alcohol Detection\dataset\Grupo_3\E_3_0\Iritech\E_3_0_3\E_3_0_3_L_5\via_region_data.json
E_3_0_3_L_M_N_N_1987_3_2017.bmp308278,Non-Alcohol,C:\PycharmProjects\Alcohol Detection\dataset\Grupo_3\E_3_0\Iritech\E_3_0_3\E_3_0_3_L_5\via_region_data.json
E_3_0_3_L_M_N_N_1987_4_2017.bmp308278,Non-Alcohol,C:\PycharmProjects\Alcohol Detection\dataset\Grupo_3\E_3_0\Iritech\E_3_0_3\E_3_0_3_L_5\via_region_data.json
E_3_0_3_L_M_N_N_1987_5_2017.bmp308278,Non-Alcohol,C:\PycharmProjects\Alcohol Detection\dataset\Grupo_3\E_3_0\Iritech\E_3_0_3\E_3_0_3_L_5\via_region_data.json
E_3_0_3_L_M_N_N_1987_6_2017.bmp308278,Non-Alcohol,C:\PycharmProjects\Alcohol Detection\dataset\Grupo_3\E_3_0\Iritech\E_3_0_3\E_3_0_3_L_5\via_region_data.json
E_3_0_3_L_M_N_N_1987_7_2017.bmp308278,Non-Alcohol,C:\PycharmProjects\Alcohol Detection\dataset\Grupo_3\E_3_0\Iritech\E_3_0_3\E_3_0_3_L_5\via_region_data.json
E_3_0_3_L_M_N_N_1987_8_2017.bmp308278,Non-Alcohol,C:\PycharmProjects\Alcohol Detection\dataset\Grupo_3\E_3_0\Iritech\E_3_0_3\E_3_0_3_L_5\via_region_data.json
E_3_0_3_L_M_N_N_1987_9_2017.bmp308278,Non-Alcohol,C:\PycharmProjects\Alcohol Detection\dataset\Grupo_3\E_3_0\Iritech\E_3_0_3\E_3_0_3_L_5\via_region_data.json
E_3_0_3_L_M_N_N_1987_10_2017.bmp308278,Non-Alcohol,C:\PycharmProjects\Alcohol Detection\dataset\Grupo_3\E_3_0\Iritech\E_3_0_3\E_3_0_3_L_5\via_region_data.json
E_3_0_3_L_M_N_N_1987_11_2017.bmp308278,Non-Alcohol,C:\PycharmProjects\Alcohol Detection\dataset\Grupo_3\E_3_0\Iritech\E_3_0_3\E_3_0_3_L_5\via_region_data.json
E_3_0_3_L_M_N_N_1987_12_2017.bmp308278,Non-Alcohol,C:\PycharmProjects\Alcohol Detection\dataset\Grupo_3\E_3_0\Iritech\E_3_0_3\E_3_0_3_L_5\via_region_data.json
E_3_0_3_L_M_N_N_1987_13_2017.bmp308278,Non-Alcohol,C:\PycharmProjects\Alcohol Detection\dataset\Grupo_3\E_3_0\Iritech\E_3_0_3\E_3_0_3_L_5\via_region_data.json
E_3_0_3_L_M_N_N_1987_14_2017.bmp308278,Non-Alcohol,C:\PycharmProjects\Alcohol Detection\dataset\Grupo_3\E_3_0\Iritech\E_3_0_3\E_3_0_3_L_5\via_region_data.json
E_3_0_3_L_M_N_N_1987_15_2017.bmp308278,Non-Alcohol,C:\PycharmProjects\Alcohol Detection\dataset\Grupo_3\E_3_0\Iritech\E_3_0_3\E_3_0_3_L_5\via_region_data.json
E_3_0_3_L_M_N_N_1987_16_2017.bmp308278,Non-Alcohol,C:\PycharmProjects\Alcohol Detection\dataset\Grupo_3\E_3_0\Iritech\E_3_0_3\E_3_0_3_L_5\via_region_data.json
E_3_0_3_L_M_N_N_1987_17_2017.bmp308278,Non-Alcohol,C:\PycharmProjects\Alcohol Detection\dataset\Grupo_3\E_3_0\Iritech\E_3_0_3\E_3_0_3_L_5\via_region_data.json
E_3_0_3_L_M_N_N_1987_18_2017.bmp308278,Non-Alcohol,C:\PycharmProjects\Alcohol Detection\dataset\Grupo_3\E_3_0\Iritech\E_3_0_3\E_3_0_3_L_5\via_region_data.json
E_3_0_3_L_M_N_N_1987_19_2017.bmp308278,Non-Alcohol,C:\PycharmProjects\Alcohol Detection\dataset\Grupo_3\E_3_0\Iritech\E_3_0_3\E_3_0_3_L_5\via_region_data.json
E_3_0_3_L_M_N_N_1987_20_2017.bmp308278,Non-Alcohol,C:\PycharmProjects\Alcohol Detection\dataset\Grupo_3\E_3_0\Iritech\E_3_0_3\E_3_0_3_L_5\via_region_data.json
E_3_0_3_L_M_N_N_1987_21_2017.bmp308278,Non-Alcohol,C:\PycharmProjects\Alcohol Detection\dataset\Grupo_3\E_3_0\Iritech\E_3_0_3\E_3_0_3_L_5\via_region_data.json
E_3_0_3_L_M_N_N_1987_22_2017.bmp308278,Non-Alcohol,C:\PycharmProjects\Alcohol Detection\dataset\Grupo_3\E_3_0\Iritech\E_3_0_3\E_3_0_3_L_5\via_region_data.json
E_3_0_3_L_M_N_N_1987_23_2017.bmp308278,Non-Alcohol,C:\PycharmProjects\Alcohol Detection\dataset\Grupo_3\E_3_0\Iritech\E_3_0_3\E_3_0_3_L_5\via_region_data.json
E_3_0_3_L_M_N_N_1987_24_2017.bmp308278,Non-Alcohol,C:\PycharmProjects\Alcohol Detection\dataset\Grupo_3\E_3_0\Iritech\E_3_0_3\E_3_0_3_L_5\via_region_data.json
E_3_0_3_L_M_N_N_1987_25_2017.bmp308278,Non-Alcohol,C:\PycharmProjects\Alcohol Detection\dataset\Grupo_3\E_3_0\Iritech\E_3_0_3\E_3_0_3_L_5\via_region_data.json
E_3_0_3_L_M_N_N_1987_26_2017.bmp308278,Non-Alcohol,C:\PycharmProjects\Alcohol Detection\dataset\Grupo_3\E_3_0\Iritech\E_3_0_3\E_3_0_3_L_5\via_region_data.json
E_3_0_3_L_M_N_N_1987_27_2017.bmp308278,Non-Alcohol,C:\PycharmProjects\Alcohol Detection\dataset\Grupo_3\E_3_0\Iritech\E_3_0_3\E_3_0_3_L_5\via_region_data.json
E_3_0_3_L_M_N_N_1987_28_2017.bmp308278,Non-Alcohol,C:\PycharmProjects\Alcohol Detection\dataset\Grupo_3\E_3_0\Iritech\E_3_0_3\E_3_0_3_L_5\via_region_data.json
E_3_0_3_L_M_N_N_1987_29_2017.bmp308278,Non-Alcohol,C:\PycharmProjects\Alcohol Detection\dataset\Grupo_3\E_3_0\Iritech\E_3_0_3\E_3_0_3_L_5\via_region_data.json
E_3_0_3_L_M_N_N_1987_30_2017.bmp308278,Non-Alcohol,C:\PycharmProjects\Alcohol Detection\dataset\Grupo_3\E_3_0\Iritech\E_3_0_3\E_3_0_3_L_5\via_region_data.json
E_3_0_3_L_M_N_N_1987_31_2017.bmp308278,Non-Alcohol,C:\PycharmProjects\Alcohol Detection\dataset\Grupo_3\E_3_0\Iritech\E_3_0_3\E_3_0_3_L_5\via_region_data.json
E_3_0_3_L_M_N_N_1987_32_2017.bmp308278,Non-Alcohol,C:\PycharmProjects\Alcohol Detection\dataset\Grupo_3\E_3_0\Iritech\E_3_0_3\E_3_0_3_L_5\via_region_data.json
E_3_0_3_L_M_N_N_1987_33_2017.bmp308278,Non-Alcohol,C:\PycharmProjects\Alcohol Detection\dataset\Grupo_3\E_3_0\Iritech\E_3_0_3\E_3_0_3_L_5\via_region_data.json
E_3_0_3_L_M_N_N_1987_34_2017.bmp308278,Non-Alcohol,C:\PycharmProjects\Alcohol Detection\dataset\Grupo_3\E_3_0\Iritech\E_3_0_3\E_3_0_3_L_5\via_region_data.json
E_3_0_3_L_M_N_N_1987_35_2017.bmp308278,Non-Alcohol,C:\PycharmProjects\Alcohol Detection\dataset\Grupo_3\E_3_0\Iritech\E_3_0_3\E_3_0_3_L_5\via_region_data.json
E_3_0_3_L_M_N_N_1987_36_2017.bmp308278,Non-Alcohol,C:\PycharmProjects\Alcohol Detection\dataset\Grupo_3\E_3_0\Iritech\E_3_0_3\E_3_0_3_L_5\via_region_data.json
E_3_0_3_L_M_N_N_1987_37_2017.bmp308278,Non-Alcohol,C:\PycharmProjects\Alcohol Detection\dataset\Grupo_3\E_3_0\Iritech\E_3_0_3\E_3_0_3_L_5\via_region_data.json
E_3_0_3_L_M_N_N_1987_38_2017.bmp308278,Non-Alcohol,C:\PycharmProjects\Alcohol Detection\dataset\Grupo_3\E_3_0\Iritech\E_3_0_3\E_3_0_3_L_5\via_region_data.json
E_3_0_3_L_M_N_N_1987_39_2017.bmp308278,Non-Alcohol,C:\PycharmProjects\Alcohol Detection\dataset\Grupo_3\E_3_0\Iritech\E_3_0_3\E_3_0_3_L_5\via_region_data.json
E_3_0_3_L_M_N_N_1987_40_2017.bmp308278,Non-Alcohol,C:\PycharmProjects\Alcohol Detection\dataset\Grupo_3\E_3_0\Iritech\E_3_0_3\E_3_0_3_L_5\via_region_data.json
E_3_0_3_L_M_N_N_1987_41_2017.bmp308278,Non-Alcohol,C:\PycharmProjects\Alcohol Detection\dataset\Grupo_3\E_3_0\Iritech\E_3_0_3\E_3_0_3_L_5\via_region_data.json
E_3_0_3_L_M_N_N_1987_42_2017.bmp308278,Non-Alcohol,C:\PycharmProjects\Alcohol Detection\dataset\Grupo_3\E_3_0\Iritech\E_3_0_3\E_3_0_3_L_5\via_region_data.json
E_3_0_3_L_M_N_N_1987_43_2017.bmp308278,Non-Alcohol,C:\PycharmProjects\Alcohol Detection\dataset\Grupo_3\E_3_0\Iritech\E_3_0_3\E_3_0_3_L_5\via_region_data.json
E_3_0_3_L_M_N_N_1987_44_2017.bmp308278,Non-Alcohol,C:\PycharmProjects\Alcohol Detection\dataset\Grupo_3\E_3_0\Iritech\E_3_0_3\E_3_0_3_L_5\via_region_data.json
E_3_0_3_L_M_N_N_1987_45_2017.bmp308278,Non-Alcohol,C:\PycharmProjects\Alcohol Detection\dataset\Grupo_3\E_3_0\Iritech\E_3_0_3\E_3_0_3_L_5\via_region_data.json
E_3_0_3_L_M_N_N_1987_46_2017.bmp308278,Non-Alcohol,C:\PycharmProjects\Alcohol Detection\dataset\Grupo_3\E_3_0\Iritech\E_3_0_3\E_3_0_3_L_5\via_region_data.json
E_3_0_3_L_M_N_N_1987_47_2017.bmp308278,Non-Alcohol,C:\PycharmProjects\Alcohol Detection\dataset\Grupo_3\E_3_0\Iritech\E_3_0_3\E_3_0_3_L_5\via_region_data.json
E_3_0_3_L_M_N_N_1987_48_2017.bmp308278,Non-Alcohol,C:\PycharmProjects\Alcohol Detection\dataset\Grupo_3\E_3_0\Iritech\E_3_0_3\E_3_0_3_L_5\via_region_data.json
E_3_0_3_L_M_N_N_1987_49_2017.bmp308278,Non-Alcohol,C:\PycharmProjects\Alcohol Detection\dataset\Grupo_3\E_3_0\Iritech\E_3_0_3\E_3_0_3_L_5\via_region_data.json
E_3_0_3_L_M_N_N_1987_50_2017.bmp308278,Non-Alcohol,C:\PycharmProjects\Alcohol Detection\dataset\Grupo_3\E_3_0\Iritech\E_3_0_3\E_3_0_3_L_5\via_region_data.json
E_3_0_3_L_M_N_N_1987_51_2017.bmp308278,Non-Alcohol,C:\PycharmProjects\Alcohol Detection\dataset\Grupo_3\E_3_0\Iritech\E_3_0_3\E_3_0_3_L_5\via_region_data.json
E_3_0_3_L_M_N_N_1987_52_2017.bmp308278,Non-Alcohol,C:\PycharmProjects\Alcohol Detection\dataset\Grupo_3\E_3_0\Iritech\E_3_0_3\E_3_0_3_L_5\via_region_data.json
E_3_0_3_L_M_N_N_1987_53_2017.bmp308278,Non-Alcohol,C:\PycharmProjects\Alcohol Detection\dataset\Grupo_3\E_3_0\Iritech\E_3_0_3\E_3_0_3_L_5\via_region_data.json
E_3_0_3_L_M_N_N_1987_54_2017.bmp308278,Non-Alcohol,C:\PycharmProjects\Alcohol Detection\dataset\Grupo_3\E_3_0\Iritech\E_3_0_3\E_3_0_3_L_5\via_region_data.json
E_3_0_3_L_M_N_N_1987_55_2017.bmp308278,Non-Alcohol,C:\PycharmProjects\Alcohol Detection\dataset\Grupo_3\E_3_0\Iritech\E_3_0_3\E_3_0_3_L_5\via_region_data.json
E_3_0_3_L_M_N_N_1987_56_2017.bmp308278,Non-Alcohol,C:\PycharmProjects\Alcohol Detection\dataset\Grupo_3\E_3_0\Iritech\E_3_0_3\E_3_0_3_L_5\via_region_data.json
E_3_0_3_L_M_N_N_1987_57_2017.bmp308278,Non-Alcohol,C:\PycharmProjects\Alcohol Detection\dataset\Grupo_3\E_3_0\Iritech\E_3_0_3\E_3_0_3_L_5\via_region_data.json
E_3_0_3_L_M_N_N_1987_58_2017.bmp308278,Non-Alcohol,C:\PycharmProjects\Alcohol Detection\dataset\Grupo_3\E_3_0\Iritech\E_3_0_3\E_3_0_3_L_5\via_region_data.json
E_3_0_3_L_M_N_N_1987_59_2017.bmp308278,Non-Alcohol,C:\PycharmProjects\Alcohol Detection\dataset\Grupo_3\E_3_0\Iritech\E_3_0_3\E_3_0_3_L_5\via_region_data.json
E_3_0_3_L_M_N_N_1987_60_2017.bmp308278,Non-Alcohol,C:\PycharmProjects\Alcohol Detection\dataset\Grupo_3\E_3_0\Iritech\E_3_0_3\E_3_0_3_L_5\via_region_data.json
E_3_0_3_L_M_N_N_1987_61_2017.bmp308278,Non-Alcohol,C:\PycharmProjects\Alcohol Detection\dataset\Grupo_3\E_3_0\Iritech\E_3_0_3\E_3_0_3_L_5\via_region_data.json
E_3_0_3_L_M_N_N_1987_62_2017.bmp308278,Non-Alcohol,C:\PycharmProjects\Alcohol Detection\dataset\Grupo_3\E_3_0\Iritech\E_3_0_3\E_3_0_3_L_5\via_region_data.json
E_3_0_3_L_M_N_N_1987_63_2017.bmp308278,Non-Alcohol,C:\PycharmProjects\Alcohol Detection\dataset\Grupo_3\E_3_0\Iritech\E_3_0_3\E_3_0_3_L_5\via_region_data.json
E_3_0_3_L_M_N_N_1987_64_2017.bmp308278,Non-Alcohol,C:\PycharmProjects\Alcohol Detection\dataset\Grupo_3\E_3_0\Iritech\E_3_0_3\E_3_0_3_L_5\via_region_data.json
E_3_0_3_L_M_N_N_1987_65_2017.bmp308278,Non-Alcohol,C:\PycharmProjects\Alcohol Detection\dataset\Grupo_3\E_3_0\Iritech\E_3_0_3\E_3_0_3_L_5\via_region_data.json
E_3_0_3_L_M_N_N_1987_66_2017.bmp308278,Non-Alcohol,C:\PycharmProjects\Alcohol Detection\dataset\Grupo_3\E_3_0\Iritech\E_3_0_3\E_3_0_3_L_5\via_region_data.json
E_3_0_3_L_M_N_N_1987_67_2017.bmp308278,Non-Alcohol,C:\PycharmProjects\Alcohol Detection\dataset\Grupo_3\E_3_0\Iritech\E_3_0_3\E_3_0_3_L_5\via_region_data.json
E_3_0_3_L_M_N_N_1987_68_2017.bmp308278,Non-Alcohol,C:\PycharmProjects\Alcohol Detection\dataset\Grupo_3\E_3_0\Iritech\E_3_0_3\E_3_0_3_L_5\via_region_data.json
E_3_0_3_L_M_N_N_1987_69_2017.bmp308278,Non-Alcohol,C:\PycharmProjects\Alcohol Detection\dataset\Grupo_3\E_3_0\Iritech\E_3_0_3\E_3_0_3_L_5\via_region_data.json
E_3_0_3_L_M_N_N_1987_70_2017.bmp308278,Non-Alcohol,C:\PycharmProjects\Alcohol Detection\dataset\Grupo_3\E_3_0\Iritech\E_3_0_3\E_3_0_3_L_5\via_region_data.json
E_3_0_3_L_M_N_N_1987_71_2017.bmp308278,Non-Alcohol,C:\PycharmProjects\Alcohol Detection\dataset\Grupo_3\E_3_0\Iritech\E_3_0_3\E_3_0_3_L_5\via_region_data.json
E_3_0_3_L_M_N_N_1987_72_2017.bmp308278,Non-Alcohol,C:\PycharmProjects\Alcohol Detection\dataset\Grupo_3\E_3_0\Iritech\E_3_0_3\E_3_0_3_L_5\via_region_data.json
E_3_0_3_L_M_N_N_1987_73_2017.bmp308278,Non-Alcohol,C:\PycharmProjects\Alcohol Detection\dataset\Grupo_3\E_3_0\Iritech\E_3_0_3\E_3_0_3_L_5\via_region_data.json
E_3_0_3_L_M_N_N_1987_74_2017.bmp308278,Non-Alcohol,C:\PycharmProjects\Alcohol Detection\dataset\Grupo_3\E_3_0\Iritech\E_3_0_3\E_3_0_3_L_5\via_region_data.json
E_3_0_3_L_M_N_N_1987_75_2017.bmp308278,Non-Alcohol,C:\PycharmProjects\Alcohol Detection\dataset\Grupo_3\E_3_0\Iritech\E_3_0_3\E_3_0_3_L_5\via_region_data.json
E_3_0_3_L_M_N_N_1987_76_2017.bmp308278,Non-Alcohol,C:\PycharmProjects\Alcohol Detection\dataset\Grupo_3\E_3_0\Iritech\E_3_0_3\E_3_0_3_L_5\via_region_data.json
E_3_0_3_L_M_N_N_1987_77_2017.bmp308278,Non-Alcohol,C:\PycharmProjects\Alcohol Detection\dataset\Grupo_3\E_3_0\Iritech\E_3_0_3\E_3_0_3_L_5\via_region_data.json
E_3_0_3_R_M_N_N_1987_0_2017.bmp308278,Non-Alcohol,C:\PycharmProjects\Alcohol Detection\dataset\Grupo_3\E_3_0\Iritech\E_3_0_3\E_3_0_3_R_5\via_region_data.json
E_3_0_3_R_M_N_N_1987_1_2017.bmp308278,Non-Alcohol,C:\PycharmProjects\Alcohol Detection\dataset\Grupo_3\E_3_0\Iritech\E_3_0_3\E_3_0_3_R_5\via_region_data.json
E_3_0_3_R_M_N_N_1987_2_2017.bmp308278,Non-Alcohol,C:\PycharmProjects\Alcohol Detection\dataset\Grupo_3\E_3_0\Iritech\E_3_0_3\E_3_0_3_R_5\via_region_data.json
E_3_0_3_R_M_N_N_1987_3_2017.bmp308278,Non-Alcohol,C:\PycharmProjects\Alcohol Detection\dataset\Grupo_3\E_3_0\Iritech\E_3_0_3\E_3_0_3_R_5\via_region_data.json
E_3_0_3_R_M_N_N_1987_4_2017.bmp308278,Non-Alcohol,C:\PycharmProjects\Alcohol Detection\dataset\Grupo_3\E_3_0\Iritech\E_3_0_3\E_3_0_3_R_5\via_region_data.json
E_3_0_3_R_M_N_N_1987_5_2017.bmp308278,Non-Alcohol,C:\PycharmProjects\Alcohol Detection\dataset\Grupo_3\E_3_0\Iritech\E_3_0_3\E_3_0_3_R_5\via_region_data.json
E_3_0_3_R_M_N_N_1987_6_2017.bmp308278,Non-Alcohol,C:\PycharmProjects\Alcohol Detection\dataset\Grupo_3\E_3_0\Iritech\E_3_0_3\E_3_0_3_R_5\via_region_data.json
E_3_0_3_R_M_N_N_1987_7_2017.bmp308278,Non-Alcohol,C:\PycharmProjects\Alcohol Detection\dataset\Grupo_3\E_3_0\Iritech\E_3_0_3\E_3_0_3_R_5\via_region_data.json
E_3_0_3_R_M_N_N_1987_8_2017.bmp308278,Non-Alcohol,C:\PycharmProjects\Alcohol Detection\dataset\Grupo_3\E_3_0\Iritech\E_3_0_3\E_3_0_3_R_5\via_region_data.json
E_3_0_3_R_M_N_N_1987_9_2017.bmp308278,Non-Alcohol,C:\PycharmProjects\Alcohol Detection\dataset\Grupo_3\E_3_0\Iritech\E_3_0_3\E_3_0_3_R_5\via_region_data.json
E_3_0_3_R_M_N_N_1987_10_2017.bmp308278,Non-Alcohol,C:\PycharmProjects\Alcohol Detection\dataset\Grupo_3\E_3_0\Iritech\E_3_0_3\E_3_0_3_R_5\via_region_data.json
E_3_0_3_R_M_N_N_1987_11_2017.bmp308278,Non-Alcohol,C:\PycharmProjects\Alcohol Detection\dataset\Grupo_3\E_3_0\Iritech\E_3_0_3\E_3_0_3_R_5\via_region_data.json
E_3_0_3_R_M_N_N_1987_12_2017.bmp308278,Non-Alcohol,C:\PycharmProjects\Alcohol Detection\dataset\Grupo_3\E_3_0\Iritech\E_3_0_3\E_3_0_3_R_5\via_region_data.json
E_3_0_3_R_M_N_N_1987_13_2017.bmp308278,Non-Alcohol,C:\PycharmProjects\Alcohol Detection\dataset\Grupo_3\E_3_0\Iritech\E_3_0_3\E_3_0_3_R_5\via_region_data.json
E_3_0_3_R_M_N_N_1987_14_2017.bmp308278,Non-Alcohol,C:\PycharmProjects\Alcohol Detection\dataset\Grupo_3\E_3_0\Iritech\E_3_0_3\E_3_0_3_R_5\via_region_data.json
E_3_0_3_R_M_N_N_1987_15_2017.bmp308278,Non-Alcohol,C:\PycharmProjects\Alcohol Detection\dataset\Grupo_3\E_3_0\Iritech\E_3_0_3\E_3_0_3_R_5\via_region_data.json
E_3_0_3_R_M_N_N_1987_16_2017.bmp308278,Non-Alcohol,C:\PycharmProjects\Alcohol Detection\dataset\Grupo_3\E_3_0\Iritech\E_3_0_3\E_3_0_3_R_5\via_region_data.json
E_3_0_3_R_M_N_N_1987_17_2017.bmp308278,Non-Alcohol,C:\PycharmProjects\Alcohol Detection\dataset\Grupo_3\E_3_0\Iritech\E_3_0_3\E_3_0_3_R_5\via_region_data.json
E_3_0_3_R_M_N_N_1987_18_2017.bmp308278,Non-Alcohol,C:\PycharmProjects\Alcohol Detection\dataset\Grupo_3\E_3_0\Iritech\E_3_0_3\E_3_0_3_R_5\via_region_data.json
E_3_0_3_R_M_N_N_1987_19_2017.bmp308278,Non-Alcohol,C:\PycharmProjects\Alcohol Detection\dataset\Grupo_3\E_3_0\Iritech\E_3_0_3\E_3_0_3_R_5\via_region_data.json
E_3_0_3_R_M_N_N_1987_20_2017.bmp308278,Non-Alcohol,C:\PycharmProjects\Alcohol Detection\dataset\Grupo_3\E_3_0\Iritech\E_3_0_3\E_3_0_3_R_5\via_region_data.json
E_3_0_3_R_M_N_N_1987_21_2017.bmp308278,Non-Alcohol,C:\PycharmProjects\Alcohol Detection\dataset\Grupo_3\E_3_0\Iritech\E_3_0_3\E_3_0_3_R_5\via_region_data.json
E_3_0_3_R_M_N_N_1987_22_2017.bmp308278,Non-Alcohol,C:\PycharmProjects\Alcohol Detection\dataset\Grupo_3\E_3_0\Iritech\E_3_0_3\E_3_0_3_R_5\via_region_data.json
E_3_0_3_R_M_N_N_1987_23_2017.bmp308278,Non-Alcohol,C:\PycharmProjects\Alcohol Detection\dataset\Grupo_3\E_3_0\Iritech\E_3_0_3\E_3_0_3_R_5\via_region_data.json
E_3_0_3_R_M_N_N_1987_24_2017.bmp308278,Non-Alcohol,C:\PycharmProjects\Alcohol Detection\dataset\Grupo_3\E_3_0\Iritech\E_3_0_3\E_3_0_3_R_5\via_region_data.json
E_3_0_3_R_M_N_N_1987_25_2017.bmp308278,Non-Alcohol,C:\PycharmProjects\Alcohol Detection\dataset\Grupo_3\E_3_0\Iritech\E_3_0_3\E_3_0_3_R_5\via_region_data.json
E_3_0_3_R_M_N_N_1987_26_2017.bmp308278,Non-Alcohol,C:\PycharmProjects\Alcohol Detection\dataset\Grupo_3\E_3_0\Iritech\E_3_0_3\E_3_0_3_R_5\via_region_data.json
E_3_0_3_R_M_N_N_1987_27_2017.bmp308278,Non-Alcohol,C:\PycharmProjects\Alcohol Detection\dataset\Grupo_3\E_3_0\Iritech\E_3_0_3\E_3_0_3_R_5\via_region_data.json
E_3_0_3_R_M_N_N_1987_28_2017.bmp308278,Non-Alcohol,C:\PycharmProjects\Alcohol Detection\dataset\Grupo_3\E_3_0\Iritech\E_3_0_3\E_3_0_3_R_5\via_region_data.json
E_3_0_3_R_M_N_N_1987_29_2017.bmp308278,Non-Alcohol,C:\PycharmProjects\Alcohol Detection\dataset\Grupo_3\E_3_0\Iritech\E_3_0_3\E_3_0_3_R_5\via_region_data.json
E_3_0_3_R_M_N_N_1987_30_2017.bmp308278,Non-Alcohol,C:\PycharmProjects\Alcohol Detection\dataset\Grupo_3\E_3_0\Iritech\E_3_0_3\E_3_0_3_R_5\via_region_data.json
E_3_0_3_R_M_N_N_1987_31_2017.bmp308278,Non-Alcohol,C:\PycharmProjects\Alcohol Detection\dataset\Grupo_3\E_3_0\Iritech\E_3_0_3\E_3_0_3_R_5\via_region_data.json
E_3_0_3_R_M_N_N_1987_32_2017.bmp308278,Non-Alcohol,C:\PycharmProjects\Alcohol Detection\dataset\Grupo_3\E_3_0\Iritech\E_3_0_3\E_3_0_3_R_5\via_region_data.json
E_3_0_3_R_M_N_N_1987_33_2017.bmp308278,Non-Alcohol,C:\PycharmProjects\Alcohol Detection\dataset\Grupo_3\E_3_0\Iritech\E_3_0_3\E_3_0_3_R_5\via_region_data.json
E_3_0_3_R_M_N_N_1987_34_2017.bmp308278,Non-Alcohol,C:\PycharmProjects\Alcohol Detection\dataset\Grupo_3\E_3_0\Iritech\E_3_0_3\E_3_0_3_R_5\via_region_data.json
E_3_0_3_R_M_N_N_1987_35_2017.bmp308278,Non-Alcohol,C:\PycharmProjects\Alcohol Detection\dataset\Grupo_3\E_3_0\Iritech\E_3_0_3\E_3_0_3_R_5\via_region_data.json
E_3_0_3_R_M_N_N_1987_36_2017.bmp308278,Non-Alcohol,C:\PycharmProjects\Alcohol Detection\dataset\Grupo_3\E_3_0\Iritech\E_3_0_3\E_3_0_3_R_5\via_region_data.json
E_3_0_3_R_M_N_N_1987_37_2017.bmp308278,Non-Alcohol,C:\PycharmProjects\Alcohol Detection\dataset\Grupo_3\E_3_0\Iritech\E_3_0_3\E_3_0_3_R_5\via_region_data.json
E_3_0_3_R_M_N_N_1987_38_2017.bmp308278,Non-Alcohol,C:\PycharmProjects\Alcohol Detection\dataset\Grupo_3\E_3_0\Iritech\E_3_0_3\E_3_0_3_R_5\via_region_data.json
E_3_0_3_R_M_N_N_1987_39_2017.bmp308278,Non-Alcohol,C:\PycharmProjects\Alcohol Detection\dataset\Grupo_3\E_3_0\Iritech\E_3_0_3\E_3_0_3_R_5\via_region_data.json
E_3_0_3_R_M_N_N_1987_40_2017.bmp308278,Non-Alcohol,C:\PycharmProjects\Alcohol Detection\dataset\Grupo_3\E_3_0\Iritech\E_3_0_3\E_3_0_3_R_5\via_region_data.json
E_3_0_3_R_M_N_N_1987_41_2017.bmp308278,Non-Alcohol,C:\PycharmProjects\Alcohol Detection\dataset\Grupo_3\E_3_0\Iritech\E_3_0_3\E_3_0_3_R_5\via_region_data.json
E_3_0_3_R_M_N_N_1987_42_2017.bmp308278,Non-Alcohol,C:\PycharmProjects\Alcohol Detection\dataset\Grupo_3\E_3_0\Iritech\E_3_0_3\E_3_0_3_R_5\via_region_data.json
E_3_0_3_R_M_N_N_1987_43_2017.bmp308278,Non-Alcohol,C:\PycharmProjects\Alcohol Detection\dataset\Grupo_3\E_3_0\Iritech\E_3_0_3\E_3_0_3_R_5\via_region_data.json
E_3_0_3_R_M_N_N_1987_44_2017.bmp308278,Non-Alcohol,C:\PycharmProjects\Alcohol Detection\dataset\Grupo_3\E_3_0\Iritech\E_3_0_3\E_3_0_3_R_5\via_region_data.json
E_3_0_3_R_M_N_N_1987_45_2017.bmp308278,Non-Alcohol,C:\PycharmProjects\Alcohol Detection\dataset\Grupo_3\E_3_0\Iritech\E_3_0_3\E_3_0_3_R_5\via_region_data.json
E_3_0_3_R_M_N_N_1987_46_2017.bmp308278,Non-Alcohol,C:\PycharmProjects\Alcohol Detection\dataset\Grupo_3\E_3_0\Iritech\E_3_0_3\E_3_0_3_R_5\via_region_data.json
E_3_0_3_R_M_N_N_1987_47_2017.bmp308278,Non-Alcohol,C:\PycharmProjects\Alcohol Detection\dataset\Grupo_3\E_3_0\Iritech\E_3_0_3\E_3_0_3_R_5\via_region_data.json
E_3_0_3_R_M_N_N_1987_48_2017.bmp308278,Non-Alcohol,C:\PycharmProjects\Alcohol Detection\dataset\Grupo_3\E_3_0\Iritech\E_3_0_3\E_3_0_3_R_5\via_region_data.json
E_3_0_3_R_M_N_N_1987_49_2017.bmp308278,Non-Alcohol,C:\PycharmProjects\Alcohol Detection\dataset\Grupo_3\E_3_0\Iritech\E_3_0_3\E_3_0_3_R_5\via_region_data.json
E_3_0_3_R_M_N_N_1987_50_2017.bmp308278,Non-Alcohol,C:\PycharmProjects\Alcohol Detection\dataset\Grupo_3\E_3_0\Iritech\E_3_0_3\E_3_0_3_R_5\via_region_data.json
E_3_0_3_R_M_N_N_1987_51_2017.bmp308278,Non-Alcohol,C:\PycharmProjects\Alcohol Detection\dataset\Grupo_3\E_3_0\Iritech\E_3_0_3\E_3_0_3_R_5\via_region_data.json
E_3_0_3_R_M_N_N_1987_52_2017.bmp308278,Non-Alcohol,C:\PycharmProjects\Alcohol Detection\dataset\Grupo_3\E_3_0\Iritech\E_3_0_3\E_3_0_3_R_5\via_region_data.json
E_3_0_3_R_M_N_N_1987_53_2017.bmp308278,Non-Alcohol,C:\PycharmProjects\Alcohol Detection\dataset\Grupo_3\E_3_0\Iritech\E_3_0_3\E_3_0_3_R_5\via_region_data.json
E_3_0_3_R_M_N_N_1987_54_2017.bmp308278,Non-Alcohol,C:\PycharmProjects\Alcohol Detection\dataset\Grupo_3\E_3_0\Iritech\E_3_0_3\E_3_0_3_R_5\via_region_data.json
E_3_0_3_R_M_N_N_1987_55_2017.bmp308278,Non-Alcohol,C:\PycharmProjects\Alcohol Detection\dataset\Grupo_3\E_3_0\Iritech\E_3_0_3\E_3_0_3_R_5\via_region_data.json
E_3_0_3_R_M_N_N_1987_56_2017.bmp308278,Non-Alcohol,C:\PycharmProjects\Alcohol Detection\dataset\Grupo_3\E_3_0\Iritech\E_3_0_3\E_3_0_3_R_5\via_region_data.json
E_3_0_3_R_M_N_N_1987_57_2017.bmp308278,Non-Alcohol,C:\PycharmProjects\Alcohol Detection\dataset\Grupo_3\E_3_0\Iritech\E_3_0_3\E_3_0_3_R_5\via_region_data.json
E_3_0_3_R_M_N_N_1987_58_2017.bmp308278,Non-Alcohol,C:\PycharmProjects\Alcohol Detection\dataset\Grupo_3\E_3_0\Iritech\E_3_0_3\E_3_0_3_R_5\via_region_data.json
E_3_0_3_R_M_N_N_1987_59_2017.bmp308278,Non-Alcohol,C:\PycharmProjects\Alcohol Detection\dataset\Grupo_3\E_3_0\Iritech\E_3_0_3\E_3_0_3_R_5\via_region_data.json
E_3_0_3_R_M_N_N_1987_60_2017.bmp308278,Non-Alcohol,C:\PycharmProjects\Alcohol Detection\dataset\Grupo_3\E_3_0\Iritech\E_3_0_3\E_3_0_3_R_5\via_region_data.json
E_3_0_3_R_M_N_N_1987_61_2017.bmp308278,Non-Alcohol,C:\PycharmProjects\Alcohol Detection\dataset\Grupo_3\E_3_0\Iritech\E_3_0_3\E_3_0_3_R_5\via_region_data.json
E_3_0_3_R_M_N_N_1987_62_2017.bmp308278,Non-Alcohol,C:\PycharmProjects\Alcohol Detection\dataset\Grupo_3\E_3_0\Iritech\E_3_0_3\E_3_0_3_R_5\via_region_data.json
E_3_0_3_R_M_N_N_1987_63_2017.bmp308278,Non-Alcohol,C:\PycharmProjects\Alcohol Detection\dataset\Grupo_3\E_3_0\Iritech\E_3_0_3\E_3_0_3_R_5\via_region_data.json
E_3_0_3_R_M_N_N_1987_64_2017.bmp308278,Non-Alcohol,C:\PycharmProjects\Alcohol Detection\dataset\Grupo_3\E_3_0\Iritech\E_3_0_3\E_3_0_3_R_5\via_region_data.json
E_3_0_3_R_M_N_N_1987_65_2017.bmp308278,Non-Alcohol,C:\PycharmProjects\Alcohol Detection\dataset\Grupo_3\E_3_0\Iritech\E_3_0_3\E_3_0_3_R_5\via_region_data.json
E_3_0_3_R_M_N_N_1987_66_2017.bmp308278,Non-Alcohol,C:\PycharmProjects\Alcohol Detection\dataset\Grupo_3\E_3_0\Iritech\E_3_0_3\E_3_0_3_R_5\via_region_data.json
E_3_0_3_R_M_N_N_1987_67_2017.bmp308278,Non-Alcohol,C:\PycharmProjects\Alcohol Detection\dataset\Grupo_3\E_3_0\Iritech\E_3_0_3\E_3_0_3_R_5\via_region_data.json
E_3_0_3_R_M_N_N_1987_68_2017.bmp308278,Non-Alcohol,C:\PycharmProjects\Alcohol Detection\dataset\Grupo_3\E_3_0\Iritech\E_3_0_3\E_3_0_3_R_5\via_region_data.json
E_3_0_3_R_M_N_N_1987_69_2017.bmp308278,Non-Alcohol,C:\PycharmProjects\Alcohol Detection\dataset\Grupo_3\E_3_0\Iritech\E_3_0_3\E_3_0_3_R_5\via_region_data.json
E_3_0_3_R_M_N_N_1987_70_2017.bmp308278,Non-Alcohol,C:\PycharmProjects\Alcohol Detection\dataset\Grupo_3\E_3_0\Iritech\E_3_0_3\E_3_0_3_R_5\via_region_data.json
E_3_0_3_R_M_N_N_1987_71_2017.bmp308278,Non-Alcohol,C:\PycharmProjects\Alcohol Detection\dataset\Grupo_3\E_3_0\Iritech\E_3_0_3\E_3_0_3_R_5\via_region_data.json
E_3_0_3_R_M_N_N_1987_72_2017.bmp308278,Non-Alcohol,C:\PycharmProjects\Alcohol Detection\dataset\Grupo_3\E_3_0\Iritech\E_3_0_3\E_3_0_3_R_5\via_region_data.json
E_3_0_3_R_M_N_N_1987_73_2017.bmp308278,Non-Alcohol,C:\PycharmProjects\Alcohol Detection\dataset\Grupo_3\E_3_0\Iritech\E_3_0_3\E_3_0_3_R_5\via_region_data.json
E_3_0_3_R_M_N_N_1987_74_2017.bmp308278,Non-Alcohol,C:\PycharmProjects\Alcohol Detection\dataset\Grupo_3\E_3_0\Iritech\E_3_0_3\E_3_0_3_R_5\via_region_data.json
E_3_0_3_R_M_N_N_1987_75_2017.bmp308278,Non-Alcohol,C:\PycharmProjects\Alcohol Detection\dataset\Grupo_3\E_3_0\Iritech\E_3_0_3\E_3_0_3_R_5\via_region_data.json
E_3_0_3_R_M_N_N_1987_76_2017.bmp308278,Non-Alcohol,C:\PycharmProjects\Alcohol Detection\dataset\Grupo_3\E_3_0\Iritech\E_3_0_3\E_3_0_3_R_5\via_region_data.json
E_3_0_3_R_M_N_N_1987_77_2017.bmp308278,Non-Alcohol,C:\PycharmProjects\Alcohol Detection\dataset\Grupo_3\E_3_0\Iritech\E_3_0_3\E_3_0_3_R_5\via_region_data.json
E_3_0_3_R_M_N_N_1987_78_2017.bmp308278,Non-Alcohol,C:\PycharmProjects\Alcohol Detection\dataset\Grupo_3\E_3_0\Iritech\E_3_0_3\E_3_0_3_R_5\via_region_data.json
E_3_0_4_L_M_N_N_1987_0_2017.bmp308278,Non-Alcohol,C:\PycharmProjects\Alcohol Detection\dataset\Grupo_3\E_3_0\Iritech\E_3_0_4\via_region_data.json
E_3_0_4_R_M_N_N_1987_0_2017.bmp308278,Non-Alcohol,C:\PycharmProjects\Alcohol Detection\dataset\Grupo_3\E_3_0\Iritech\E_3_0_4\via_region_data.json
E_3_0_4_L_M_N_N_1987_0_2017.bmp308278,Non-Alcohol,C:\PycharmProjects\Alcohol Detection\dataset\Grupo_3\E_3_0\Iritech\E_3_0_4\E_3_0_4_L_5\via_region_data.json
E_3_0_4_L_M_N_N_1987_1_2017.bmp308278,Non-Alcohol,C:\PycharmProjects\Alcohol Detection\dataset\Grupo_3\E_3_0\Iritech\E_3_0_4\E_3_0_4_L_5\via_region_data.json
E_3_0_4_L_M_N_N_1987_2_2017.bmp308278,Non-Alcohol,C:\PycharmProjects\Alcohol Detection\dataset\Grupo_3\E_3_0\Iritech\E_3_0_4\E_3_0_4_L_5\via_region_data.json
E_3_0_4_L_M_N_N_1987_3_2017.bmp308278,Non-Alcohol,C:\PycharmProjects\Alcohol Detection\dataset\Grupo_3\E_3_0\Iritech\E_3_0_4\E_3_0_4_L_5\via_region_data.json
E_3_0_4_L_M_N_N_1987_4_2017.bmp308278,Non-Alcohol,C:\PycharmProjects\Alcohol Detection\dataset\Grupo_3\E_3_0\Iritech\E_3_0_4\E_3_0_4_L_5\via_region_data.json
E_3_0_4_L_M_N_N_1987_5_2017.bmp308278,Non-Alcohol,C:\PycharmProjects\Alcohol Detection\dataset\Grupo_3\E_3_0\Iritech\E_3_0_4\E_3_0_4_L_5\via_region_data.json
E_3_0_4_L_M_N_N_1987_6_2017.bmp308278,Non-Alcohol,C:\PycharmProjects\Alcohol Detection\dataset\Grupo_3\E_3_0\Iritech\E_3_0_4\E_3_0_4_L_5\via_region_data.json
E_3_0_4_L_M_N_N_1987_7_2017.bmp308278,Non-Alcohol,C:\PycharmProjects\Alcohol Detection\dataset\Grupo_3\E_3_0\Iritech\E_3_0_4\E_3_0_4_L_5\via_region_data.json
E_3_0_4_L_M_N_N_1987_8_2017.bmp308278,Non-Alcohol,C:\PycharmProjects\Alcohol Detection\dataset\Grupo_3\E_3_0\Iritech\E_3_0_4\E_3_0_4_L_5\via_region_data.json
E_3_0_4_L_M_N_N_1987_9_2017.bmp308278,Non-Alcohol,C:\PycharmProjects\Alcohol Detection\dataset\Grupo_3\E_3_0\Iritech\E_3_0_4\E_3_0_4_L_5\via_region_data.json
E_3_0_4_L_M_N_N_1987_10_2017.bmp308278,Non-Alcohol,C:\PycharmProjects\Alcohol Detection\dataset\Grupo_3\E_3_0\Iritech\E_3_0_4\E_3_0_4_L_5\via_region_data.json
E_3_0_4_L_M_N_N_1987_11_2017.bmp308278,Non-Alcohol,C:\PycharmProjects\Alcohol Detection\dataset\Grupo_3\E_3_0\Iritech\E_3_0_4\E_3_0_4_L_5\via_region_data.json
E_3_0_4_L_M_N_N_1987_12_2017.bmp308278,Non-Alcohol,C:\PycharmProjects\Alcohol Detection\dataset\Grupo_3\E_3_0\Iritech\E_3_0_4\E_3_0_4_L_5\via_region_data.json
E_3_0_4_L_M_N_N_1987_13_2017.bmp308278,Non-Alcohol,C:\PycharmProjects\Alcohol Detection\dataset\Grupo_3\E_3_0\Iritech\E_3_0_4\E_3_0_4_L_5\via_region_data.json
E_3_0_4_L_M_N_N_1987_14_2017.bmp308278,Non-Alcohol,C:\PycharmProjects\Alcohol Detection\dataset\Grupo_3\E_3_0\Iritech\E_3_0_4\E_3_0_4_L_5\via_region_data.json
E_3_0_4_L_M_N_N_1987_15_2017.bmp308278,Non-Alcohol,C:\PycharmProjects\Alcohol Detection\dataset\Grupo_3\E_3_0\Iritech\E_3_0_4\E_3_0_4_L_5\via_region_data.json
E_3_0_4_L_M_N_N_1987_16_2017.bmp308278,Non-Alcohol,C:\PycharmProjects\Alcohol Detection\dataset\Grupo_3\E_3_0\Iritech\E_3_0_4\E_3_0_4_L_5\via_region_data.json
E_3_0_4_L_M_N_N_1987_17_2017.bmp308278,Non-Alcohol,C:\PycharmProjects\Alcohol Detection\dataset\Grupo_3\E_3_0\Iritech\E_3_0_4\E_3_0_4_L_5\via_region_data.json
E_3_0_4_L_M_N_N_1987_18_2017.bmp308278,Non-Alcohol,C:\PycharmProjects\Alcohol Detection\dataset\Grupo_3\E_3_0\Iritech\E_3_0_4\E_3_0_4_L_5\via_region_data.json
E_3_0_4_L_M_N_N_1987_19_2017.bmp308278,Non-Alcohol,C:\PycharmProjects\Alcohol Detection\dataset\Grupo_3\E_3_0\Iritech\E_3_0_4\E_3_0_4_L_5\via_region_data.json
E_3_0_4_L_M_N_N_1987_20_2017.bmp308278,Non-Alcohol,C:\PycharmProjects\Alcohol Detection\dataset\Grupo_3\E_3_0\Iritech\E_3_0_4\E_3_0_4_L_5\via_region_data.json
E_3_0_4_L_M_N_N_1987_21_2017.bmp308278,Non-Alcohol,C:\PycharmProjects\Alcohol Detection\dataset\Grupo_3\E_3_0\Iritech\E_3_0_4\E_3_0_4_L_5\via_region_data.json
E_3_0_4_L_M_N_N_1987_22_2017.bmp308278,Non-Alcohol,C:\PycharmProjects\Alcohol Detection\dataset\Grupo_3\E_3_0\Iritech\E_3_0_4\E_3_0_4_L_5\via_region_data.json
E_3_0_4_L_M_N_N_1987_23_2017.bmp308278,Non-Alcohol,C:\PycharmProjects\Alcohol Detection\dataset\Grupo_3\E_3_0\Iritech\E_3_0_4\E_3_0_4_L_5\via_region_data.json
E_3_0_4_L_M_N_N_1987_24_2017.bmp308278,Non-Alcohol,C:\PycharmProjects\Alcohol Detection\dataset\Grupo_3\E_3_0\Iritech\E_3_0_4\E_3_0_4_L_5\via_region_data.json
E_3_0_4_L_M_N_N_1987_25_2017.bmp308278,Non-Alcohol,C:\PycharmProjects\Alcohol Detection\dataset\Grupo_3\E_3_0\Iritech\E_3_0_4\E_3_0_4_L_5\via_region_data.json
E_3_0_4_L_M_N_N_1987_26_2017.bmp308278,Non-Alcohol,C:\PycharmProjects\Alcohol Detection\dataset\Grupo_3\E_3_0\Iritech\E_3_0_4\E_3_0_4_L_5\via_region_data.json
E_3_0_4_L_M_N_N_1987_27_2017.bmp308278,Non-Alcohol,C:\PycharmProjects\Alcohol Detection\dataset\Grupo_3\E_3_0\Iritech\E_3_0_4\E_3_0_4_L_5\via_region_data.json
E_3_0_4_L_M_N_N_1987_28_2017.bmp308278,Non-Alcohol,C:\PycharmProjects\Alcohol Detection\dataset\Grupo_3\E_3_0\Iritech\E_3_0_4\E_3_0_4_L_5\via_region_data.json
E_3_0_4_L_M_N_N_1987_29_2017.bmp308278,Non-Alcohol,C:\PycharmProjects\Alcohol Detection\dataset\Grupo_3\E_3_0\Iritech\E_3_0_4\E_3_0_4_L_5\via_region_data.json
E_3_0_4_L_M_N_N_1987_30_2017.bmp308278,Non-Alcohol,C:\PycharmProjects\Alcohol Detection\dataset\Grupo_3\E_3_0\Iritech\E_3_0_4\E_3_0_4_L_5\via_region_data.json
E_3_0_4_L_M_N_N_1987_31_2017.bmp308278,Non-Alcohol,C:\PycharmProjects\Alcohol Detection\dataset\Grupo_3\E_3_0\Iritech\E_3_0_4\E_3_0_4_L_5\via_region_data.json
E_3_0_4_L_M_N_N_1987_32_2017.bmp308278,Non-Alcohol,C:\PycharmProjects\Alcohol Detection\dataset\Grupo_3\E_3_0\Iritech\E_3_0_4\E_3_0_4_L_5\via_region_data.json
E_3_0_4_L_M_N_N_1987_33_2017.bmp308278,Non-Alcohol,C:\PycharmProjects\Alcohol Detection\dataset\Grupo_3\E_3_0\Iritech\E_3_0_4\E_3_0_4_L_5\via_region_data.json
E_3_0_4_L_M_N_N_1987_34_2017.bmp308278,Non-Alcohol,C:\PycharmProjects\Alcohol Detection\dataset\Grupo_3\E_3_0\Iritech\E_3_0_4\E_3_0_4_L_5\via_region_data.json
E_3_0_4_L_M_N_N_1987_35_2017.bmp308278,Non-Alcohol,C:\PycharmProjects\Alcohol Detection\dataset\Grupo_3\E_3_0\Iritech\E_3_0_4\E_3_0_4_L_5\via_region_data.json
E_3_0_4_L_M_N_N_1987_36_2017.bmp308278,Non-Alcohol,C:\PycharmProjects\Alcohol Detection\dataset\Grupo_3\E_3_0\Iritech\E_3_0_4\E_3_0_4_L_5\via_region_data.json
E_3_0_4_L_M_N_N_1987_37_2017.bmp308278,Non-Alcohol,C:\PycharmProjects\Alcohol Detection\dataset\Grupo_3\E_3_0\Iritech\E_3_0_4\E_3_0_4_L_5\via_region_data.json
E_3_0_4_L_M_N_N_1987_38_2017.bmp308278,Non-Alcohol,C:\PycharmProjects\Alcohol Detection\dataset\Grupo_3\E_3_0\Iritech\E_3_0_4\E_3_0_4_L_5\via_region_data.json
E_3_0_4_L_M_N_N_1987_39_2017.bmp308278,Non-Alcohol,C:\PycharmProjects\Alcohol Detection\dataset\Grupo_3\E_3_0\Iritech\E_3_0_4\E_3_0_4_L_5\via_region_data.json
E_3_0_4_L_M_N_N_1987_40_2017.bmp308278,Non-Alcohol,C:\PycharmProjects\Alcohol Detection\dataset\Grupo_3\E_3_0\Iritech\E_3_0_4\E_3_0_4_L_5\via_region_data.json
E_3_0_4_L_M_N_N_1987_41_2017.bmp308278,Non-Alcohol,C:\PycharmProjects\Alcohol Detection\dataset\Grupo_3\E_3_0\Iritech\E_3_0_4\E_3_0_4_L_5\via_region_data.json
E_3_0_4_L_M_N_N_1987_42_2017.bmp308278,Non-Alcohol,C:\PycharmProjects\Alcohol Detection\dataset\Grupo_3\E_3_0\Iritech\E_3_0_4\E_3_0_4_L_5\via_region_data.json
E_3_0_4_L_M_N_N_1987_43_2017.bmp308278,Non-Alcohol,C:\PycharmProjects\Alcohol Detection\dataset\Grupo_3\E_3_0\Iritech\E_3_0_4\E_3_0_4_L_5\via_region_data.json
E_3_0_4_L_M_N_N_1987_44_2017.bmp308278,Non-Alcohol,C:\PycharmProjects\Alcohol Detection\dataset\Grupo_3\E_3_0\Iritech\E_3_0_4\E_3_0_4_L_5\via_region_data.json
E_3_0_4_L_M_N_N_1987_45_2017.bmp308278,Non-Alcohol,C:\PycharmProjects\Alcohol Detection\dataset\Grupo_3\E_3_0\Iritech\E_3_0_4\E_3_0_4_L_5\via_region_data.json
E_3_0_4_L_M_N_N_1987_46_2017.bmp308278,Non-Alcohol,C:\PycharmProjects\Alcohol Detection\dataset\Grupo_3\E_3_0\Iritech\E_3_0_4\E_3_0_4_L_5\via_region_data.json
E_3_0_4_L_M_N_N_1987_47_2017.bmp308278,Non-Alcohol,C:\PycharmProjects\Alcohol Detection\dataset\Grupo_3\E_3_0\Iritech\E_3_0_4\E_3_0_4_L_5\via_region_data.json
E_3_0_4_L_M_N_N_1987_48_2017.bmp308278,Non-Alcohol,C:\PycharmProjects\Alcohol Detection\dataset\Grupo_3\E_3_0\Iritech\E_3_0_4\E_3_0_4_L_5\via_region_data.json
E_3_0_4_L_M_N_N_1987_49_2017.bmp308278,Non-Alcohol,C:\PycharmProjects\Alcohol Detection\dataset\Grupo_3\E_3_0\Iritech\E_3_0_4\E_3_0_4_L_5\via_region_data.json
E_3_0_4_L_M_N_N_1987_50_2017.bmp308278,Non-Alcohol,C:\PycharmProjects\Alcohol Detection\dataset\Grupo_3\E_3_0\Iritech\E_3_0_4\E_3_0_4_L_5\via_region_data.json
E_3_0_4_L_M_N_N_1987_51_2017.bmp308278,Non-Alcohol,C:\PycharmProjects\Alcohol Detection\dataset\Grupo_3\E_3_0\Iritech\E_3_0_4\E_3_0_4_L_5\via_region_data.json
E_3_0_4_L_M_N_N_1987_52_2017.bmp308278,Non-Alcohol,C:\PycharmProjects\Alcohol Detection\dataset\Grupo_3\E_3_0\Iritech\E_3_0_4\E_3_0_4_L_5\via_region_data.json
E_3_0_4_L_M_N_N_1987_53_2017.bmp308278,Non-Alcohol,C:\PycharmProjects\Alcohol Detection\dataset\Grupo_3\E_3_0\Iritech\E_3_0_4\E_3_0_4_L_5\via_region_data.json
E_3_0_4_L_M_N_N_1987_54_2017.bmp308278,Non-Alcohol,C:\PycharmProjects\Alcohol Detection\dataset\Grupo_3\E_3_0\Iritech\E_3_0_4\E_3_0_4_L_5\via_region_data.json
E_3_0_4_L_M_N_N_1987_55_2017.bmp308278,Non-Alcohol,C:\PycharmProjects\Alcohol Detection\dataset\Grupo_3\E_3_0\Iritech\E_3_0_4\E_3_0_4_L_5\via_region_data.json
E_3_0_4_L_M_N_N_1987_56_2017.bmp308278,Non-Alcohol,C:\PycharmProjects\Alcohol Detection\dataset\Grupo_3\E_3_0\Iritech\E_3_0_4\E_3_0_4_L_5\via_region_data.json
E_3_0_4_L_M_N_N_1987_57_2017.bmp308278,Non-Alcohol,C:\PycharmProjects\Alcohol Detection\dataset\Grupo_3\E_3_0\Iritech\E_3_0_4\E_3_0_4_L_5\via_region_data.json
E_3_0_4_L_M_N_N_1987_58_2017.bmp308278,Non-Alcohol,C:\PycharmProjects\Alcohol Detection\dataset\Grupo_3\E_3_0\Iritech\E_3_0_4\E_3_0_4_L_5\via_region_data.json
E_3_0_4_L_M_N_N_1987_59_2017.bmp308278,Non-Alcohol,C:\PycharmProjects\Alcohol Detection\dataset\Grupo_3\E_3_0\Iritech\E_3_0_4\E_3_0_4_L_5\via_region_data.json
E_3_0_4_L_M_N_N_1987_60_2017.bmp308278,Non-Alcohol,C:\PycharmProjects\Alcohol Detection\dataset\Grupo_3\E_3_0\Iritech\E_3_0_4\E_3_0_4_L_5\via_region_data.json
E_3_0_4_L_M_N_N_1987_61_2017.bmp308278,Non-Alcohol,C:\PycharmProjects\Alcohol Detection\dataset\Grupo_3\E_3_0\Iritech\E_3_0_4\E_3_0_4_L_5\via_region_data.json
E_3_0_4_L_M_N_N_1987_62_2017.bmp308278,Non-Alcohol,C:\PycharmProjects\Alcohol Detection\dataset\Grupo_3\E_3_0\Iritech\E_3_0_4\E_3_0_4_L_5\via_region_data.json
E_3_0_4_L_M_N_N_1987_63_2017.bmp308278,Non-Alcohol,C:\PycharmProjects\Alcohol Detection\dataset\Grupo_3\E_3_0\Iritech\E_3_0_4\E_3_0_4_L_5\via_region_data.json
E_3_0_4_L_M_N_N_1987_64_2017.bmp308278,Non-Alcohol,C:\PycharmProjects\Alcohol Detection\dataset\Grupo_3\E_3_0\Iritech\E_3_0_4\E_3_0_4_L_5\via_region_data.json
E_3_0_4_L_M_N_N_1987_65_2017.bmp308278,Non-Alcohol,C:\PycharmProjects\Alcohol Detection\dataset\Grupo_3\E_3_0\Iritech\E_3_0_4\E_3_0_4_L_5\via_region_data.json
E_3_0_4_L_M_N_N_1987_66_2017.bmp308278,Non-Alcohol,C:\PycharmProjects\Alcohol Detection\dataset\Grupo_3\E_3_0\Iritech\E_3_0_4\E_3_0_4_L_5\via_region_data.json
E_3_0_4_L_M_N_N_1987_67_2017.bmp308278,Non-Alcohol,C:\PycharmProjects\Alcohol Detection\dataset\Grupo_3\E_3_0\Iritech\E_3_0_4\E_3_0_4_L_5\via_region_data.json
E_3_0_4_L_M_N_N_1987_68_2017.bmp308278,Non-Alcohol,C:\PycharmProjects\Alcohol Detection\dataset\Grupo_3\E_3_0\Iritech\E_3_0_4\E_3_0_4_L_5\via_region_data.json
E_3_0_4_L_M_N_N_1987_69_2017.bmp308278,Non-Alcohol,C:\PycharmProjects\Alcohol Detection\dataset\Grupo_3\E_3_0\Iritech\E_3_0_4\E_3_0_4_L_5\via_region_data.json
E_3_0_4_L_M_N_N_1987_70_2017.bmp308278,Non-Alcohol,C:\PycharmProjects\Alcohol Detection\dataset\Grupo_3\E_3_0\Iritech\E_3_0_4\E_3_0_4_L_5\via_region_data.json
E_3_0_4_L_M_N_N_1987_71_2017.bmp308278,Non-Alcohol,C:\PycharmProjects\Alcohol Detection\dataset\Grupo_3\E_3_0\Iritech\E_3_0_4\E_3_0_4_L_5\via_region_data.json
E_3_0_4_L_M_N_N_1987_72_2017.bmp308278,Non-Alcohol,C:\PycharmProjects\Alcohol Detection\dataset\Grupo_3\E_3_0\Iritech\E_3_0_4\E_3_0_4_L_5\via_region_data.json
E_3_0_4_L_M_N_N_1987_73_2017.bmp308278,Non-Alcohol,C:\PycharmProjects\Alcohol Detection\dataset\Grupo_3\E_3_0\Iritech\E_3_0_4\E_3_0_4_L_5\via_region_data.json
E_3_0_4_L_M_N_N_1987_74_2017.bmp308278,Non-Alcohol,C:\PycharmProjects\Alcohol Detection\dataset\Grupo_3\E_3_0\Iritech\E_3_0_4\E_3_0_4_L_5\via_region_data.json
E_3_0_4_L_M_N_N_1987_75_2017.bmp308278,Non-Alcohol,C:\PycharmProjects\Alcohol Detection\dataset\Grupo_3\E_3_0\Iritech\E_3_0_4\E_3_0_4_L_5\via_region_data.json
E_3_0_4_L_M_N_N_1987_76_2017.bmp308278,Non-Alcohol,C:\PycharmProjects\Alcohol Detection\dataset\Grupo_3\E_3_0\Iritech\E_3_0_4\E_3_0_4_L_5\via_region_data.json
E_3_0_4_L_M_N_N_1987_77_2017.bmp308278,Non-Alcohol,C:\PycharmProjects\Alcohol Detection\dataset\Grupo_3\E_3_0\Iritech\E_3_0_4\E_3_0_4_L_5\via_region_data.json
E_3_0_4_L_M_N_N_1987_78_2017.bmp308278,Non-Alcohol,C:\PycharmProjects\Alcohol Detection\dataset\Grupo_3\E_3_0\Iritech\E_3_0_4\E_3_0_4_L_5\via_region_data.json
E_3_0_4_L_M_N_N_1987_79_2017.bmp308278,Non-Alcohol,C:\PycharmProjects\Alcohol Detection\dataset\Grupo_3\E_3_0\Iritech\E_3_0_4\E_3_0_4_L_5\via_region_data.json
E_3_0_4_L_M_N_N_1987_80_2017.bmp308278,Non-Alcohol,C:\PycharmProjects\Alcohol Detection\dataset\Grupo_3\E_3_0\Iritech\E_3_0_4\E_3_0_4_L_5\via_region_data.json
E_3_0_4_R_M_N_N_1987_0_2017.bmp308278,Non-Alcohol,C:\PycharmProjects\Alcohol Detection\dataset\Grupo_3\E_3_0\Iritech\E_3_0_4\E_3_0_4_R_5\via_region_data.json
E_3_0_4_R_M_N_N_1987_1_2017.bmp308278,Non-Alcohol,C:\PycharmProjects\Alcohol Detection\dataset\Grupo_3\E_3_0\Iritech\E_3_0_4\E_3_0_4_R_5\via_region_data.json
E_3_0_4_R_M_N_N_1987_2_2017.bmp308278,Non-Alcohol,C:\PycharmProjects\Alcohol Detection\dataset\Grupo_3\E_3_0\Iritech\E_3_0_4\E_3_0_4_R_5\via_region_data.json
E_3_0_4_R_M_N_N_1987_3_2017.bmp308278,Non-Alcohol,C:\PycharmProjects\Alcohol Detection\dataset\Grupo_3\E_3_0\Iritech\E_3_0_4\E_3_0_4_R_5\via_region_data.json
E_3_0_4_R_M_N_N_1987_4_2017.bmp308278,Non-Alcohol,C:\PycharmProjects\Alcohol Detection\dataset\Grupo_3\E_3_0\Iritech\E_3_0_4\E_3_0_4_R_5\via_region_data.json
E_3_0_4_R_M_N_N_1987_5_2017.bmp308278,Non-Alcohol,C:\PycharmProjects\Alcohol Detection\dataset\Grupo_3\E_3_0\Iritech\E_3_0_4\E_3_0_4_R_5\via_region_data.json
E_3_0_4_R_M_N_N_1987_6_2017.bmp308278,Non-Alcohol,C:\PycharmProjects\Alcohol Detection\dataset\Grupo_3\E_3_0\Iritech\E_3_0_4\E_3_0_4_R_5\via_region_data.json
E_3_0_4_R_M_N_N_1987_7_2017.bmp308278,Non-Alcohol,C:\PycharmProjects\Alcohol Detection\dataset\Grupo_3\E_3_0\Iritech\E_3_0_4\E_3_0_4_R_5\via_region_data.json
E_3_0_4_R_M_N_N_1987_8_2017.bmp308278,Non-Alcohol,C:\PycharmProjects\Alcohol Detection\dataset\Grupo_3\E_3_0\Iritech\E_3_0_4\E_3_0_4_R_5\via_region_data.json
E_3_0_4_R_M_N_N_1987_9_2017.bmp308278,Non-Alcohol,C:\PycharmProjects\Alcohol Detection\dataset\Grupo_3\E_3_0\Iritech\E_3_0_4\E_3_0_4_R_5\via_region_data.json
E_3_0_4_R_M_N_N_1987_10_2017.bmp308278,Non-Alcohol,C:\PycharmProjects\Alcohol Detection\dataset\Grupo_3\E_3_0\Iritech\E_3_0_4\E_3_0_4_R_5\via_region_data.json
E_3_0_4_R_M_N_N_1987_11_2017.bmp308278,Non-Alcohol,C:\PycharmProjects\Alcohol Detection\dataset\Grupo_3\E_3_0\Iritech\E_3_0_4\E_3_0_4_R_5\via_region_data.json
E_3_0_4_R_M_N_N_1987_12_2017.bmp308278,Non-Alcohol,C:\PycharmProjects\Alcohol Detection\dataset\Grupo_3\E_3_0\Iritech\E_3_0_4\E_3_0_4_R_5\via_region_data.json
E_3_0_4_R_M_N_N_1987_13_2017.bmp308278,Non-Alcohol,C:\PycharmProjects\Alcohol Detection\dataset\Grupo_3\E_3_0\Iritech\E_3_0_4\E_3_0_4_R_5\via_region_data.json
E_3_0_4_R_M_N_N_1987_14_2017.bmp308278,Non-Alcohol,C:\PycharmProjects\Alcohol Detection\dataset\Grupo_3\E_3_0\Iritech\E_3_0_4\E_3_0_4_R_5\via_region_data.json
E_3_0_4_R_M_N_N_1987_15_2017.bmp308278,Non-Alcohol,C:\PycharmProjects\Alcohol Detection\dataset\Grupo_3\E_3_0\Iritech\E_3_0_4\E_3_0_4_R_5\via_region_data.json
E_3_0_4_R_M_N_N_1987_16_2017.bmp308278,Non-Alcohol,C:\PycharmProjects\Alcohol Detection\dataset\Grupo_3\E_3_0\Iritech\E_3_0_4\E_3_0_4_R_5\via_region_data.json
E_3_0_4_R_M_N_N_1987_17_2017.bmp308278,Non-Alcohol,C:\PycharmProjects\Alcohol Detection\dataset\Grupo_3\E_3_0\Iritech\E_3_0_4\E_3_0_4_R_5\via_region_data.json
E_3_0_4_R_M_N_N_1987_18_2017.bmp308278,Non-Alcohol,C:\PycharmProjects\Alcohol Detection\dataset\Grupo_3\E_3_0\Iritech\E_3_0_4\E_3_0_4_R_5\via_region_data.json
E_3_0_4_R_M_N_N_1987_19_2017.bmp308278,Non-Alcohol,C:\PycharmProjects\Alcohol Detection\dataset\Grupo_3\E_3_0\Iritech\E_3_0_4\E_3_0_4_R_5\via_region_data.json
E_3_0_4_R_M_N_N_1987_20_2017.bmp308278,Non-Alcohol,C:\PycharmProjects\Alcohol Detection\dataset\Grupo_3\E_3_0\Iritech\E_3_0_4\E_3_0_4_R_5\via_region_data.json
E_3_0_4_R_M_N_N_1987_21_2017.bmp308278,Non-Alcohol,C:\PycharmProjects\Alcohol Detection\dataset\Grupo_3\E_3_0\Iritech\E_3_0_4\E_3_0_4_R_5\via_region_data.json
E_3_0_4_R_M_N_N_1987_22_2017.bmp308278,Non-Alcohol,C:\PycharmProjects\Alcohol Detection\dataset\Grupo_3\E_3_0\Iritech\E_3_0_4\E_3_0_4_R_5\via_region_data.json
E_3_0_4_R_M_N_N_1987_23_2017.bmp308278,Non-Alcohol,C:\PycharmProjects\Alcohol Detection\dataset\Grupo_3\E_3_0\Iritech\E_3_0_4\E_3_0_4_R_5\via_region_data.json
E_3_0_4_R_M_N_N_1987_24_2017.bmp308278,Non-Alcohol,C:\PycharmProjects\Alcohol Detection\dataset\Grupo_3\E_3_0\Iritech\E_3_0_4\E_3_0_4_R_5\via_region_data.json
E_3_0_4_R_M_N_N_1987_25_2017.bmp308278,Non-Alcohol,C:\PycharmProjects\Alcohol Detection\dataset\Grupo_3\E_3_0\Iritech\E_3_0_4\E_3_0_4_R_5\via_region_data.json
E_3_0_4_R_M_N_N_1987_26_2017.bmp308278,Non-Alcohol,C:\PycharmProjects\Alcohol Detection\dataset\Grupo_3\E_3_0\Iritech\E_3_0_4\E_3_0_4_R_5\via_region_data.json
E_3_0_4_R_M_N_N_1987_27_2017.bmp308278,Non-Alcohol,C:\PycharmProjects\Alcohol Detection\dataset\Grupo_3\E_3_0\Iritech\E_3_0_4\E_3_0_4_R_5\via_region_data.json
E_3_0_4_R_M_N_N_1987_28_2017.bmp308278,Non-Alcohol,C:\PycharmProjects\Alcohol Detection\dataset\Grupo_3\E_3_0\Iritech\E_3_0_4\E_3_0_4_R_5\via_region_data.json
E_3_0_4_R_M_N_N_1987_29_2017.bmp308278,Non-Alcohol,C:\PycharmProjects\Alcohol Detection\dataset\Grupo_3\E_3_0\Iritech\E_3_0_4\E_3_0_4_R_5\via_region_data.json
E_3_0_4_R_M_N_N_1987_30_2017.bmp308278,Non-Alcohol,C:\PycharmProjects\Alcohol Detection\dataset\Grupo_3\E_3_0\Iritech\E_3_0_4\E_3_0_4_R_5\via_region_data.json
E_3_0_4_R_M_N_N_1987_31_2017.bmp308278,Non-Alcohol,C:\PycharmProjects\Alcohol Detection\dataset\Grupo_3\E_3_0\Iritech\E_3_0_4\E_3_0_4_R_5\via_region_data.json
E_3_0_4_R_M_N_N_1987_32_2017.bmp308278,Non-Alcohol,C:\PycharmProjects\Alcohol Detection\dataset\Grupo_3\E_3_0\Iritech\E_3_0_4\E_3_0_4_R_5\via_region_data.json
E_3_0_4_R_M_N_N_1987_33_2017.bmp308278,Non-Alcohol,C:\PycharmProjects\Alcohol Detection\dataset\Grupo_3\E_3_0\Iritech\E_3_0_4\E_3_0_4_R_5\via_region_data.json
E_3_0_4_R_M_N_N_1987_34_2017.bmp308278,Non-Alcohol,C:\PycharmProjects\Alcohol Detection\dataset\Grupo_3\E_3_0\Iritech\E_3_0_4\E_3_0_4_R_5\via_region_data.json
E_3_0_4_R_M_N_N_1987_35_2017.bmp308278,Non-Alcohol,C:\PycharmProjects\Alcohol Detection\dataset\Grupo_3\E_3_0\Iritech\E_3_0_4\E_3_0_4_R_5\via_region_data.json
E_3_0_4_R_M_N_N_1987_36_2017.bmp308278,Non-Alcohol,C:\PycharmProjects\Alcohol Detection\dataset\Grupo_3\E_3_0\Iritech\E_3_0_4\E_3_0_4_R_5\via_region_data.json
E_3_0_4_R_M_N_N_1987_37_2017.bmp308278,Non-Alcohol,C:\PycharmProjects\Alcohol Detection\dataset\Grupo_3\E_3_0\Iritech\E_3_0_4\E_3_0_4_R_5\via_region_data.json
E_3_0_4_R_M_N_N_1987_38_2017.bmp308278,Non-Alcohol,C:\PycharmProjects\Alcohol Detection\dataset\Grupo_3\E_3_0\Iritech\E_3_0_4\E_3_0_4_R_5\via_region_data.json
E_3_0_4_R_M_N_N_1987_39_2017.bmp308278,Non-Alcohol,C:\PycharmProjects\Alcohol Detection\dataset\Grupo_3\E_3_0\Iritech\E_3_0_4\E_3_0_4_R_5\via_region_data.json
E_3_0_4_R_M_N_N_1987_40_2017.bmp308278,Non-Alcohol,C:\PycharmProjects\Alcohol Detection\dataset\Grupo_3\E_3_0\Iritech\E_3_0_4\E_3_0_4_R_5\via_region_data.json
E_3_0_4_R_M_N_N_1987_41_2017.bmp308278,Non-Alcohol,C:\PycharmProjects\Alcohol Detection\dataset\Grupo_3\E_3_0\Iritech\E_3_0_4\E_3_0_4_R_5\via_region_data.json
E_3_0_4_R_M_N_N_1987_42_2017.bmp308278,Non-Alcohol,C:\PycharmProjects\Alcohol Detection\dataset\Grupo_3\E_3_0\Iritech\E_3_0_4\E_3_0_4_R_5\via_region_data.json
E_3_0_4_R_M_N_N_1987_43_2017.bmp308278,Non-Alcohol,C:\PycharmProjects\Alcohol Detection\dataset\Grupo_3\E_3_0\Iritech\E_3_0_4\E_3_0_4_R_5\via_region_data.json
E_3_0_4_R_M_N_N_1987_44_2017.bmp308278,Non-Alcohol,C:\PycharmProjects\Alcohol Detection\dataset\Grupo_3\E_3_0\Iritech\E_3_0_4\E_3_0_4_R_5\via_region_data.json
E_3_0_4_R_M_N_N_1987_45_2017.bmp308278,Non-Alcohol,C:\PycharmProjects\Alcohol Detection\dataset\Grupo_3\E_3_0\Iritech\E_3_0_4\E_3_0_4_R_5\via_region_data.json
E_3_0_4_R_M_N_N_1987_46_2017.bmp308278,Non-Alcohol,C:\PycharmProjects\Alcohol Detection\dataset\Grupo_3\E_3_0\Iritech\E_3_0_4\E_3_0_4_R_5\via_region_data.json
E_3_0_4_R_M_N_N_1987_47_2017.bmp308278,Non-Alcohol,C:\PycharmProjects\Alcohol Detection\dataset\Grupo_3\E_3_0\Iritech\E_3_0_4\E_3_0_4_R_5\via_region_data.json
E_3_0_4_R_M_N_N_1987_48_2017.bmp308278,Non-Alcohol,C:\PycharmProjects\Alcohol Detection\dataset\Grupo_3\E_3_0\Iritech\E_3_0_4\E_3_0_4_R_5\via_region_data.json
E_3_0_4_R_M_N_N_1987_49_2017.bmp308278,Non-Alcohol,C:\PycharmProjects\Alcohol Detection\dataset\Grupo_3\E_3_0\Iritech\E_3_0_4\E_3_0_4_R_5\via_region_data.json
E_3_0_4_R_M_N_N_1987_50_2017.bmp308278,Non-Alcohol,C:\PycharmProjects\Alcohol Detection\dataset\Grupo_3\E_3_0\Iritech\E_3_0_4\E_3_0_4_R_5\via_region_data.json
E_3_0_4_R_M_N_N_1987_51_2017.bmp308278,Non-Alcohol,C:\PycharmProjects\Alcohol Detection\dataset\Grupo_3\E_3_0\Iritech\E_3_0_4\E_3_0_4_R_5\via_region_data.json
E_3_0_4_R_M_N_N_1987_52_2017.bmp308278,Non-Alcohol,C:\PycharmProjects\Alcohol Detection\dataset\Grupo_3\E_3_0\Iritech\E_3_0_4\E_3_0_4_R_5\via_region_data.json
E_3_0_4_R_M_N_N_1987_53_2017.bmp308278,Non-Alcohol,C:\PycharmProjects\Alcohol Detection\dataset\Grupo_3\E_3_0\Iritech\E_3_0_4\E_3_0_4_R_5\via_region_data.json
E_3_0_4_R_M_N_N_1987_54_2017.bmp308278,Non-Alcohol,C:\PycharmProjects\Alcohol Detection\dataset\Grupo_3\E_3_0\Iritech\E_3_0_4\E_3_0_4_R_5\via_region_data.json
E_3_0_4_R_M_N_N_1987_55_2017.bmp308278,Non-Alcohol,C:\PycharmProjects\Alcohol Detection\dataset\Grupo_3\E_3_0\Iritech\E_3_0_4\E_3_0_4_R_5\via_region_data.json
E_3_0_4_R_M_N_N_1987_56_2017.bmp308278,Non-Alcohol,C:\PycharmProjects\Alcohol Detection\dataset\Grupo_3\E_3_0\Iritech\E_3_0_4\E_3_0_4_R_5\via_region_data.json
E_3_0_4_R_M_N_N_1987_57_2017.bmp308278,Non-Alcohol,C:\PycharmProjects\Alcohol Detection\dataset\Grupo_3\E_3_0\Iritech\E_3_0_4\E_3_0_4_R_5\via_region_data.json
E_3_0_4_R_M_N_N_1987_58_2017.bmp308278,Non-Alcohol,C:\PycharmProjects\Alcohol Detection\dataset\Grupo_3\E_3_0\Iritech\E_3_0_4\E_3_0_4_R_5\via_region_data.json
E_3_0_4_R_M_N_N_1987_59_2017.bmp308278,Non-Alcohol,C:\PycharmProjects\Alcohol Detection\dataset\Grupo_3\E_3_0\Iritech\E_3_0_4\E_3_0_4_R_5\via_region_data.json
E_3_0_4_R_M_N_N_1987_60_2017.bmp308278,Non-Alcohol,C:\PycharmProjects\Alcohol Detection\dataset\Grupo_3\E_3_0\Iritech\E_3_0_4\E_3_0_4_R_5\via_region_data.json
E_3_0_4_R_M_N_N_1987_61_2017.bmp308278,Non-Alcohol,C:\PycharmProjects\Alcohol Detection\dataset\Grupo_3\E_3_0\Iritech\E_3_0_4\E_3_0_4_R_5\via_region_data.json
E_3_0_4_R_M_N_N_1987_62_2017.bmp308278,Non-Alcohol,C:\PycharmProjects\Alcohol Detection\dataset\Grupo_3\E_3_0\Iritech\E_3_0_4\E_3_0_4_R_5\via_region_data.json
E_3_0_4_R_M_N_N_1987_63_2017.bmp308278,Non-Alcohol,C:\PycharmProjects\Alcohol Detection\dataset\Grupo_3\E_3_0\Iritech\E_3_0_4\E_3_0_4_R_5\via_region_data.json
E_3_0_4_R_M_N_N_1987_64_2017.bmp308278,Non-Alcohol,C:\PycharmProjects\Alcohol Detection\dataset\Grupo_3\E_3_0\Iritech\E_3_0_4\E_3_0_4_R_5\via_region_data.json
E_3_0_4_R_M_N_N_1987_65_2017.bmp308278,Non-Alcohol,C:\PycharmProjects\Alcohol Detection\dataset\Grupo_3\E_3_0\Iritech\E_3_0_4\E_3_0_4_R_5\via_region_data.json
E_3_0_4_R_M_N_N_1987_66_2017.bmp308278,Non-Alcohol,C:\PycharmProjects\Alcohol Detection\dataset\Grupo_3\E_3_0\Iritech\E_3_0_4\E_3_0_4_R_5\via_region_data.json
E_3_0_4_R_M_N_N_1987_67_2017.bmp308278,Non-Alcohol,C:\PycharmProjects\Alcohol Detection\dataset\Grupo_3\E_3_0\Iritech\E_3_0_4\E_3_0_4_R_5\via_region_data.json
E_3_0_4_R_M_N_N_1987_68_2017.bmp308278,Non-Alcohol,C:\PycharmProjects\Alcohol Detection\dataset\Grupo_3\E_3_0\Iritech\E_3_0_4\E_3_0_4_R_5\via_region_data.json
E_3_0_4_R_M_N_N_1987_69_2017.bmp308278,Non-Alcohol,C:\PycharmProjects\Alcohol Detection\dataset\Grupo_3\E_3_0\Iritech\E_3_0_4\E_3_0_4_R_5\via_region_data.json
E_3_0_4_R_M_N_N_1987_70_2017.bmp308278,Non-Alcohol,C:\PycharmProjects\Alcohol Detection\dataset\Grupo_3\E_3_0\Iritech\E_3_0_4\E_3_0_4_R_5\via_region_data.json
E_3_0_4_R_M_N_N_1987_71_2017.bmp308278,Non-Alcohol,C:\PycharmProjects\Alcohol Detection\dataset\Grupo_3\E_3_0\Iritech\E_3_0_4\E_3_0_4_R_5\via_region_data.json
E_3_0_4_R_M_N_N_1987_72_2017.bmp308278,Non-Alcohol,C:\PycharmProjects\Alcohol Detection\dataset\Grupo_3\E_3_0\Iritech\E_3_0_4\E_3_0_4_R_5\via_region_data.json
E_3_0_4_R_M_N_N_1987_73_2017.bmp308278,Non-Alcohol,C:\PycharmProjects\Alcohol Detection\dataset\Grupo_3\E_3_0\Iritech\E_3_0_4\E_3_0_4_R_5\via_region_data.json
E_3_0_4_R_M_N_N_1987_74_2017.bmp308278,Non-Alcohol,C:\PycharmProjects\Alcohol Detection\dataset\Grupo_3\E_3_0\Iritech\E_3_0_4\E_3_0_4_R_5\via_region_data.json
E_3_0_4_R_M_N_N_1987_75_2017.bmp308278,Non-Alcohol,C:\PycharmProjects\Alcohol Detection\dataset\Grupo_3\E_3_0\Iritech\E_3_0_4\E_3_0_4_R_5\via_region_data.json
E_3_0_4_R_M_N_N_1987_76_2017.bmp308278,Non-Alcohol,C:\PycharmProjects\Alcohol Detection\dataset\Grupo_3\E_3_0\Iritech\E_3_0_4\E_3_0_4_R_5\via_region_data.json
E_3_0_4_R_M_N_N_1987_77_2017.bmp308278,Non-Alcohol,C:\PycharmProjects\Alcohol Detection\dataset\Grupo_3\E_3_0\Iritech\E_3_0_4\E_3_0_4_R_5\via_region_data.json
E_3_0_4_R_M_N_N_1987_78_2017.bmp308278,Non-Alcohol,C:\PycharmProjects\Alcohol Detection\dataset\Grupo_3\E_3_0\Iritech\E_3_0_4\E_3_0_4_R_5\via_region_data.json
E_3_0_4_R_M_N_N_1987_79_2017.bmp308278,Non-Alcohol,C:\PycharmProjects\Alcohol Detection\dataset\Grupo_3\E_3_0\Iritech\E_3_0_4\E_3_0_4_R_5\via_region_data.json
E_3_0_0_L_M_N_N_1987_0_2017.bmp308278,Non-Alcohol,C:\PycharmProjects\Alcohol Detection\dataset\Grupo_3\E_3_0\LG\E_3_0_0\E_3_0_0_R_10\via_region_data.json
E_3_0_0_L_M_N_N_1987_1_2017.bmp308278,Non-Alcohol,C:\PycharmProjects\Alcohol Detection\dataset\Grupo_3\E_3_0\LG\E_3_0_0\E_3_0_0_R_10\via_region_data.json
E_3_0_0_L_M_N_N_1987_2_2017.bmp308278,Non-Alcohol,C:\PycharmProjects\Alcohol Detection\dataset\Grupo_3\E_3_0\LG\E_3_0_0\E_3_0_0_R_10\via_region_data.json
E_3_0_0_L_M_N_N_1987_3_2017.bmp308278,Non-Alcohol,C:\PycharmProjects\Alcohol Detection\dataset\Grupo_3\E_3_0\LG\E_3_0_0\E_3_0_0_R_10\via_region_data.json
E_3_0_0_L_M_N_N_1987_4_2017.bmp308278,Non-Alcohol,C:\PycharmProjects\Alcohol Detection\dataset\Grupo_3\E_3_0\LG\E_3_0_0\E_3_0_0_R_10\via_region_data.json
E_3_0_0_L_M_N_N_1987_5_2017.bmp308278,Non-Alcohol,C:\PycharmProjects\Alcohol Detection\dataset\Grupo_3\E_3_0\LG\E_3_0_0\E_3_0_0_R_10\via_region_data.json
E_3_0_0_L_M_N_N_1987_6_2017.bmp308278,Non-Alcohol,C:\PycharmProjects\Alcohol Detection\dataset\Grupo_3\E_3_0\LG\E_3_0_0\E_3_0_0_R_10\via_region_data.json
E_3_0_0_L_M_N_N_1987_7_2017.bmp308278,Non-Alcohol,C:\PycharmProjects\Alcohol Detection\dataset\Grupo_3\E_3_0\LG\E_3_0_0\E_3_0_0_R_10\via_region_data.json
E_3_0_0_L_M_N_N_1987_8_2017.bmp308278,Non-Alcohol,C:\PycharmProjects\Alcohol Detection\dataset\Grupo_3\E_3_0\LG\E_3_0_0\E_3_0_0_R_10\via_region_data.json
E_3_0_0_L_M_N_N_1987_9_2017.bmp308278,Non-Alcohol,C:\PycharmProjects\Alcohol Detection\dataset\Grupo_3\E_3_0\LG\E_3_0_0\E_3_0_0_R_10\via_region_data.json
E_3_0_0_R_M_N_N_1987_0_2017.bmp308278,Non-Alcohol,C:\PycharmProjects\Alcohol Detection\dataset\Grupo_3\E_3_0\LG\E_3_0_0\E_3_0_0_R_10\via_region_data.json
E_3_0_0_R_M_N_N_1987_1_2017.bmp308278,Non-Alcohol,C:\PycharmProjects\Alcohol Detection\dataset\Grupo_3\E_3_0\LG\E_3_0_0\E_3_0_0_R_10\via_region_data.json
E_3_0_0_R_M_N_N_1987_2_2017.bmp308278,Non-Alcohol,C:\PycharmProjects\Alcohol Detection\dataset\Grupo_3\E_3_0\LG\E_3_0_0\E_3_0_0_R_10\via_region_data.json
E_3_0_0_R_M_N_N_1987_3_2017.bmp308278,Non-Alcohol,C:\PycharmProjects\Alcohol Detection\dataset\Grupo_3\E_3_0\LG\E_3_0_0\E_3_0_0_R_10\via_region_data.json
E_3_0_0_R_M_N_N_1987_4_2017.bmp308278,Non-Alcohol,C:\PycharmProjects\Alcohol Detection\dataset\Grupo_3\E_3_0\LG\E_3_0_0\E_3_0_0_R_10\via_region_data.json
E_3_0_0_R_M_N_N_1987_5_2017.bmp308278,Non-Alcohol,C:\PycharmProjects\Alcohol Detection\dataset\Grupo_3\E_3_0\LG\E_3_0_0\E_3_0_0_R_10\via_region_data.json
E_3_0_0_R_M_N_N_1987_6_2017.bmp308278,Non-Alcohol,C:\PycharmProjects\Alcohol Detection\dataset\Grupo_3\E_3_0\LG\E_3_0_0\E_3_0_0_R_10\via_region_data.json
E_3_0_0_R_M_N_N_1987_7_2017.bmp308278,Non-Alcohol,C:\PycharmProjects\Alcohol Detection\dataset\Grupo_3\E_3_0\LG\E_3_0_0\E_3_0_0_R_10\via_region_data.json
E_3_0_0_R_M_N_N_1987_8_2017.bmp308278,Non-Alcohol,C:\PycharmProjects\Alcohol Detection\dataset\Grupo_3\E_3_0\LG\E_3_0_0\E_3_0_0_R_10\via_region_data.json
E_3_0_0_R_M_N_N_1987_9_2017.bmp308278,Non-Alcohol,C:\PycharmProjects\Alcohol Detection\dataset\Grupo_3\E_3_0\LG\E_3_0_0\E_3_0_0_R_10\via_region_data.json
E_3_0_1_L_M_N_N_1987_0_2017.bmp308278,Non-Alcohol,C:\PycharmProjects\Alcohol Detection\dataset\Grupo_3\E_3_0\LG\E_3_0_1\E_3_0_1_R_10\via_region_data.json
E_3_0_1_L_M_N_N_1987_1_2017.bmp308278,Non-Alcohol,C:\PycharmProjects\Alcohol Detection\dataset\Grupo_3\E_3_0\LG\E_3_0_1\E_3_0_1_R_10\via_region_data.json
E_3_0_1_L_M_N_N_1987_2_2017.bmp308278,Non-Alcohol,C:\PycharmProjects\Alcohol Detection\dataset\Grupo_3\E_3_0\LG\E_3_0_1\E_3_0_1_R_10\via_region_data.json
E_3_0_1_L_M_N_N_1987_3_2017.bmp308278,Non-Alcohol,C:\PycharmProjects\Alcohol Detection\dataset\Grupo_3\E_3_0\LG\E_3_0_1\E_3_0_1_R_10\via_region_data.json
E_3_0_1_L_M_N_N_1987_4_2017.bmp308278,Non-Alcohol,C:\PycharmProjects\Alcohol Detection\dataset\Grupo_3\E_3_0\LG\E_3_0_1\E_3_0_1_R_10\via_region_data.json
E_3_0_1_L_M_N_N_1987_5_2017.bmp308278,Non-Alcohol,C:\PycharmProjects\Alcohol Detection\dataset\Grupo_3\E_3_0\LG\E_3_0_1\E_3_0_1_R_10\via_region_data.json
E_3_0_1_L_M_N_N_1987_6_2017.bmp308278,Non-Alcohol,C:\PycharmProjects\Alcohol Detection\dataset\Grupo_3\E_3_0\LG\E_3_0_1\E_3_0_1_R_10\via_region_data.json
E_3_0_1_L_M_N_N_1987_7_2017.bmp308278,Non-Alcohol,C:\PycharmProjects\Alcohol Detection\dataset\Grupo_3\E_3_0\LG\E_3_0_1\E_3_0_1_R_10\via_region_data.json
E_3_0_1_L_M_N_N_1987_8_2017.bmp308278,Non-Alcohol,C:\PycharmProjects\Alcohol Detection\dataset\Grupo_3\E_3_0\LG\E_3_0_1\E_3_0_1_R_10\via_region_data.json
E_3_0_1_L_M_N_N_1987_9_2017.bmp308278,Non-Alcohol,C:\PycharmProjects\Alcohol Detection\dataset\Grupo_3\E_3_0\LG\E_3_0_1\E_3_0_1_R_10\via_region_data.json
E_3_0_1_R_M_N_N_1987_0_2017.bmp308278,Non-Alcohol,C:\PycharmProjects\Alcohol Detection\dataset\Grupo_3\E_3_0\LG\E_3_0_1\E_3_0_1_R_10\via_region_data.json
E_3_0_1_R_M_N_N_1987_1_2017.bmp308278,Non-Alcohol,C:\PycharmProjects\Alcohol Detection\dataset\Grupo_3\E_3_0\LG\E_3_0_1\E_3_0_1_R_10\via_region_data.json
E_3_0_1_R_M_N_N_1987_2_2017.bmp308278,Non-Alcohol,C:\PycharmProjects\Alcohol Detection\dataset\Grupo_3\E_3_0\LG\E_3_0_1\E_3_0_1_R_10\via_region_data.json
E_3_0_1_R_M_N_N_1987_3_2017.bmp308278,Non-Alcohol,C:\PycharmProjects\Alcohol Detection\dataset\Grupo_3\E_3_0\LG\E_3_0_1\E_3_0_1_R_10\via_region_data.json
E_3_0_1_R_M_N_N_1987_4_2017.bmp308278,Non-Alcohol,C:\PycharmProjects\Alcohol Detection\dataset\Grupo_3\E_3_0\LG\E_3_0_1\E_3_0_1_R_10\via_region_data.json
E_3_0_1_R_M_N_N_1987_5_2017.bmp308278,Non-Alcohol,C:\PycharmProjects\Alcohol Detection\dataset\Grupo_3\E_3_0\LG\E_3_0_1\E_3_0_1_R_10\via_region_data.json
E_3_0_1_R_M_N_N_1987_6_2017.bmp308278,Non-Alcohol,C:\PycharmProjects\Alcohol Detection\dataset\Grupo_3\E_3_0\LG\E_3_0_1\E_3_0_1_R_10\via_region_data.json
E_3_0_1_R_M_N_N_1987_7_2017.bmp308278,Non-Alcohol,C:\PycharmProjects\Alcohol Detection\dataset\Grupo_3\E_3_0\LG\E_3_0_1\E_3_0_1_R_10\via_region_data.json
E_3_0_1_R_M_N_N_1987_8_2017.bmp308278,Non-Alcohol,C:\PycharmProjects\Alcohol Detection\dataset\Grupo_3\E_3_0\LG\E_3_0_1\E_3_0_1_R_10\via_region_data.json
E_3_0_1_R_M_N_N_1987_9_2017.bmp308278,Non-Alcohol,C:\PycharmProjects\Alcohol Detection\dataset\Grupo_3\E_3_0\LG\E_3_0_1\E_3_0_1_R_10\via_region_data.json
E_3_0_2_L_M_N_N_1987_0_2017.bmp308278,Non-Alcohol,C:\PycharmProjects\Alcohol Detection\dataset\Grupo_3\E_3_0\LG\E_3_0_2\E_3_0_2_R_10\via_region_data.json
E_3_0_2_L_M_N_N_1987_1_2017.bmp308278,Non-Alcohol,C:\PycharmProjects\Alcohol Detection\dataset\Grupo_3\E_3_0\LG\E_3_0_2\E_3_0_2_R_10\via_region_data.json
E_3_0_2_L_M_N_N_1987_2_2017.bmp308278,Non-Alcohol,C:\PycharmProjects\Alcohol Detection\dataset\Grupo_3\E_3_0\LG\E_3_0_2\E_3_0_2_R_10\via_region_data.json
E_3_0_2_L_M_N_N_1987_3_2017.bmp308278,Non-Alcohol,C:\PycharmProjects\Alcohol Detection\dataset\Grupo_3\E_3_0\LG\E_3_0_2\E_3_0_2_R_10\via_region_data.json
E_3_0_2_L_M_N_N_1987_4_2017.bmp308278,Non-Alcohol,C:\PycharmProjects\Alcohol Detection\dataset\Grupo_3\E_3_0\LG\E_3_0_2\E_3_0_2_R_10\via_region_data.json
E_3_0_2_L_M_N_N_1987_5_2017.bmp308278,Non-Alcohol,C:\PycharmProjects\Alcohol Detection\dataset\Grupo_3\E_3_0\LG\E_3_0_2\E_3_0_2_R_10\via_region_data.json
E_3_0_2_L_M_N_N_1987_6_2017.bmp308278,Non-Alcohol,C:\PycharmProjects\Alcohol Detection\dataset\Grupo_3\E_3_0\LG\E_3_0_2\E_3_0_2_R_10\via_region_data.json
E_3_0_2_L_M_N_N_1987_7_2017.bmp308278,Non-Alcohol,C:\PycharmProjects\Alcohol Detection\dataset\Grupo_3\E_3_0\LG\E_3_0_2\E_3_0_2_R_10\via_region_data.json
E_3_0_2_L_M_N_N_1987_8_2017.bmp308278,Non-Alcohol,C:\PycharmProjects\Alcohol Detection\dataset\Grupo_3\E_3_0\LG\E_3_0_2\E_3_0_2_R_10\via_region_data.json
E_3_0_2_L_M_N_N_1987_9_2017.bmp308278,Non-Alcohol,C:\PycharmProjects\Alcohol Detection\dataset\Grupo_3\E_3_0\LG\E_3_0_2\E_3_0_2_R_10\via_region_data.json
E_3_0_2_R_M_N_N_1987_0_2017.bmp308278,Non-Alcohol,C:\PycharmProjects\Alcohol Detection\dataset\Grupo_3\E_3_0\LG\E_3_0_2\E_3_0_2_R_10\via_region_data.json
E_3_0_2_R_M_N_N_1987_1_2017.bmp308278,Non-Alcohol,C:\PycharmProjects\Alcohol Detection\dataset\Grupo_3\E_3_0\LG\E_3_0_2\E_3_0_2_R_10\via_region_data.json
E_3_0_2_R_M_N_N_1987_2_2017.bmp308278,Non-Alcohol,C:\PycharmProjects\Alcohol Detection\dataset\Grupo_3\E_3_0\LG\E_3_0_2\E_3_0_2_R_10\via_region_data.json
E_3_0_2_R_M_N_N_1987_3_2017.bmp308278,Non-Alcohol,C:\PycharmProjects\Alcohol Detection\dataset\Grupo_3\E_3_0\LG\E_3_0_2\E_3_0_2_R_10\via_region_data.json
E_3_0_2_R_M_N_N_1987_4_2017.bmp308278,Non-Alcohol,C:\PycharmProjects\Alcohol Detection\dataset\Grupo_3\E_3_0\LG\E_3_0_2\E_3_0_2_R_10\via_region_data.json
E_3_0_2_R_M_N_N_1987_5_2017.bmp308278,Non-Alcohol,C:\PycharmProjects\Alcohol Detection\dataset\Grupo_3\E_3_0\LG\E_3_0_2\E_3_0_2_R_10\via_region_data.json
E_3_0_2_R_M_N_N_1987_6_2017.bmp308278,Non-Alcohol,C:\PycharmProjects\Alcohol Detection\dataset\Grupo_3\E_3_0\LG\E_3_0_2\E_3_0_2_R_10\via_region_data.json
E_3_0_2_R_M_N_N_1987_7_2017.bmp308278,Non-Alcohol,C:\PycharmProjects\Alcohol Detection\dataset\Grupo_3\E_3_0\LG\E_3_0_2\E_3_0_2_R_10\via_region_data.json
E_3_0_2_R_M_N_N_1987_8_2017.bmp308278,Non-Alcohol,C:\PycharmProjects\Alcohol Detection\dataset\Grupo_3\E_3_0\LG\E_3_0_2\E_3_0_2_R_10\via_region_data.json
E_3_0_2_R_M_N_N_1987_9_2017.bmp308278,Non-Alcohol,C:\PycharmProjects\Alcohol Detection\dataset\Grupo_3\E_3_0\LG\E_3_0_2\E_3_0_2_R_10\via_region_data.json
E_3_0_3_L_M_N_N_1987_0_2017.bmp308278,Non-Alcohol,C:\PycharmProjects\Alcohol Detection\dataset\Grupo_3\E_3_0\LG\E_3_0_3\E_3_0_3_R_10\via_region_data.json
E_3_0_3_L_M_N_N_1987_1_2017.bmp308278,Non-Alcohol,C:\PycharmProjects\Alcohol Detection\dataset\Grupo_3\E_3_0\LG\E_3_0_3\E_3_0_3_R_10\via_region_data.json
E_3_0_3_L_M_N_N_1987_2_2017.bmp308278,Non-Alcohol,C:\PycharmProjects\Alcohol Detection\dataset\Grupo_3\E_3_0\LG\E_3_0_3\E_3_0_3_R_10\via_region_data.json
E_3_0_3_L_M_N_N_1987_3_2017.bmp308278,Non-Alcohol,C:\PycharmProjects\Alcohol Detection\dataset\Grupo_3\E_3_0\LG\E_3_0_3\E_3_0_3_R_10\via_region_data.json
E_3_0_3_L_M_N_N_1987_4_2017.bmp308278,Non-Alcohol,C:\PycharmProjects\Alcohol Detection\dataset\Grupo_3\E_3_0\LG\E_3_0_3\E_3_0_3_R_10\via_region_data.json
E_3_0_3_L_M_N_N_1987_5_2017.bmp308278,Non-Alcohol,C:\PycharmProjects\Alcohol Detection\dataset\Grupo_3\E_3_0\LG\E_3_0_3\E_3_0_3_R_10\via_region_data.json
E_3_0_3_L_M_N_N_1987_6_2017.bmp308278,Non-Alcohol,C:\PycharmProjects\Alcohol Detection\dataset\Grupo_3\E_3_0\LG\E_3_0_3\E_3_0_3_R_10\via_region_data.json
E_3_0_3_L_M_N_N_1987_7_2017.bmp308278,Non-Alcohol,C:\PycharmProjects\Alcohol Detection\dataset\Grupo_3\E_3_0\LG\E_3_0_3\E_3_0_3_R_10\via_region_data.json
E_3_0_3_L_M_N_N_1987_8_2017.bmp308278,Non-Alcohol,C:\PycharmProjects\Alcohol Detection\dataset\Grupo_3\E_3_0\LG\E_3_0_3\E_3_0_3_R_10\via_region_data.json
E_3_0_3_L_M_N_N_1987_9_2017.bmp308278,Non-Alcohol,C:\PycharmProjects\Alcohol Detection\dataset\Grupo_3\E_3_0\LG\E_3_0_3\E_3_0_3_R_10\via_region_data.json
E_3_0_3_R_M_N_N_1987_0_2017.bmp308278,Non-Alcohol,C:\PycharmProjects\Alcohol Detection\dataset\Grupo_3\E_3_0\LG\E_3_0_3\E_3_0_3_R_10\via_region_data.json
E_3_0_3_R_M_N_N_1987_1_2017.bmp308278,Non-Alcohol,C:\PycharmProjects\Alcohol Detection\dataset\Grupo_3\E_3_0\LG\E_3_0_3\E_3_0_3_R_10\via_region_data.json
E_3_0_3_R_M_N_N_1987_2_2017.bmp308278,Non-Alcohol,C:\PycharmProjects\Alcohol Detection\dataset\Grupo_3\E_3_0\LG\E_3_0_3\E_3_0_3_R_10\via_region_data.json
E_3_0_3_R_M_N_N_1987_3_2017.bmp308278,Non-Alcohol,C:\PycharmProjects\Alcohol Detection\dataset\Grupo_3\E_3_0\LG\E_3_0_3\E_3_0_3_R_10\via_region_data.json
E_3_0_3_R_M_N_N_1987_4_2017.bmp308278,Non-Alcohol,C:\PycharmProjects\Alcohol Detection\dataset\Grupo_3\E_3_0\LG\E_3_0_3\E_3_0_3_R_10\via_region_data.json
E_3_0_3_R_M_N_N_1987_5_2017.bmp308278,Non-Alcohol,C:\PycharmProjects\Alcohol Detection\dataset\Grupo_3\E_3_0\LG\E_3_0_3\E_3_0_3_R_10\via_region_data.json
E_3_0_3_R_M_N_N_1987_6_2017.bmp308278,Non-Alcohol,C:\PycharmProjects\Alcohol Detection\dataset\Grupo_3\E_3_0\LG\E_3_0_3\E_3_0_3_R_10\via_region_data.json
E_3_0_3_R_M_N_N_1987_7_2017.bmp308278,Non-Alcohol,C:\PycharmProjects\Alcohol Detection\dataset\Grupo_3\E_3_0\LG\E_3_0_3\E_3_0_3_R_10\via_region_data.json
E_3_0_3_R_M_N_N_1987_8_2017.bmp308278,Non-Alcohol,C:\PycharmProjects\Alcohol Detection\dataset\Grupo_3\E_3_0\LG\E_3_0_3\E_3_0_3_R_10\via_region_data.json
E_3_0_3_R_M_N_N_1987_9_2017.bmp308278,Non-Alcohol,C:\PycharmProjects\Alcohol Detection\dataset\Grupo_3\E_3_0\LG\E_3_0_3\E_3_0_3_R_10\via_region_data.json
E_3_0_4_L_M_N_N_1987_0_2017.bmp308278,Non-Alcohol,C:\PycharmProjects\Alcohol Detection\dataset\Grupo_3\E_3_0\LG\E_3_0_4\E_3_0_4_R_10\via_region_data.json
E_3_0_4_L_M_N_N_1987_1_2017.bmp308278,Non-Alcohol,C:\PycharmProjects\Alcohol Detection\dataset\Grupo_3\E_3_0\LG\E_3_0_4\E_3_0_4_R_10\via_region_data.json
E_3_0_4_L_M_N_N_1987_2_2017.bmp308278,Non-Alcohol,C:\PycharmProjects\Alcohol Detection\dataset\Grupo_3\E_3_0\LG\E_3_0_4\E_3_0_4_R_10\via_region_data.json
E_3_0_4_L_M_N_N_1987_3_2017.bmp308278,Non-Alcohol,C:\PycharmProjects\Alcohol Detection\dataset\Grupo_3\E_3_0\LG\E_3_0_4\E_3_0_4_R_10\via_region_data.json
E_3_0_4_L_M_N_N_1987_4_2017.bmp308278,Non-Alcohol,C:\PycharmProjects\Alcohol Detection\dataset\Grupo_3\E_3_0\LG\E_3_0_4\E_3_0_4_R_10\via_region_data.json
E_3_0_4_L_M_N_N_1987_5_2017.bmp308278,Non-Alcohol,C:\PycharmProjects\Alcohol Detection\dataset\Grupo_3\E_3_0\LG\E_3_0_4\E_3_0_4_R_10\via_region_data.json
E_3_0_4_L_M_N_N_1987_6_2017.bmp308278,Non-Alcohol,C:\PycharmProjects\Alcohol Detection\dataset\Grupo_3\E_3_0\LG\E_3_0_4\E_3_0_4_R_10\via_region_data.json
E_3_0_4_L_M_N_N_1987_7_2017.bmp308278,Non-Alcohol,C:\PycharmProjects\Alcohol Detection\dataset\Grupo_3\E_3_0\LG\E_3_0_4\E_3_0_4_R_10\via_region_data.json
E_3_0_4_L_M_N_N_1987_8_2017.bmp308278,Non-Alcohol,C:\PycharmProjects\Alcohol Detection\dataset\Grupo_3\E_3_0\LG\E_3_0_4\E_3_0_4_R_10\via_region_data.json
E_3_0_4_L_M_N_N_1987_9_2017.bmp308278,Non-Alcohol,C:\PycharmProjects\Alcohol Detection\dataset\Grupo_3\E_3_0\LG\E_3_0_4\E_3_0_4_R_10\via_region_data.json
E_3_0_4_R_M_N_N_1987_0_2017.bmp308278,Non-Alcohol,C:\PycharmProjects\Alcohol Detection\dataset\Grupo_3\E_3_0\LG\E_3_0_4\E_3_0_4_R_10\via_region_data.json
E_3_0_4_R_M_N_N_1987_1_2017.bmp308278,Non-Alcohol,C:\PycharmProjects\Alcohol Detection\dataset\Grupo_3\E_3_0\LG\E_3_0_4\E_3_0_4_R_10\via_region_data.json
E_3_0_4_R_M_N_N_1987_2_2017.bmp308278,Non-Alcohol,C:\PycharmProjects\Alcohol Detection\dataset\Grupo_3\E_3_0\LG\E_3_0_4\E_3_0_4_R_10\via_region_data.json
E_3_0_4_R_M_N_N_1987_3_2017.bmp308278,Non-Alcohol,C:\PycharmProjects\Alcohol Detection\dataset\Grupo_3\E_3_0\LG\E_3_0_4\E_3_0_4_R_10\via_region_data.json
E_3_0_4_R_M_N_N_1987_4_2017.bmp308278,Non-Alcohol,C:\PycharmProjects\Alcohol Detection\dataset\Grupo_3\E_3_0\LG\E_3_0_4\E_3_0_4_R_10\via_region_data.json
E_3_0_4_R_M_N_N_1987_5_2017.bmp308278,Non-Alcohol,C:\PycharmProjects\Alcohol Detection\dataset\Grupo_3\E_3_0\LG\E_3_0_4\E_3_0_4_R_10\via_region_data.json
E_3_0_4_R_M_N_N_1987_6_2017.bmp308278,Non-Alcohol,C:\PycharmProjects\Alcohol Detection\dataset\Grupo_3\E_3_0\LG\E_3_0_4\E_3_0_4_R_10\via_region_data.json
E_3_0_4_R_M_N_N_1987_7_2017.bmp308278,Non-Alcohol,C:\PycharmProjects\Alcohol Detection\dataset\Grupo_3\E_3_0\LG\E_3_0_4\E_3_0_4_R_10\via_region_data.json
E_3_0_4_R_M_N_N_1987_8_2017.bmp308278,Non-Alcohol,C:\PycharmProjects\Alcohol Detection\dataset\Grupo_3\E_3_0\LG\E_3_0_4\E_3_0_4_R_10\via_region_data.json
E_3_0_4_R_M_N_N_1987_9_2017.bmp308278,Non-Alcohol,C:\PycharmProjects\Alcohol Detection\dataset\Grupo_3\E_3_0\LG\E_3_0_4\E_3_0_4_R_10\via_region_data.json
E_3_1_0_L_M_N_N_1974_0_2017.bmp308278,Non-Alcohol,C:\PycharmProjects\Alcohol Detection\dataset\Grupo_3\E_3_1\Iritech\E_3_1_0\via_region_data.json
E_3_1_0_R_M_N_N_1974_0_2017.bmp308278,Non-Alcohol,C:\PycharmProjects\Alcohol Detection\dataset\Grupo_3\E_3_1\Iritech\E_3_1_0\via_region_data.json
E_3_1_0_L_M_N_N_1974_0_2017.bmp308278,Non-Alcohol,C:\PycharmProjects\Alcohol Detection\dataset\Grupo_3\E_3_1\Iritech\E_3_1_0\E_3_1_0_L_5\via_region_data.json
E_3_1_0_L_M_N_N_1974_1_2017.bmp308278,Non-Alcohol,C:\PycharmProjects\Alcohol Detection\dataset\Grupo_3\E_3_1\Iritech\E_3_1_0\E_3_1_0_L_5\via_region_data.json
E_3_1_0_L_M_N_N_1974_2_2017.bmp308278,Non-Alcohol,C:\PycharmProjects\Alcohol Detection\dataset\Grupo_3\E_3_1\Iritech\E_3_1_0\E_3_1_0_L_5\via_region_data.json
E_3_1_0_L_M_N_N_1974_3_2017.bmp308278,Non-Alcohol,C:\PycharmProjects\Alcohol Detection\dataset\Grupo_3\E_3_1\Iritech\E_3_1_0\E_3_1_0_L_5\via_region_data.json
E_3_1_0_L_M_N_N_1974_4_2017.bmp308278,Non-Alcohol,C:\PycharmProjects\Alcohol Detection\dataset\Grupo_3\E_3_1\Iritech\E_3_1_0\E_3_1_0_L_5\via_region_data.json
E_3_1_0_L_M_N_N_1974_5_2017.bmp308278,Non-Alcohol,C:\PycharmProjects\Alcohol Detection\dataset\Grupo_3\E_3_1\Iritech\E_3_1_0\E_3_1_0_L_5\via_region_data.json
E_3_1_0_L_M_N_N_1974_6_2017.bmp308278,Non-Alcohol,C:\PycharmProjects\Alcohol Detection\dataset\Grupo_3\E_3_1\Iritech\E_3_1_0\E_3_1_0_L_5\via_region_data.json
E_3_1_0_L_M_N_N_1974_7_2017.bmp308278,Non-Alcohol,C:\PycharmProjects\Alcohol Detection\dataset\Grupo_3\E_3_1\Iritech\E_3_1_0\E_3_1_0_L_5\via_region_data.json
E_3_1_0_L_M_N_N_1974_8_2017.bmp308278,Non-Alcohol,C:\PycharmProjects\Alcohol Detection\dataset\Grupo_3\E_3_1\Iritech\E_3_1_0\E_3_1_0_L_5\via_region_data.json
E_3_1_0_L_M_N_N_1974_9_2017.bmp308278,Non-Alcohol,C:\PycharmProjects\Alcohol Detection\dataset\Grupo_3\E_3_1\Iritech\E_3_1_0\E_3_1_0_L_5\via_region_data.json
E_3_1_0_L_M_N_N_1974_10_2017.bmp308278,Non-Alcohol,C:\PycharmProjects\Alcohol Detection\dataset\Grupo_3\E_3_1\Iritech\E_3_1_0\E_3_1_0_L_5\via_region_data.json
E_3_1_0_L_M_N_N_1974_11_2017.bmp308278,Non-Alcohol,C:\PycharmProjects\Alcohol Detection\dataset\Grupo_3\E_3_1\Iritech\E_3_1_0\E_3_1_0_L_5\via_region_data.json
E_3_1_0_L_M_N_N_1974_12_2017.bmp308278,Non-Alcohol,C:\PycharmProjects\Alcohol Detection\dataset\Grupo_3\E_3_1\Iritech\E_3_1_0\E_3_1_0_L_5\via_region_data.json
E_3_1_0_L_M_N_N_1974_13_2017.bmp308278,Non-Alcohol,C:\PycharmProjects\Alcohol Detection\dataset\Grupo_3\E_3_1\Iritech\E_3_1_0\E_3_1_0_L_5\via_region_data.json
E_3_1_0_L_M_N_N_1974_14_2017.bmp308278,Non-Alcohol,C:\PycharmProjects\Alcohol Detection\dataset\Grupo_3\E_3_1\Iritech\E_3_1_0\E_3_1_0_L_5\via_region_data.json
E_3_1_0_L_M_N_N_1974_15_2017.bmp308278,Non-Alcohol,C:\PycharmProjects\Alcohol Detection\dataset\Grupo_3\E_3_1\Iritech\E_3_1_0\E_3_1_0_L_5\via_region_data.json
E_3_1_0_L_M_N_N_1974_16_2017.bmp308278,Non-Alcohol,C:\PycharmProjects\Alcohol Detection\dataset\Grupo_3\E_3_1\Iritech\E_3_1_0\E_3_1_0_L_5\via_region_data.json
E_3_1_0_L_M_N_N_1974_17_2017.bmp308278,Non-Alcohol,C:\PycharmProjects\Alcohol Detection\dataset\Grupo_3\E_3_1\Iritech\E_3_1_0\E_3_1_0_L_5\via_region_data.json
E_3_1_0_L_M_N_N_1974_18_2017.bmp308278,Non-Alcohol,C:\PycharmProjects\Alcohol Detection\dataset\Grupo_3\E_3_1\Iritech\E_3_1_0\E_3_1_0_L_5\via_region_data.json
E_3_1_0_L_M_N_N_1974_19_2017.bmp308278,Non-Alcohol,C:\PycharmProjects\Alcohol Detection\dataset\Grupo_3\E_3_1\Iritech\E_3_1_0\E_3_1_0_L_5\via_region_data.json
E_3_1_0_L_M_N_N_1974_20_2017.bmp308278,Non-Alcohol,C:\PycharmProjects\Alcohol Detection\dataset\Grupo_3\E_3_1\Iritech\E_3_1_0\E_3_1_0_L_5\via_region_data.json
E_3_1_0_L_M_N_N_1974_21_2017.bmp308278,Non-Alcohol,C:\PycharmProjects\Alcohol Detection\dataset\Grupo_3\E_3_1\Iritech\E_3_1_0\E_3_1_0_L_5\via_region_data.json
E_3_1_0_L_M_N_N_1974_22_2017.bmp308278,Non-Alcohol,C:\PycharmProjects\Alcohol Detection\dataset\Grupo_3\E_3_1\Iritech\E_3_1_0\E_3_1_0_L_5\via_region_data.json
E_3_1_0_L_M_N_N_1974_23_2017.bmp308278,Non-Alcohol,C:\PycharmProjects\Alcohol Detection\dataset\Grupo_3\E_3_1\Iritech\E_3_1_0\E_3_1_0_L_5\via_region_data.json
E_3_1_0_L_M_N_N_1974_24_2017.bmp308278,Non-Alcohol,C:\PycharmProjects\Alcohol Detection\dataset\Grupo_3\E_3_1\Iritech\E_3_1_0\E_3_1_0_L_5\via_region_data.json
E_3_1_0_L_M_N_N_1974_25_2017.bmp308278,Non-Alcohol,C:\PycharmProjects\Alcohol Detection\dataset\Grupo_3\E_3_1\Iritech\E_3_1_0\E_3_1_0_L_5\via_region_data.json
E_3_1_0_L_M_N_N_1974_26_2017.bmp308278,Non-Alcohol,C:\PycharmProjects\Alcohol Detection\dataset\Grupo_3\E_3_1\Iritech\E_3_1_0\E_3_1_0_L_5\via_region_data.json
E_3_1_0_L_M_N_N_1974_27_2017.bmp308278,Non-Alcohol,C:\PycharmProjects\Alcohol Detection\dataset\Grupo_3\E_3_1\Iritech\E_3_1_0\E_3_1_0_L_5\via_region_data.json
E_3_1_0_L_M_N_N_1974_28_2017.bmp308278,Non-Alcohol,C:\PycharmProjects\Alcohol Detection\dataset\Grupo_3\E_3_1\Iritech\E_3_1_0\E_3_1_0_L_5\via_region_data.json
E_3_1_0_L_M_N_N_1974_29_2017.bmp308278,Non-Alcohol,C:\PycharmProjects\Alcohol Detection\dataset\Grupo_3\E_3_1\Iritech\E_3_1_0\E_3_1_0_L_5\via_region_data.json
E_3_1_0_L_M_N_N_1974_30_2017.bmp308278,Non-Alcohol,C:\PycharmProjects\Alcohol Detection\dataset\Grupo_3\E_3_1\Iritech\E_3_1_0\E_3_1_0_L_5\via_region_data.json
E_3_1_0_L_M_N_N_1974_31_2017.bmp308278,Non-Alcohol,C:\PycharmProjects\Alcohol Detection\dataset\Grupo_3\E_3_1\Iritech\E_3_1_0\E_3_1_0_L_5\via_region_data.json
E_3_1_0_L_M_N_N_1974_32_2017.bmp308278,Non-Alcohol,C:\PycharmProjects\Alcohol Detection\dataset\Grupo_3\E_3_1\Iritech\E_3_1_0\E_3_1_0_L_5\via_region_data.json
E_3_1_0_L_M_N_N_1974_33_2017.bmp308278,Non-Alcohol,C:\PycharmProjects\Alcohol Detection\dataset\Grupo_3\E_3_1\Iritech\E_3_1_0\E_3_1_0_L_5\via_region_data.json
E_3_1_0_L_M_N_N_1974_34_2017.bmp308278,Non-Alcohol,C:\PycharmProjects\Alcohol Detection\dataset\Grupo_3\E_3_1\Iritech\E_3_1_0\E_3_1_0_L_5\via_region_data.json
E_3_1_0_L_M_N_N_1974_35_2017.bmp308278,Non-Alcohol,C:\PycharmProjects\Alcohol Detection\dataset\Grupo_3\E_3_1\Iritech\E_3_1_0\E_3_1_0_L_5\via_region_data.json
E_3_1_0_L_M_N_N_1974_36_2017.bmp308278,Non-Alcohol,C:\PycharmProjects\Alcohol Detection\dataset\Grupo_3\E_3_1\Iritech\E_3_1_0\E_3_1_0_L_5\via_region_data.json
E_3_1_0_L_M_N_N_1974_37_2017.bmp308278,Non-Alcohol,C:\PycharmProjects\Alcohol Detection\dataset\Grupo_3\E_3_1\Iritech\E_3_1_0\E_3_1_0_L_5\via_region_data.json
E_3_1_0_L_M_N_N_1974_38_2017.bmp308278,Non-Alcohol,C:\PycharmProjects\Alcohol Detection\dataset\Grupo_3\E_3_1\Iritech\E_3_1_0\E_3_1_0_L_5\via_region_data.json
E_3_1_0_L_M_N_N_1974_39_2017.bmp308278,Non-Alcohol,C:\PycharmProjects\Alcohol Detection\dataset\Grupo_3\E_3_1\Iritech\E_3_1_0\E_3_1_0_L_5\via_region_data.json
E_3_1_0_L_M_N_N_1974_40_2017.bmp308278,Non-Alcohol,C:\PycharmProjects\Alcohol Detection\dataset\Grupo_3\E_3_1\Iritech\E_3_1_0\E_3_1_0_L_5\via_region_data.json
E_3_1_0_L_M_N_N_1974_41_2017.bmp308278,Non-Alcohol,C:\PycharmProjects\Alcohol Detection\dataset\Grupo_3\E_3_1\Iritech\E_3_1_0\E_3_1_0_L_5\via_region_data.json
E_3_1_0_L_M_N_N_1974_42_2017.bmp308278,Non-Alcohol,C:\PycharmProjects\Alcohol Detection\dataset\Grupo_3\E_3_1\Iritech\E_3_1_0\E_3_1_0_L_5\via_region_data.json
E_3_1_0_L_M_N_N_1974_43_2017.bmp308278,Non-Alcohol,C:\PycharmProjects\Alcohol Detection\dataset\Grupo_3\E_3_1\Iritech\E_3_1_0\E_3_1_0_L_5\via_region_data.json
E_3_1_0_L_M_N_N_1974_44_2017.bmp308278,Non-Alcohol,C:\PycharmProjects\Alcohol Detection\dataset\Grupo_3\E_3_1\Iritech\E_3_1_0\E_3_1_0_L_5\via_region_data.json
E_3_1_0_L_M_N_N_1974_45_2017.bmp308278,Non-Alcohol,C:\PycharmProjects\Alcohol Detection\dataset\Grupo_3\E_3_1\Iritech\E_3_1_0\E_3_1_0_L_5\via_region_data.json
E_3_1_0_L_M_N_N_1974_46_2017.bmp308278,Non-Alcohol,C:\PycharmProjects\Alcohol Detection\dataset\Grupo_3\E_3_1\Iritech\E_3_1_0\E_3_1_0_L_5\via_region_data.json
E_3_1_0_L_M_N_N_1974_47_2017.bmp308278,Non-Alcohol,C:\PycharmProjects\Alcohol Detection\dataset\Grupo_3\E_3_1\Iritech\E_3_1_0\E_3_1_0_L_5\via_region_data.json
E_3_1_0_L_M_N_N_1974_48_2017.bmp308278,Non-Alcohol,C:\PycharmProjects\Alcohol Detection\dataset\Grupo_3\E_3_1\Iritech\E_3_1_0\E_3_1_0_L_5\via_region_data.json
E_3_1_0_L_M_N_N_1974_49_2017.bmp308278,Non-Alcohol,C:\PycharmProjects\Alcohol Detection\dataset\Grupo_3\E_3_1\Iritech\E_3_1_0\E_3_1_0_L_5\via_region_data.json
E_3_1_0_L_M_N_N_1974_50_2017.bmp308278,Non-Alcohol,C:\PycharmProjects\Alcohol Detection\dataset\Grupo_3\E_3_1\Iritech\E_3_1_0\E_3_1_0_L_5\via_region_data.json
E_3_1_0_L_M_N_N_1974_51_2017.bmp308278,Non-Alcohol,C:\PycharmProjects\Alcohol Detection\dataset\Grupo_3\E_3_1\Iritech\E_3_1_0\E_3_1_0_L_5\via_region_data.json
E_3_1_0_L_M_N_N_1974_52_2017.bmp308278,Non-Alcohol,C:\PycharmProjects\Alcohol Detection\dataset\Grupo_3\E_3_1\Iritech\E_3_1_0\E_3_1_0_L_5\via_region_data.json
E_3_1_0_L_M_N_N_1974_53_2017.bmp308278,Non-Alcohol,C:\PycharmProjects\Alcohol Detection\dataset\Grupo_3\E_3_1\Iritech\E_3_1_0\E_3_1_0_L_5\via_region_data.json
E_3_1_0_L_M_N_N_1974_54_2017.bmp308278,Non-Alcohol,C:\PycharmProjects\Alcohol Detection\dataset\Grupo_3\E_3_1\Iritech\E_3_1_0\E_3_1_0_L_5\via_region_data.json
E_3_1_0_L_M_N_N_1974_55_2017.bmp308278,Non-Alcohol,C:\PycharmProjects\Alcohol Detection\dataset\Grupo_3\E_3_1\Iritech\E_3_1_0\E_3_1_0_L_5\via_region_data.json
E_3_1_0_L_M_N_N_1974_56_2017.bmp308278,Non-Alcohol,C:\PycharmProjects\Alcohol Detection\dataset\Grupo_3\E_3_1\Iritech\E_3_1_0\E_3_1_0_L_5\via_region_data.json
E_3_1_0_L_M_N_N_1974_57_2017.bmp308278,Non-Alcohol,C:\PycharmProjects\Alcohol Detection\dataset\Grupo_3\E_3_1\Iritech\E_3_1_0\E_3_1_0_L_5\via_region_data.json
E_3_1_0_L_M_N_N_1974_58_2017.bmp308278,Non-Alcohol,C:\PycharmProjects\Alcohol Detection\dataset\Grupo_3\E_3_1\Iritech\E_3_1_0\E_3_1_0_L_5\via_region_data.json
E_3_1_0_L_M_N_N_1974_59_2017.bmp308278,Non-Alcohol,C:\PycharmProjects\Alcohol Detection\dataset\Grupo_3\E_3_1\Iritech\E_3_1_0\E_3_1_0_L_5\via_region_data.json
E_3_1_0_L_M_N_N_1974_60_2017.bmp308278,Non-Alcohol,C:\PycharmProjects\Alcohol Detection\dataset\Grupo_3\E_3_1\Iritech\E_3_1_0\E_3_1_0_L_5\via_region_data.json
E_3_1_0_L_M_N_N_1974_61_2017.bmp308278,Non-Alcohol,C:\PycharmProjects\Alcohol Detection\dataset\Grupo_3\E_3_1\Iritech\E_3_1_0\E_3_1_0_L_5\via_region_data.json
E_3_1_0_L_M_N_N_1974_62_2017.bmp308278,Non-Alcohol,C:\PycharmProjects\Alcohol Detection\dataset\Grupo_3\E_3_1\Iritech\E_3_1_0\E_3_1_0_L_5\via_region_data.json
E_3_1_0_L_M_N_N_1974_63_2017.bmp308278,Non-Alcohol,C:\PycharmProjects\Alcohol Detection\dataset\Grupo_3\E_3_1\Iritech\E_3_1_0\E_3_1_0_L_5\via_region_data.json
E_3_1_0_L_M_N_N_1974_64_2017.bmp308278,Non-Alcohol,C:\PycharmProjects\Alcohol Detection\dataset\Grupo_3\E_3_1\Iritech\E_3_1_0\E_3_1_0_L_5\via_region_data.json
E_3_1_0_L_M_N_N_1974_65_2017.bmp308278,Non-Alcohol,C:\PycharmProjects\Alcohol Detection\dataset\Grupo_3\E_3_1\Iritech\E_3_1_0\E_3_1_0_L_5\via_region_data.json
E_3_1_0_L_M_N_N_1974_66_2017.bmp308278,Non-Alcohol,C:\PycharmProjects\Alcohol Detection\dataset\Grupo_3\E_3_1\Iritech\E_3_1_0\E_3_1_0_L_5\via_region_data.json
E_3_1_0_L_M_N_N_1974_67_2017.bmp308278,Non-Alcohol,C:\PycharmProjects\Alcohol Detection\dataset\Grupo_3\E_3_1\Iritech\E_3_1_0\E_3_1_0_L_5\via_region_data.json
E_3_1_0_L_M_N_N_1974_68_2017.bmp308278,Non-Alcohol,C:\PycharmProjects\Alcohol Detection\dataset\Grupo_3\E_3_1\Iritech\E_3_1_0\E_3_1_0_L_5\via_region_data.json
E_3_1_0_L_M_N_N_1974_69_2017.bmp308278,Non-Alcohol,C:\PycharmProjects\Alcohol Detection\dataset\Grupo_3\E_3_1\Iritech\E_3_1_0\E_3_1_0_L_5\via_region_data.json
E_3_1_0_L_M_N_N_1974_70_2017.bmp308278,Non-Alcohol,C:\PycharmProjects\Alcohol Detection\dataset\Grupo_3\E_3_1\Iritech\E_3_1_0\E_3_1_0_L_5\via_region_data.json
E_3_1_0_L_M_N_N_1974_71_2017.bmp308278,Non-Alcohol,C:\PycharmProjects\Alcohol Detection\dataset\Grupo_3\E_3_1\Iritech\E_3_1_0\E_3_1_0_L_5\via_region_data.json
E_3_1_0_L_M_N_N_1974_72_2017.bmp308278,Non-Alcohol,C:\PycharmProjects\Alcohol Detection\dataset\Grupo_3\E_3_1\Iritech\E_3_1_0\E_3_1_0_L_5\via_region_data.json
E_3_1_0_L_M_N_N_1974_73_2017.bmp308278,Non-Alcohol,C:\PycharmProjects\Alcohol Detection\dataset\Grupo_3\E_3_1\Iritech\E_3_1_0\E_3_1_0_L_5\via_region_data.json
E_3_1_0_L_M_N_N_1974_74_2017.bmp308278,Non-Alcohol,C:\PycharmProjects\Alcohol Detection\dataset\Grupo_3\E_3_1\Iritech\E_3_1_0\E_3_1_0_L_5\via_region_data.json
E_3_1_0_L_M_N_N_1974_75_2017.bmp308278,Non-Alcohol,C:\PycharmProjects\Alcohol Detection\dataset\Grupo_3\E_3_1\Iritech\E_3_1_0\E_3_1_0_L_5\via_region_data.json
E_3_1_0_L_M_N_N_1974_76_2017.bmp308278,Non-Alcohol,C:\PycharmProjects\Alcohol Detection\dataset\Grupo_3\E_3_1\Iritech\E_3_1_0\E_3_1_0_L_5\via_region_data.json
E_3_1_0_L_M_N_N_1974_77_2017.bmp308278,Non-Alcohol,C:\PycharmProjects\Alcohol Detection\dataset\Grupo_3\E_3_1\Iritech\E_3_1_0\E_3_1_0_L_5\via_region_data.json
E_3_1_0_L_M_N_N_1974_78_2017.bmp308278,Non-Alcohol,C:\PycharmProjects\Alcohol Detection\dataset\Grupo_3\E_3_1\Iritech\E_3_1_0\E_3_1_0_L_5\via_region_data.json
E_3_1_0_R_M_N_N_1974_0_2017.bmp308278,Non-Alcohol,C:\PycharmProjects\Alcohol Detection\dataset\Grupo_3\E_3_1\Iritech\E_3_1_0\E_3_1_0_R_5\via_region_data.json
E_3_1_0_R_M_N_N_1974_1_2017.bmp308278,Non-Alcohol,C:\PycharmProjects\Alcohol Detection\dataset\Grupo_3\E_3_1\Iritech\E_3_1_0\E_3_1_0_R_5\via_region_data.json
E_3_1_0_R_M_N_N_1974_2_2017.bmp308278,Non-Alcohol,C:\PycharmProjects\Alcohol Detection\dataset\Grupo_3\E_3_1\Iritech\E_3_1_0\E_3_1_0_R_5\via_region_data.json
E_3_1_0_R_M_N_N_1974_3_2017.bmp308278,Non-Alcohol,C:\PycharmProjects\Alcohol Detection\dataset\Grupo_3\E_3_1\Iritech\E_3_1_0\E_3_1_0_R_5\via_region_data.json
E_3_1_0_R_M_N_N_1974_4_2017.bmp308278,Non-Alcohol,C:\PycharmProjects\Alcohol Detection\dataset\Grupo_3\E_3_1\Iritech\E_3_1_0\E_3_1_0_R_5\via_region_data.json
E_3_1_0_R_M_N_N_1974_5_2017.bmp308278,Non-Alcohol,C:\PycharmProjects\Alcohol Detection\dataset\Grupo_3\E_3_1\Iritech\E_3_1_0\E_3_1_0_R_5\via_region_data.json
E_3_1_0_R_M_N_N_1974_6_2017.bmp308278,Non-Alcohol,C:\PycharmProjects\Alcohol Detection\dataset\Grupo_3\E_3_1\Iritech\E_3_1_0\E_3_1_0_R_5\via_region_data.json
E_3_1_0_R_M_N_N_1974_7_2017.bmp308278,Non-Alcohol,C:\PycharmProjects\Alcohol Detection\dataset\Grupo_3\E_3_1\Iritech\E_3_1_0\E_3_1_0_R_5\via_region_data.json
E_3_1_0_R_M_N_N_1974_8_2017.bmp308278,Non-Alcohol,C:\PycharmProjects\Alcohol Detection\dataset\Grupo_3\E_3_1\Iritech\E_3_1_0\E_3_1_0_R_5\via_region_data.json
E_3_1_0_R_M_N_N_1974_9_2017.bmp308278,Non-Alcohol,C:\PycharmProjects\Alcohol Detection\dataset\Grupo_3\E_3_1\Iritech\E_3_1_0\E_3_1_0_R_5\via_region_data.json
E_3_1_0_R_M_N_N_1974_10_2017.bmp308278,Non-Alcohol,C:\PycharmProjects\Alcohol Detection\dataset\Grupo_3\E_3_1\Iritech\E_3_1_0\E_3_1_0_R_5\via_region_data.json
E_3_1_0_R_M_N_N_1974_11_2017.bmp308278,Non-Alcohol,C:\PycharmProjects\Alcohol Detection\dataset\Grupo_3\E_3_1\Iritech\E_3_1_0\E_3_1_0_R_5\via_region_data.json
E_3_1_0_R_M_N_N_1974_12_2017.bmp308278,Non-Alcohol,C:\PycharmProjects\Alcohol Detection\dataset\Grupo_3\E_3_1\Iritech\E_3_1_0\E_3_1_0_R_5\via_region_data.json
E_3_1_0_R_M_N_N_1974_13_2017.bmp308278,Non-Alcohol,C:\PycharmProjects\Alcohol Detection\dataset\Grupo_3\E_3_1\Iritech\E_3_1_0\E_3_1_0_R_5\via_region_data.json
E_3_1_0_R_M_N_N_1974_14_2017.bmp308278,Non-Alcohol,C:\PycharmProjects\Alcohol Detection\dataset\Grupo_3\E_3_1\Iritech\E_3_1_0\E_3_1_0_R_5\via_region_data.json
E_3_1_0_R_M_N_N_1974_15_2017.bmp308278,Non-Alcohol,C:\PycharmProjects\Alcohol Detection\dataset\Grupo_3\E_3_1\Iritech\E_3_1_0\E_3_1_0_R_5\via_region_data.json
E_3_1_0_R_M_N_N_1974_16_2017.bmp308278,Non-Alcohol,C:\PycharmProjects\Alcohol Detection\dataset\Grupo_3\E_3_1\Iritech\E_3_1_0\E_3_1_0_R_5\via_region_data.json
E_3_1_0_R_M_N_N_1974_17_2017.bmp308278,Non-Alcohol,C:\PycharmProjects\Alcohol Detection\dataset\Grupo_3\E_3_1\Iritech\E_3_1_0\E_3_1_0_R_5\via_region_data.json
E_3_1_0_R_M_N_N_1974_18_2017.bmp308278,Non-Alcohol,C:\PycharmProjects\Alcohol Detection\dataset\Grupo_3\E_3_1\Iritech\E_3_1_0\E_3_1_0_R_5\via_region_data.json
E_3_1_0_R_M_N_N_1974_19_2017.bmp308278,Non-Alcohol,C:\PycharmProjects\Alcohol Detection\dataset\Grupo_3\E_3_1\Iritech\E_3_1_0\E_3_1_0_R_5\via_region_data.json
E_3_1_0_R_M_N_N_1974_20_2017.bmp308278,Non-Alcohol,C:\PycharmProjects\Alcohol Detection\dataset\Grupo_3\E_3_1\Iritech\E_3_1_0\E_3_1_0_R_5\via_region_data.json
E_3_1_0_R_M_N_N_1974_21_2017.bmp308278,Non-Alcohol,C:\PycharmProjects\Alcohol Detection\dataset\Grupo_3\E_3_1\Iritech\E_3_1_0\E_3_1_0_R_5\via_region_data.json
E_3_1_0_R_M_N_N_1974_22_2017.bmp308278,Non-Alcohol,C:\PycharmProjects\Alcohol Detection\dataset\Grupo_3\E_3_1\Iritech\E_3_1_0\E_3_1_0_R_5\via_region_data.json
E_3_1_0_R_M_N_N_1974_23_2017.bmp308278,Non-Alcohol,C:\PycharmProjects\Alcohol Detection\dataset\Grupo_3\E_3_1\Iritech\E_3_1_0\E_3_1_0_R_5\via_region_data.json
E_3_1_0_R_M_N_N_1974_24_2017.bmp308278,Non-Alcohol,C:\PycharmProjects\Alcohol Detection\dataset\Grupo_3\E_3_1\Iritech\E_3_1_0\E_3_1_0_R_5\via_region_data.json
E_3_1_0_R_M_N_N_1974_25_2017.bmp308278,Non-Alcohol,C:\PycharmProjects\Alcohol Detection\dataset\Grupo_3\E_3_1\Iritech\E_3_1_0\E_3_1_0_R_5\via_region_data.json
E_3_1_0_R_M_N_N_1974_26_2017.bmp308278,Non-Alcohol,C:\PycharmProjects\Alcohol Detection\dataset\Grupo_3\E_3_1\Iritech\E_3_1_0\E_3_1_0_R_5\via_region_data.json
E_3_1_0_R_M_N_N_1974_27_2017.bmp308278,Non-Alcohol,C:\PycharmProjects\Alcohol Detection\dataset\Grupo_3\E_3_1\Iritech\E_3_1_0\E_3_1_0_R_5\via_region_data.json
E_3_1_0_R_M_N_N_1974_28_2017.bmp308278,Non-Alcohol,C:\PycharmProjects\Alcohol Detection\dataset\Grupo_3\E_3_1\Iritech\E_3_1_0\E_3_1_0_R_5\via_region_data.json
E_3_1_0_R_M_N_N_1974_29_2017.bmp308278,Non-Alcohol,C:\PycharmProjects\Alcohol Detection\dataset\Grupo_3\E_3_1\Iritech\E_3_1_0\E_3_1_0_R_5\via_region_data.json
E_3_1_0_R_M_N_N_1974_30_2017.bmp308278,Non-Alcohol,C:\PycharmProjects\Alcohol Detection\dataset\Grupo_3\E_3_1\Iritech\E_3_1_0\E_3_1_0_R_5\via_region_data.json
E_3_1_0_R_M_N_N_1974_31_2017.bmp308278,Non-Alcohol,C:\PycharmProjects\Alcohol Detection\dataset\Grupo_3\E_3_1\Iritech\E_3_1_0\E_3_1_0_R_5\via_region_data.json
E_3_1_0_R_M_N_N_1974_32_2017.bmp308278,Non-Alcohol,C:\PycharmProjects\Alcohol Detection\dataset\Grupo_3\E_3_1\Iritech\E_3_1_0\E_3_1_0_R_5\via_region_data.json
E_3_1_0_R_M_N_N_1974_33_2017.bmp308278,Non-Alcohol,C:\PycharmProjects\Alcohol Detection\dataset\Grupo_3\E_3_1\Iritech\E_3_1_0\E_3_1_0_R_5\via_region_data.json
E_3_1_0_R_M_N_N_1974_34_2017.bmp308278,Non-Alcohol,C:\PycharmProjects\Alcohol Detection\dataset\Grupo_3\E_3_1\Iritech\E_3_1_0\E_3_1_0_R_5\via_region_data.json
E_3_1_0_R_M_N_N_1974_35_2017.bmp308278,Non-Alcohol,C:\PycharmProjects\Alcohol Detection\dataset\Grupo_3\E_3_1\Iritech\E_3_1_0\E_3_1_0_R_5\via_region_data.json
E_3_1_0_R_M_N_N_1974_36_2017.bmp308278,Non-Alcohol,C:\PycharmProjects\Alcohol Detection\dataset\Grupo_3\E_3_1\Iritech\E_3_1_0\E_3_1_0_R_5\via_region_data.json
E_3_1_0_R_M_N_N_1974_37_2017.bmp308278,Non-Alcohol,C:\PycharmProjects\Alcohol Detection\dataset\Grupo_3\E_3_1\Iritech\E_3_1_0\E_3_1_0_R_5\via_region_data.json
E_3_1_0_R_M_N_N_1974_38_2017.bmp308278,Non-Alcohol,C:\PycharmProjects\Alcohol Detection\dataset\Grupo_3\E_3_1\Iritech\E_3_1_0\E_3_1_0_R_5\via_region_data.json
E_3_1_0_R_M_N_N_1974_39_2017.bmp308278,Non-Alcohol,C:\PycharmProjects\Alcohol Detection\dataset\Grupo_3\E_3_1\Iritech\E_3_1_0\E_3_1_0_R_5\via_region_data.json
E_3_1_0_R_M_N_N_1974_40_2017.bmp308278,Non-Alcohol,C:\PycharmProjects\Alcohol Detection\dataset\Grupo_3\E_3_1\Iritech\E_3_1_0\E_3_1_0_R_5\via_region_data.json
E_3_1_0_R_M_N_N_1974_41_2017.bmp308278,Non-Alcohol,C:\PycharmProjects\Alcohol Detection\dataset\Grupo_3\E_3_1\Iritech\E_3_1_0\E_3_1_0_R_5\via_region_data.json
E_3_1_0_R_M_N_N_1974_42_2017.bmp308278,Non-Alcohol,C:\PycharmProjects\Alcohol Detection\dataset\Grupo_3\E_3_1\Iritech\E_3_1_0\E_3_1_0_R_5\via_region_data.json
E_3_1_0_R_M_N_N_1974_43_2017.bmp308278,Non-Alcohol,C:\PycharmProjects\Alcohol Detection\dataset\Grupo_3\E_3_1\Iritech\E_3_1_0\E_3_1_0_R_5\via_region_data.json
E_3_1_0_R_M_N_N_1974_44_2017.bmp308278,Non-Alcohol,C:\PycharmProjects\Alcohol Detection\dataset\Grupo_3\E_3_1\Iritech\E_3_1_0\E_3_1_0_R_5\via_region_data.json
E_3_1_0_R_M_N_N_1974_45_2017.bmp308278,Non-Alcohol,C:\PycharmProjects\Alcohol Detection\dataset\Grupo_3\E_3_1\Iritech\E_3_1_0\E_3_1_0_R_5\via_region_data.json
E_3_1_0_R_M_N_N_1974_46_2017.bmp308278,Non-Alcohol,C:\PycharmProjects\Alcohol Detection\dataset\Grupo_3\E_3_1\Iritech\E_3_1_0\E_3_1_0_R_5\via_region_data.json
E_3_1_0_R_M_N_N_1974_47_2017.bmp308278,Non-Alcohol,C:\PycharmProjects\Alcohol Detection\dataset\Grupo_3\E_3_1\Iritech\E_3_1_0\E_3_1_0_R_5\via_region_data.json
E_3_1_0_R_M_N_N_1974_48_2017.bmp308278,Non-Alcohol,C:\PycharmProjects\Alcohol Detection\dataset\Grupo_3\E_3_1\Iritech\E_3_1_0\E_3_1_0_R_5\via_region_data.json
E_3_1_0_R_M_N_N_1974_49_2017.bmp308278,Non-Alcohol,C:\PycharmProjects\Alcohol Detection\dataset\Grupo_3\E_3_1\Iritech\E_3_1_0\E_3_1_0_R_5\via_region_data.json
E_3_1_0_R_M_N_N_1974_50_2017.bmp308278,Non-Alcohol,C:\PycharmProjects\Alcohol Detection\dataset\Grupo_3\E_3_1\Iritech\E_3_1_0\E_3_1_0_R_5\via_region_data.json
E_3_1_0_R_M_N_N_1974_51_2017.bmp308278,Non-Alcohol,C:\PycharmProjects\Alcohol Detection\dataset\Grupo_3\E_3_1\Iritech\E_3_1_0\E_3_1_0_R_5\via_region_data.json
E_3_1_0_R_M_N_N_1974_52_2017.bmp308278,Non-Alcohol,C:\PycharmProjects\Alcohol Detection\dataset\Grupo_3\E_3_1\Iritech\E_3_1_0\E_3_1_0_R_5\via_region_data.json
E_3_1_0_R_M_N_N_1974_53_2017.bmp308278,Non-Alcohol,C:\PycharmProjects\Alcohol Detection\dataset\Grupo_3\E_3_1\Iritech\E_3_1_0\E_3_1_0_R_5\via_region_data.json
E_3_1_0_R_M_N_N_1974_54_2017.bmp308278,Non-Alcohol,C:\PycharmProjects\Alcohol Detection\dataset\Grupo_3\E_3_1\Iritech\E_3_1_0\E_3_1_0_R_5\via_region_data.json
E_3_1_0_R_M_N_N_1974_55_2017.bmp308278,Non-Alcohol,C:\PycharmProjects\Alcohol Detection\dataset\Grupo_3\E_3_1\Iritech\E_3_1_0\E_3_1_0_R_5\via_region_data.json
E_3_1_0_R_M_N_N_1974_56_2017.bmp308278,Non-Alcohol,C:\PycharmProjects\Alcohol Detection\dataset\Grupo_3\E_3_1\Iritech\E_3_1_0\E_3_1_0_R_5\via_region_data.json
E_3_1_0_R_M_N_N_1974_57_2017.bmp308278,Non-Alcohol,C:\PycharmProjects\Alcohol Detection\dataset\Grupo_3\E_3_1\Iritech\E_3_1_0\E_3_1_0_R_5\via_region_data.json
E_3_1_0_R_M_N_N_1974_58_2017.bmp308278,Non-Alcohol,C:\PycharmProjects\Alcohol Detection\dataset\Grupo_3\E_3_1\Iritech\E_3_1_0\E_3_1_0_R_5\via_region_data.json
E_3_1_0_R_M_N_N_1974_59_2017.bmp308278,Non-Alcohol,C:\PycharmProjects\Alcohol Detection\dataset\Grupo_3\E_3_1\Iritech\E_3_1_0\E_3_1_0_R_5\via_region_data.json
E_3_1_0_R_M_N_N_1974_60_2017.bmp308278,Non-Alcohol,C:\PycharmProjects\Alcohol Detection\dataset\Grupo_3\E_3_1\Iritech\E_3_1_0\E_3_1_0_R_5\via_region_data.json
E_3_1_0_R_M_N_N_1974_61_2017.bmp308278,Non-Alcohol,C:\PycharmProjects\Alcohol Detection\dataset\Grupo_3\E_3_1\Iritech\E_3_1_0\E_3_1_0_R_5\via_region_data.json
E_3_1_0_R_M_N_N_1974_62_2017.bmp308278,Non-Alcohol,C:\PycharmProjects\Alcohol Detection\dataset\Grupo_3\E_3_1\Iritech\E_3_1_0\E_3_1_0_R_5\via_region_data.json
E_3_1_0_R_M_N_N_1974_63_2017.bmp308278,Non-Alcohol,C:\PycharmProjects\Alcohol Detection\dataset\Grupo_3\E_3_1\Iritech\E_3_1_0\E_3_1_0_R_5\via_region_data.json
E_3_1_0_R_M_N_N_1974_64_2017.bmp308278,Non-Alcohol,C:\PycharmProjects\Alcohol Detection\dataset\Grupo_3\E_3_1\Iritech\E_3_1_0\E_3_1_0_R_5\via_region_data.json
E_3_1_0_R_M_N_N_1974_65_2017.bmp308278,Non-Alcohol,C:\PycharmProjects\Alcohol Detection\dataset\Grupo_3\E_3_1\Iritech\E_3_1_0\E_3_1_0_R_5\via_region_data.json
E_3_1_0_R_M_N_N_1974_66_2017.bmp308278,Non-Alcohol,C:\PycharmProjects\Alcohol Detection\dataset\Grupo_3\E_3_1\Iritech\E_3_1_0\E_3_1_0_R_5\via_region_data.json
E_3_1_0_R_M_N_N_1974_67_2017.bmp308278,Non-Alcohol,C:\PycharmProjects\Alcohol Detection\dataset\Grupo_3\E_3_1\Iritech\E_3_1_0\E_3_1_0_R_5\via_region_data.json
E_3_1_0_R_M_N_N_1974_68_2017.bmp308278,Non-Alcohol,C:\PycharmProjects\Alcohol Detection\dataset\Grupo_3\E_3_1\Iritech\E_3_1_0\E_3_1_0_R_5\via_region_data.json
E_3_1_0_R_M_N_N_1974_69_2017.bmp308278,Non-Alcohol,C:\PycharmProjects\Alcohol Detection\dataset\Grupo_3\E_3_1\Iritech\E_3_1_0\E_3_1_0_R_5\via_region_data.json
E_3_1_0_R_M_N_N_1974_70_2017.bmp308278,Non-Alcohol,C:\PycharmProjects\Alcohol Detection\dataset\Grupo_3\E_3_1\Iritech\E_3_1_0\E_3_1_0_R_5\via_region_data.json
E_3_1_0_R_M_N_N_1974_71_2017.bmp308278,Non-Alcohol,C:\PycharmProjects\Alcohol Detection\dataset\Grupo_3\E_3_1\Iritech\E_3_1_0\E_3_1_0_R_5\via_region_data.json
E_3_1_0_R_M_N_N_1974_72_2017.bmp308278,Non-Alcohol,C:\PycharmProjects\Alcohol Detection\dataset\Grupo_3\E_3_1\Iritech\E_3_1_0\E_3_1_0_R_5\via_region_data.json
E_3_1_0_R_M_N_N_1974_73_2017.bmp308278,Non-Alcohol,C:\PycharmProjects\Alcohol Detection\dataset\Grupo_3\E_3_1\Iritech\E_3_1_0\E_3_1_0_R_5\via_region_data.json
E_3_1_0_R_M_N_N_1974_74_2017.bmp308278,Non-Alcohol,C:\PycharmProjects\Alcohol Detection\dataset\Grupo_3\E_3_1\Iritech\E_3_1_0\E_3_1_0_R_5\via_region_data.json
E_3_1_0_R_M_N_N_1974_75_2017.bmp308278,Non-Alcohol,C:\PycharmProjects\Alcohol Detection\dataset\Grupo_3\E_3_1\Iritech\E_3_1_0\E_3_1_0_R_5\via_region_data.json
E_3_1_0_R_M_N_N_1974_76_2017.bmp308278,Non-Alcohol,C:\PycharmProjects\Alcohol Detection\dataset\Grupo_3\E_3_1\Iritech\E_3_1_0\E_3_1_0_R_5\via_region_data.json
E_3_1_0_R_M_N_N_1974_77_2017.bmp308278,Non-Alcohol,C:\PycharmProjects\Alcohol Detection\dataset\Grupo_3\E_3_1\Iritech\E_3_1_0\E_3_1_0_R_5\via_region_data.json
E_3_1_1_L_M_N_N_1974_0_2017.bmp308278,Non-Alcohol,C:\PycharmProjects\Alcohol Detection\dataset\Grupo_3\E_3_1\Iritech\E_3_1_1\via_region_data.json
E_3_1_1_R_M_N_N_1974_0_2017.bmp308278,Non-Alcohol,C:\PycharmProjects\Alcohol Detection\dataset\Grupo_3\E_3_1\Iritech\E_3_1_1\via_region_data.json
E_3_1_1_L_M_N_N_1974_0_2017.bmp308278,Non-Alcohol,C:\PycharmProjects\Alcohol Detection\dataset\Grupo_3\E_3_1\Iritech\E_3_1_1\E_3_1_1_L_5\via_region_data.json
E_3_1_1_L_M_N_N_1974_1_2017.bmp308278,Alcohol,C:\PycharmProjects\Alcohol Detection\dataset\Grupo_3\E_3_1\Iritech\E_3_1_1\E_3_1_1_L_5\via_region_data.json
E_3_1_1_L_M_N_N_1974_2_2017.bmp308278,Alcohol,C:\PycharmProjects\Alcohol Detection\dataset\Grupo_3\E_3_1\Iritech\E_3_1_1\E_3_1_1_L_5\via_region_data.json
E_3_1_1_L_M_N_N_1974_3_2017.bmp308278,Alcohol,C:\PycharmProjects\Alcohol Detection\dataset\Grupo_3\E_3_1\Iritech\E_3_1_1\E_3_1_1_L_5\via_region_data.json
E_3_1_1_L_M_N_N_1974_4_2017.bmp308278,Alcohol,C:\PycharmProjects\Alcohol Detection\dataset\Grupo_3\E_3_1\Iritech\E_3_1_1\E_3_1_1_L_5\via_region_data.json
E_3_1_1_L_M_N_N_1974_5_2017.bmp308278,Alcohol,C:\PycharmProjects\Alcohol Detection\dataset\Grupo_3\E_3_1\Iritech\E_3_1_1\E_3_1_1_L_5\via_region_data.json
E_3_1_1_L_M_N_N_1974_6_2017.bmp308278,Alcohol,C:\PycharmProjects\Alcohol Detection\dataset\Grupo_3\E_3_1\Iritech\E_3_1_1\E_3_1_1_L_5\via_region_data.json
E_3_1_1_L_M_N_N_1974_7_2017.bmp308278,Alcohol,C:\PycharmProjects\Alcohol Detection\dataset\Grupo_3\E_3_1\Iritech\E_3_1_1\E_3_1_1_L_5\via_region_data.json
E_3_1_1_L_M_N_N_1974_8_2017.bmp308278,Alcohol,C:\PycharmProjects\Alcohol Detection\dataset\Grupo_3\E_3_1\Iritech\E_3_1_1\E_3_1_1_L_5\via_region_data.json
E_3_1_1_L_M_N_N_1974_9_2017.bmp308278,Alcohol,C:\PycharmProjects\Alcohol Detection\dataset\Grupo_3\E_3_1\Iritech\E_3_1_1\E_3_1_1_L_5\via_region_data.json
E_3_1_1_L_M_N_N_1974_10_2017.bmp308278,Alcohol,C:\PycharmProjects\Alcohol Detection\dataset\Grupo_3\E_3_1\Iritech\E_3_1_1\E_3_1_1_L_5\via_region_data.json
E_3_1_1_L_M_N_N_1974_11_2017.bmp308278,Alcohol,C:\PycharmProjects\Alcohol Detection\dataset\Grupo_3\E_3_1\Iritech\E_3_1_1\E_3_1_1_L_5\via_region_data.json
E_3_1_1_L_M_N_N_1974_12_2017.bmp308278,Alcohol,C:\PycharmProjects\Alcohol Detection\dataset\Grupo_3\E_3_1\Iritech\E_3_1_1\E_3_1_1_L_5\via_region_data.json
E_3_1_1_L_M_N_N_1974_13_2017.bmp308278,Alcohol,C:\PycharmProjects\Alcohol Detection\dataset\Grupo_3\E_3_1\Iritech\E_3_1_1\E_3_1_1_L_5\via_region_data.json
E_3_1_1_L_M_N_N_1974_14_2017.bmp308278,Alcohol,C:\PycharmProjects\Alcohol Detection\dataset\Grupo_3\E_3_1\Iritech\E_3_1_1\E_3_1_1_L_5\via_region_data.json
E_3_1_1_L_M_N_N_1974_15_2017.bmp308278,Alcohol,C:\PycharmProjects\Alcohol Detection\dataset\Grupo_3\E_3_1\Iritech\E_3_1_1\E_3_1_1_L_5\via_region_data.json
E_3_1_1_L_M_N_N_1974_16_2017.bmp308278,Alcohol,C:\PycharmProjects\Alcohol Detection\dataset\Grupo_3\E_3_1\Iritech\E_3_1_1\E_3_1_1_L_5\via_region_data.json
E_3_1_1_L_M_N_N_1974_17_2017.bmp308278,Alcohol,C:\PycharmProjects\Alcohol Detection\dataset\Grupo_3\E_3_1\Iritech\E_3_1_1\E_3_1_1_L_5\via_region_data.json
E_3_1_1_L_M_N_N_1974_18_2017.bmp308278,Alcohol,C:\PycharmProjects\Alcohol Detection\dataset\Grupo_3\E_3_1\Iritech\E_3_1_1\E_3_1_1_L_5\via_region_data.json
E_3_1_1_L_M_N_N_1974_19_2017.bmp308278,Alcohol,C:\PycharmProjects\Alcohol Detection\dataset\Grupo_3\E_3_1\Iritech\E_3_1_1\E_3_1_1_L_5\via_region_data.json
E_3_1_1_L_M_N_N_1974_20_2017.bmp308278,Alcohol,C:\PycharmProjects\Alcohol Detection\dataset\Grupo_3\E_3_1\Iritech\E_3_1_1\E_3_1_1_L_5\via_region_data.json
E_3_1_1_L_M_N_N_1974_21_2017.bmp308278,Alcohol,C:\PycharmProjects\Alcohol Detection\dataset\Grupo_3\E_3_1\Iritech\E_3_1_1\E_3_1_1_L_5\via_region_data.json
E_3_1_1_L_M_N_N_1974_22_2017.bmp308278,Alcohol,C:\PycharmProjects\Alcohol Detection\dataset\Grupo_3\E_3_1\Iritech\E_3_1_1\E_3_1_1_L_5\via_region_data.json
E_3_1_1_L_M_N_N_1974_23_2017.bmp308278,Alcohol,C:\PycharmProjects\Alcohol Detection\dataset\Grupo_3\E_3_1\Iritech\E_3_1_1\E_3_1_1_L_5\via_region_data.json
E_3_1_1_L_M_N_N_1974_24_2017.bmp308278,Alcohol,C:\PycharmProjects\Alcohol Detection\dataset\Grupo_3\E_3_1\Iritech\E_3_1_1\E_3_1_1_L_5\via_region_data.json
E_3_1_1_L_M_N_N_1974_25_2017.bmp308278,Alcohol,C:\PycharmProjects\Alcohol Detection\dataset\Grupo_3\E_3_1\Iritech\E_3_1_1\E_3_1_1_L_5\via_region_data.json
E_3_1_1_L_M_N_N_1974_26_2017.bmp308278,Alcohol,C:\PycharmProjects\Alcohol Detection\dataset\Grupo_3\E_3_1\Iritech\E_3_1_1\E_3_1_1_L_5\via_region_data.json
E_3_1_1_L_M_N_N_1974_27_2017.bmp308278,Alcohol,C:\PycharmProjects\Alcohol Detection\dataset\Grupo_3\E_3_1\Iritech\E_3_1_1\E_3_1_1_L_5\via_region_data.json
E_3_1_1_L_M_N_N_1974_28_2017.bmp308278,Alcohol,C:\PycharmProjects\Alcohol Detection\dataset\Grupo_3\E_3_1\Iritech\E_3_1_1\E_3_1_1_L_5\via_region_data.json
E_3_1_1_L_M_N_N_1974_29_2017.bmp308278,Alcohol,C:\PycharmProjects\Alcohol Detection\dataset\Grupo_3\E_3_1\Iritech\E_3_1_1\E_3_1_1_L_5\via_region_data.json
E_3_1_1_L_M_N_N_1974_30_2017.bmp308278,Alcohol,C:\PycharmProjects\Alcohol Detection\dataset\Grupo_3\E_3_1\Iritech\E_3_1_1\E_3_1_1_L_5\via_region_data.json
E_3_1_1_L_M_N_N_1974_31_2017.bmp308278,Alcohol,C:\PycharmProjects\Alcohol Detection\dataset\Grupo_3\E_3_1\Iritech\E_3_1_1\E_3_1_1_L_5\via_region_data.json
E_3_1_1_L_M_N_N_1974_32_2017.bmp308278,Alcohol,C:\PycharmProjects\Alcohol Detection\dataset\Grupo_3\E_3_1\Iritech\E_3_1_1\E_3_1_1_L_5\via_region_data.json
E_3_1_1_L_M_N_N_1974_33_2017.bmp308278,Alcohol,C:\PycharmProjects\Alcohol Detection\dataset\Grupo_3\E_3_1\Iritech\E_3_1_1\E_3_1_1_L_5\via_region_data.json
E_3_1_1_L_M_N_N_1974_34_2017.bmp308278,Alcohol,C:\PycharmProjects\Alcohol Detection\dataset\Grupo_3\E_3_1\Iritech\E_3_1_1\E_3_1_1_L_5\via_region_data.json
E_3_1_1_L_M_N_N_1974_35_2017.bmp308278,Alcohol,C:\PycharmProjects\Alcohol Detection\dataset\Grupo_3\E_3_1\Iritech\E_3_1_1\E_3_1_1_L_5\via_region_data.json
E_3_1_1_L_M_N_N_1974_36_2017.bmp308278,Alcohol,C:\PycharmProjects\Alcohol Detection\dataset\Grupo_3\E_3_1\Iritech\E_3_1_1\E_3_1_1_L_5\via_region_data.json
E_3_1_1_L_M_N_N_1974_37_2017.bmp308278,Alcohol,C:\PycharmProjects\Alcohol Detection\dataset\Grupo_3\E_3_1\Iritech\E_3_1_1\E_3_1_1_L_5\via_region_data.json
E_3_1_1_L_M_N_N_1974_38_2017.bmp308278,Alcohol,C:\PycharmProjects\Alcohol Detection\dataset\Grupo_3\E_3_1\Iritech\E_3_1_1\E_3_1_1_L_5\via_region_data.json
E_3_1_1_L_M_N_N_1974_39_2017.bmp308278,Alcohol,C:\PycharmProjects\Alcohol Detection\dataset\Grupo_3\E_3_1\Iritech\E_3_1_1\E_3_1_1_L_5\via_region_data.json
E_3_1_1_L_M_N_N_1974_40_2017.bmp308278,Alcohol,C:\PycharmProjects\Alcohol Detection\dataset\Grupo_3\E_3_1\Iritech\E_3_1_1\E_3_1_1_L_5\via_region_data.json
E_3_1_1_L_M_N_N_1974_41_2017.bmp308278,Alcohol,C:\PycharmProjects\Alcohol Detection\dataset\Grupo_3\E_3_1\Iritech\E_3_1_1\E_3_1_1_L_5\via_region_data.json
E_3_1_1_L_M_N_N_1974_42_2017.bmp308278,Alcohol,C:\PycharmProjects\Alcohol Detection\dataset\Grupo_3\E_3_1\Iritech\E_3_1_1\E_3_1_1_L_5\via_region_data.json
E_3_1_1_L_M_N_N_1974_43_2017.bmp308278,Alcohol,C:\PycharmProjects\Alcohol Detection\dataset\Grupo_3\E_3_1\Iritech\E_3_1_1\E_3_1_1_L_5\via_region_data.json
E_3_1_1_L_M_N_N_1974_44_2017.bmp308278,Alcohol,C:\PycharmProjects\Alcohol Detection\dataset\Grupo_3\E_3_1\Iritech\E_3_1_1\E_3_1_1_L_5\via_region_data.json
E_3_1_1_L_M_N_N_1974_45_2017.bmp308278,Alcohol,C:\PycharmProjects\Alcohol Detection\dataset\Grupo_3\E_3_1\Iritech\E_3_1_1\E_3_1_1_L_5\via_region_data.json
E_3_1_1_L_M_N_N_1974_46_2017.bmp308278,Alcohol,C:\PycharmProjects\Alcohol Detection\dataset\Grupo_3\E_3_1\Iritech\E_3_1_1\E_3_1_1_L_5\via_region_data.json
E_3_1_1_L_M_N_N_1974_47_2017.bmp308278,Alcohol,C:\PycharmProjects\Alcohol Detection\dataset\Grupo_3\E_3_1\Iritech\E_3_1_1\E_3_1_1_L_5\via_region_data.json
E_3_1_1_L_M_N_N_1974_48_2017.bmp308278,Alcohol,C:\PycharmProjects\Alcohol Detection\dataset\Grupo_3\E_3_1\Iritech\E_3_1_1\E_3_1_1_L_5\via_region_data.json
E_3_1_1_L_M_N_N_1974_49_2017.bmp308278,Alcohol,C:\PycharmProjects\Alcohol Detection\dataset\Grupo_3\E_3_1\Iritech\E_3_1_1\E_3_1_1_L_5\via_region_data.json
E_3_1_1_L_M_N_N_1974_50_2017.bmp308278,Alcohol,C:\PycharmProjects\Alcohol Detection\dataset\Grupo_3\E_3_1\Iritech\E_3_1_1\E_3_1_1_L_5\via_region_data.json
E_3_1_1_L_M_N_N_1974_51_2017.bmp308278,Alcohol,C:\PycharmProjects\Alcohol Detection\dataset\Grupo_3\E_3_1\Iritech\E_3_1_1\E_3_1_1_L_5\via_region_data.json
E_3_1_1_L_M_N_N_1974_52_2017.bmp308278,Alcohol,C:\PycharmProjects\Alcohol Detection\dataset\Grupo_3\E_3_1\Iritech\E_3_1_1\E_3_1_1_L_5\via_region_data.json
E_3_1_1_L_M_N_N_1974_53_2017.bmp308278,Alcohol,C:\PycharmProjects\Alcohol Detection\dataset\Grupo_3\E_3_1\Iritech\E_3_1_1\E_3_1_1_L_5\via_region_data.json
E_3_1_1_L_M_N_N_1974_54_2017.bmp308278,Alcohol,C:\PycharmProjects\Alcohol Detection\dataset\Grupo_3\E_3_1\Iritech\E_3_1_1\E_3_1_1_L_5\via_region_data.json
E_3_1_1_L_M_N_N_1974_55_2017.bmp308278,Alcohol,C:\PycharmProjects\Alcohol Detection\dataset\Grupo_3\E_3_1\Iritech\E_3_1_1\E_3_1_1_L_5\via_region_data.json
E_3_1_1_L_M_N_N_1974_56_2017.bmp308278,Alcohol,C:\PycharmProjects\Alcohol Detection\dataset\Grupo_3\E_3_1\Iritech\E_3_1_1\E_3_1_1_L_5\via_region_data.json
E_3_1_1_L_M_N_N_1974_57_2017.bmp308278,Alcohol,C:\PycharmProjects\Alcohol Detection\dataset\Grupo_3\E_3_1\Iritech\E_3_1_1\E_3_1_1_L_5\via_region_data.json
E_3_1_1_L_M_N_N_1974_58_2017.bmp308278,Alcohol,C:\PycharmProjects\Alcohol Detection\dataset\Grupo_3\E_3_1\Iritech\E_3_1_1\E_3_1_1_L_5\via_region_data.json
E_3_1_1_L_M_N_N_1974_59_2017.bmp308278,Alcohol,C:\PycharmProjects\Alcohol Detection\dataset\Grupo_3\E_3_1\Iritech\E_3_1_1\E_3_1_1_L_5\via_region_data.json
E_3_1_1_L_M_N_N_1974_60_2017.bmp308278,Alcohol,C:\PycharmProjects\Alcohol Detection\dataset\Grupo_3\E_3_1\Iritech\E_3_1_1\E_3_1_1_L_5\via_region_data.json
E_3_1_1_L_M_N_N_1974_61_2017.bmp308278,Alcohol,C:\PycharmProjects\Alcohol Detection\dataset\Grupo_3\E_3_1\Iritech\E_3_1_1\E_3_1_1_L_5\via_region_data.json
E_3_1_1_L_M_N_N_1974_62_2017.bmp308278,Alcohol,C:\PycharmProjects\Alcohol Detection\dataset\Grupo_3\E_3_1\Iritech\E_3_1_1\E_3_1_1_L_5\via_region_data.json
E_3_1_1_L_M_N_N_1974_63_2017.bmp308278,Alcohol,C:\PycharmProjects\Alcohol Detection\dataset\Grupo_3\E_3_1\Iritech\E_3_1_1\E_3_1_1_L_5\via_region_data.json
E_3_1_1_L_M_N_N_1974_64_2017.bmp308278,Alcohol,C:\PycharmProjects\Alcohol Detection\dataset\Grupo_3\E_3_1\Iritech\E_3_1_1\E_3_1_1_L_5\via_region_data.json
E_3_1_1_L_M_N_N_1974_65_2017.bmp308278,Alcohol,C:\PycharmProjects\Alcohol Detection\dataset\Grupo_3\E_3_1\Iritech\E_3_1_1\E_3_1_1_L_5\via_region_data.json
E_3_1_1_L_M_N_N_1974_66_2017.bmp308278,Alcohol,C:\PycharmProjects\Alcohol Detection\dataset\Grupo_3\E_3_1\Iritech\E_3_1_1\E_3_1_1_L_5\via_region_data.json
E_3_1_1_L_M_N_N_1974_67_2017.bmp308278,Alcohol,C:\PycharmProjects\Alcohol Detection\dataset\Grupo_3\E_3_1\Iritech\E_3_1_1\E_3_1_1_L_5\via_region_data.json
E_3_1_1_L_M_N_N_1974_68_2017.bmp308278,Alcohol,C:\PycharmProjects\Alcohol Detection\dataset\Grupo_3\E_3_1\Iritech\E_3_1_1\E_3_1_1_L_5\via_region_data.json
E_3_1_1_L_M_N_N_1974_69_2017.bmp308278,Alcohol,C:\PycharmProjects\Alcohol Detection\dataset\Grupo_3\E_3_1\Iritech\E_3_1_1\E_3_1_1_L_5\via_region_data.json
E_3_1_1_L_M_N_N_1974_70_2017.bmp308278,Alcohol,C:\PycharmProjects\Alcohol Detection\dataset\Grupo_3\E_3_1\Iritech\E_3_1_1\E_3_1_1_L_5\via_region_data.json
E_3_1_1_L_M_N_N_1974_71_2017.bmp308278,Alcohol,C:\PycharmProjects\Alcohol Detection\dataset\Grupo_3\E_3_1\Iritech\E_3_1_1\E_3_1_1_L_5\via_region_data.json
E_3_1_1_L_M_N_N_1974_72_2017.bmp308278,Alcohol,C:\PycharmProjects\Alcohol Detection\dataset\Grupo_3\E_3_1\Iritech\E_3_1_1\E_3_1_1_L_5\via_region_data.json
E_3_1_1_L_M_N_N_1974_73_2017.bmp308278,Alcohol,C:\PycharmProjects\Alcohol Detection\dataset\Grupo_3\E_3_1\Iritech\E_3_1_1\E_3_1_1_L_5\via_region_data.json
E_3_1_1_L_M_N_N_1974_74_2017.bmp308278,Alcohol,C:\PycharmProjects\Alcohol Detection\dataset\Grupo_3\E_3_1\Iritech\E_3_1_1\E_3_1_1_L_5\via_region_data.json
E_3_1_1_R_M_N_N_1974_0_2017.bmp308278,Non-Alcohol,C:\PycharmProjects\Alcohol Detection\dataset\Grupo_3\E_3_1\Iritech\E_3_1_1\E_3_1_1_R_5\via_region_data.json
E_3_1_1_R_M_N_N_1974_1_2017.bmp308278,Alcohol,C:\PycharmProjects\Alcohol Detection\dataset\Grupo_3\E_3_1\Iritech\E_3_1_1\E_3_1_1_R_5\via_region_data.json
E_3_1_1_R_M_N_N_1974_2_2017.bmp308278,Alcohol,C:\PycharmProjects\Alcohol Detection\dataset\Grupo_3\E_3_1\Iritech\E_3_1_1\E_3_1_1_R_5\via_region_data.json
E_3_1_1_R_M_N_N_1974_3_2017.bmp308278,Alcohol,C:\PycharmProjects\Alcohol Detection\dataset\Grupo_3\E_3_1\Iritech\E_3_1_1\E_3_1_1_R_5\via_region_data.json
E_3_1_1_R_M_N_N_1974_4_2017.bmp308278,Alcohol,C:\PycharmProjects\Alcohol Detection\dataset\Grupo_3\E_3_1\Iritech\E_3_1_1\E_3_1_1_R_5\via_region_data.json
E_3_1_1_R_M_N_N_1974_5_2017.bmp308278,Alcohol,C:\PycharmProjects\Alcohol Detection\dataset\Grupo_3\E_3_1\Iritech\E_3_1_1\E_3_1_1_R_5\via_region_data.json
E_3_1_1_R_M_N_N_1974_6_2017.bmp308278,Alcohol,C:\PycharmProjects\Alcohol Detection\dataset\Grupo_3\E_3_1\Iritech\E_3_1_1\E_3_1_1_R_5\via_region_data.json
E_3_1_1_R_M_N_N_1974_7_2017.bmp308278,Alcohol,C:\PycharmProjects\Alcohol Detection\dataset\Grupo_3\E_3_1\Iritech\E_3_1_1\E_3_1_1_R_5\via_region_data.json
E_3_1_1_R_M_N_N_1974_8_2017.bmp308278,Alcohol,C:\PycharmProjects\Alcohol Detection\dataset\Grupo_3\E_3_1\Iritech\E_3_1_1\E_3_1_1_R_5\via_region_data.json
E_3_1_1_R_M_N_N_1974_9_2017.bmp308278,Alcohol,C:\PycharmProjects\Alcohol Detection\dataset\Grupo_3\E_3_1\Iritech\E_3_1_1\E_3_1_1_R_5\via_region_data.json
E_3_1_1_R_M_N_N_1974_10_2017.bmp308278,Alcohol,C:\PycharmProjects\Alcohol Detection\dataset\Grupo_3\E_3_1\Iritech\E_3_1_1\E_3_1_1_R_5\via_region_data.json
E_3_1_1_R_M_N_N_1974_11_2017.bmp308278,Alcohol,C:\PycharmProjects\Alcohol Detection\dataset\Grupo_3\E_3_1\Iritech\E_3_1_1\E_3_1_1_R_5\via_region_data.json
E_3_1_1_R_M_N_N_1974_12_2017.bmp308278,Alcohol,C:\PycharmProjects\Alcohol Detection\dataset\Grupo_3\E_3_1\Iritech\E_3_1_1\E_3_1_1_R_5\via_region_data.json
E_3_1_1_R_M_N_N_1974_13_2017.bmp308278,Alcohol,C:\PycharmProjects\Alcohol Detection\dataset\Grupo_3\E_3_1\Iritech\E_3_1_1\E_3_1_1_R_5\via_region_data.json
E_3_1_1_R_M_N_N_1974_14_2017.bmp308278,Alcohol,C:\PycharmProjects\Alcohol Detection\dataset\Grupo_3\E_3_1\Iritech\E_3_1_1\E_3_1_1_R_5\via_region_data.json
E_3_1_1_R_M_N_N_1974_15_2017.bmp308278,Alcohol,C:\PycharmProjects\Alcohol Detection\dataset\Grupo_3\E_3_1\Iritech\E_3_1_1\E_3_1_1_R_5\via_region_data.json
E_3_1_1_R_M_N_N_1974_16_2017.bmp308278,Alcohol,C:\PycharmProjects\Alcohol Detection\dataset\Grupo_3\E_3_1\Iritech\E_3_1_1\E_3_1_1_R_5\via_region_data.json
E_3_1_1_R_M_N_N_1974_17_2017.bmp308278,Alcohol,C:\PycharmProjects\Alcohol Detection\dataset\Grupo_3\E_3_1\Iritech\E_3_1_1\E_3_1_1_R_5\via_region_data.json
E_3_1_1_R_M_N_N_1974_18_2017.bmp308278,Alcohol,C:\PycharmProjects\Alcohol Detection\dataset\Grupo_3\E_3_1\Iritech\E_3_1_1\E_3_1_1_R_5\via_region_data.json
E_3_1_1_R_M_N_N_1974_19_2017.bmp308278,Alcohol,C:\PycharmProjects\Alcohol Detection\dataset\Grupo_3\E_3_1\Iritech\E_3_1_1\E_3_1_1_R_5\via_region_data.json
E_3_1_1_R_M_N_N_1974_20_2017.bmp308278,Alcohol,C:\PycharmProjects\Alcohol Detection\dataset\Grupo_3\E_3_1\Iritech\E_3_1_1\E_3_1_1_R_5\via_region_data.json
E_3_1_1_R_M_N_N_1974_21_2017.bmp308278,Alcohol,C:\PycharmProjects\Alcohol Detection\dataset\Grupo_3\E_3_1\Iritech\E_3_1_1\E_3_1_1_R_5\via_region_data.json
E_3_1_1_R_M_N_N_1974_22_2017.bmp308278,Alcohol,C:\PycharmProjects\Alcohol Detection\dataset\Grupo_3\E_3_1\Iritech\E_3_1_1\E_3_1_1_R_5\via_region_data.json
E_3_1_1_R_M_N_N_1974_23_2017.bmp308278,Alcohol,C:\PycharmProjects\Alcohol Detection\dataset\Grupo_3\E_3_1\Iritech\E_3_1_1\E_3_1_1_R_5\via_region_data.json
E_3_1_1_R_M_N_N_1974_24_2017.bmp308278,Alcohol,C:\PycharmProjects\Alcohol Detection\dataset\Grupo_3\E_3_1\Iritech\E_3_1_1\E_3_1_1_R_5\via_region_data.json
E_3_1_1_R_M_N_N_1974_25_2017.bmp308278,Alcohol,C:\PycharmProjects\Alcohol Detection\dataset\Grupo_3\E_3_1\Iritech\E_3_1_1\E_3_1_1_R_5\via_region_data.json
E_3_1_1_R_M_N_N_1974_26_2017.bmp308278,Alcohol,C:\PycharmProjects\Alcohol Detection\dataset\Grupo_3\E_3_1\Iritech\E_3_1_1\E_3_1_1_R_5\via_region_data.json
E_3_1_1_R_M_N_N_1974_27_2017.bmp308278,Alcohol,C:\PycharmProjects\Alcohol Detection\dataset\Grupo_3\E_3_1\Iritech\E_3_1_1\E_3_1_1_R_5\via_region_data.json
E_3_1_1_R_M_N_N_1974_28_2017.bmp308278,Alcohol,C:\PycharmProjects\Alcohol Detection\dataset\Grupo_3\E_3_1\Iritech\E_3_1_1\E_3_1_1_R_5\via_region_data.json
E_3_1_1_R_M_N_N_1974_29_2017.bmp308278,Alcohol,C:\PycharmProjects\Alcohol Detection\dataset\Grupo_3\E_3_1\Iritech\E_3_1_1\E_3_1_1_R_5\via_region_data.json
E_3_1_1_R_M_N_N_1974_30_2017.bmp308278,Alcohol,C:\PycharmProjects\Alcohol Detection\dataset\Grupo_3\E_3_1\Iritech\E_3_1_1\E_3_1_1_R_5\via_region_data.json
E_3_1_1_R_M_N_N_1974_31_2017.bmp308278,Alcohol,C:\PycharmProjects\Alcohol Detection\dataset\Grupo_3\E_3_1\Iritech\E_3_1_1\E_3_1_1_R_5\via_region_data.json
E_3_1_1_R_M_N_N_1974_32_2017.bmp308278,Alcohol,C:\PycharmProjects\Alcohol Detection\dataset\Grupo_3\E_3_1\Iritech\E_3_1_1\E_3_1_1_R_5\via_region_data.json
E_3_1_1_R_M_N_N_1974_33_2017.bmp308278,Alcohol,C:\PycharmProjects\Alcohol Detection\dataset\Grupo_3\E_3_1\Iritech\E_3_1_1\E_3_1_1_R_5\via_region_data.json
E_3_1_1_R_M_N_N_1974_34_2017.bmp308278,Alcohol,C:\PycharmProjects\Alcohol Detection\dataset\Grupo_3\E_3_1\Iritech\E_3_1_1\E_3_1_1_R_5\via_region_data.json
E_3_1_1_R_M_N_N_1974_35_2017.bmp308278,Alcohol,C:\PycharmProjects\Alcohol Detection\dataset\Grupo_3\E_3_1\Iritech\E_3_1_1\E_3_1_1_R_5\via_region_data.json
E_3_1_1_R_M_N_N_1974_36_2017.bmp308278,Alcohol,C:\PycharmProjects\Alcohol Detection\dataset\Grupo_3\E_3_1\Iritech\E_3_1_1\E_3_1_1_R_5\via_region_data.json
E_3_1_1_R_M_N_N_1974_37_2017.bmp308278,Alcohol,C:\PycharmProjects\Alcohol Detection\dataset\Grupo_3\E_3_1\Iritech\E_3_1_1\E_3_1_1_R_5\via_region_data.json
E_3_1_1_R_M_N_N_1974_38_2017.bmp308278,Alcohol,C:\PycharmProjects\Alcohol Detection\dataset\Grupo_3\E_3_1\Iritech\E_3_1_1\E_3_1_1_R_5\via_region_data.json
E_3_1_1_R_M_N_N_1974_39_2017.bmp308278,Alcohol,C:\PycharmProjects\Alcohol Detection\dataset\Grupo_3\E_3_1\Iritech\E_3_1_1\E_3_1_1_R_5\via_region_data.json
E_3_1_1_R_M_N_N_1974_40_2017.bmp308278,Alcohol,C:\PycharmProjects\Alcohol Detection\dataset\Grupo_3\E_3_1\Iritech\E_3_1_1\E_3_1_1_R_5\via_region_data.json
E_3_1_1_R_M_N_N_1974_41_2017.bmp308278,Alcohol,C:\PycharmProjects\Alcohol Detection\dataset\Grupo_3\E_3_1\Iritech\E_3_1_1\E_3_1_1_R_5\via_region_data.json
E_3_1_1_R_M_N_N_1974_42_2017.bmp308278,Alcohol,C:\PycharmProjects\Alcohol Detection\dataset\Grupo_3\E_3_1\Iritech\E_3_1_1\E_3_1_1_R_5\via_region_data.json
E_3_1_1_R_M_N_N_1974_43_2017.bmp308278,Alcohol,C:\PycharmProjects\Alcohol Detection\dataset\Grupo_3\E_3_1\Iritech\E_3_1_1\E_3_1_1_R_5\via_region_data.json
E_3_1_1_R_M_N_N_1974_44_2017.bmp308278,Alcohol,C:\PycharmProjects\Alcohol Detection\dataset\Grupo_3\E_3_1\Iritech\E_3_1_1\E_3_1_1_R_5\via_region_data.json
E_3_1_1_R_M_N_N_1974_45_2017.bmp308278,Alcohol,C:\PycharmProjects\Alcohol Detection\dataset\Grupo_3\E_3_1\Iritech\E_3_1_1\E_3_1_1_R_5\via_region_data.json
E_3_1_1_R_M_N_N_1974_46_2017.bmp308278,Alcohol,C:\PycharmProjects\Alcohol Detection\dataset\Grupo_3\E_3_1\Iritech\E_3_1_1\E_3_1_1_R_5\via_region_data.json
E_3_1_1_R_M_N_N_1974_47_2017.bmp308278,Alcohol,C:\PycharmProjects\Alcohol Detection\dataset\Grupo_3\E_3_1\Iritech\E_3_1_1\E_3_1_1_R_5\via_region_data.json
E_3_1_1_R_M_N_N_1974_48_2017.bmp308278,Alcohol,C:\PycharmProjects\Alcohol Detection\dataset\Grupo_3\E_3_1\Iritech\E_3_1_1\E_3_1_1_R_5\via_region_data.json
E_3_1_1_R_M_N_N_1974_49_2017.bmp308278,Alcohol,C:\PycharmProjects\Alcohol Detection\dataset\Grupo_3\E_3_1\Iritech\E_3_1_1\E_3_1_1_R_5\via_region_data.json
E_3_1_1_R_M_N_N_1974_50_2017.bmp308278,Alcohol,C:\PycharmProjects\Alcohol Detection\dataset\Grupo_3\E_3_1\Iritech\E_3_1_1\E_3_1_1_R_5\via_region_data.json
E_3_1_1_R_M_N_N_1974_51_2017.bmp308278,Alcohol,C:\PycharmProjects\Alcohol Detection\dataset\Grupo_3\E_3_1\Iritech\E_3_1_1\E_3_1_1_R_5\via_region_data.json
E_3_1_1_R_M_N_N_1974_52_2017.bmp308278,Alcohol,C:\PycharmProjects\Alcohol Detection\dataset\Grupo_3\E_3_1\Iritech\E_3_1_1\E_3_1_1_R_5\via_region_data.json
E_3_1_1_R_M_N_N_1974_53_2017.bmp308278,Alcohol,C:\PycharmProjects\Alcohol Detection\dataset\Grupo_3\E_3_1\Iritech\E_3_1_1\E_3_1_1_R_5\via_region_data.json
E_3_1_1_R_M_N_N_1974_54_2017.bmp308278,Alcohol,C:\PycharmProjects\Alcohol Detection\dataset\Grupo_3\E_3_1\Iritech\E_3_1_1\E_3_1_1_R_5\via_region_data.json
E_3_1_1_R_M_N_N_1974_55_2017.bmp308278,Alcohol,C:\PycharmProjects\Alcohol Detection\dataset\Grupo_3\E_3_1\Iritech\E_3_1_1\E_3_1_1_R_5\via_region_data.json
E_3_1_1_R_M_N_N_1974_56_2017.bmp308278,Alcohol,C:\PycharmProjects\Alcohol Detection\dataset\Grupo_3\E_3_1\Iritech\E_3_1_1\E_3_1_1_R_5\via_region_data.json
E_3_1_1_R_M_N_N_1974_57_2017.bmp308278,Alcohol,C:\PycharmProjects\Alcohol Detection\dataset\Grupo_3\E_3_1\Iritech\E_3_1_1\E_3_1_1_R_5\via_region_data.json
E_3_1_1_R_M_N_N_1974_58_2017.bmp308278,Alcohol,C:\PycharmProjects\Alcohol Detection\dataset\Grupo_3\E_3_1\Iritech\E_3_1_1\E_3_1_1_R_5\via_region_data.json
E_3_1_1_R_M_N_N_1974_59_2017.bmp308278,Alcohol,C:\PycharmProjects\Alcohol Detection\dataset\Grupo_3\E_3_1\Iritech\E_3_1_1\E_3_1_1_R_5\via_region_data.json
E_3_1_1_R_M_N_N_1974_60_2017.bmp308278,Alcohol,C:\PycharmProjects\Alcohol Detection\dataset\Grupo_3\E_3_1\Iritech\E_3_1_1\E_3_1_1_R_5\via_region_data.json
E_3_1_1_R_M_N_N_1974_61_2017.bmp308278,Alcohol,C:\PycharmProjects\Alcohol Detection\dataset\Grupo_3\E_3_1\Iritech\E_3_1_1\E_3_1_1_R_5\via_region_data.json
E_3_1_1_R_M_N_N_1974_62_2017.bmp308278,Alcohol,C:\PycharmProjects\Alcohol Detection\dataset\Grupo_3\E_3_1\Iritech\E_3_1_1\E_3_1_1_R_5\via_region_data.json
E_3_1_1_R_M_N_N_1974_63_2017.bmp308278,Alcohol,C:\PycharmProjects\Alcohol Detection\dataset\Grupo_3\E_3_1\Iritech\E_3_1_1\E_3_1_1_R_5\via_region_data.json
E_3_1_1_R_M_N_N_1974_64_2017.bmp308278,Alcohol,C:\PycharmProjects\Alcohol Detection\dataset\Grupo_3\E_3_1\Iritech\E_3_1_1\E_3_1_1_R_5\via_region_data.json
E_3_1_1_R_M_N_N_1974_65_2017.bmp308278,Alcohol,C:\PycharmProjects\Alcohol Detection\dataset\Grupo_3\E_3_1\Iritech\E_3_1_1\E_3_1_1_R_5\via_region_data.json
E_3_1_1_R_M_N_N_1974_66_2017.bmp308278,Alcohol,C:\PycharmProjects\Alcohol Detection\dataset\Grupo_3\E_3_1\Iritech\E_3_1_1\E_3_1_1_R_5\via_region_data.json
E_3_1_1_R_M_N_N_1974_67_2017.bmp308278,Alcohol,C:\PycharmProjects\Alcohol Detection\dataset\Grupo_3\E_3_1\Iritech\E_3_1_1\E_3_1_1_R_5\via_region_data.json
E_3_1_1_R_M_N_N_1974_68_2017.bmp308278,Alcohol,C:\PycharmProjects\Alcohol Detection\dataset\Grupo_3\E_3_1\Iritech\E_3_1_1\E_3_1_1_R_5\via_region_data.json
E_3_1_1_R_M_N_N_1974_69_2017.bmp308278,Alcohol,C:\PycharmProjects\Alcohol Detection\dataset\Grupo_3\E_3_1\Iritech\E_3_1_1\E_3_1_1_R_5\via_region_data.json
E_3_1_1_R_M_N_N_1974_70_2017.bmp308278,Alcohol,C:\PycharmProjects\Alcohol Detection\dataset\Grupo_3\E_3_1\Iritech\E_3_1_1\E_3_1_1_R_5\via_region_data.json
E_3_1_1_R_M_N_N_1974_71_2017.bmp308278,Alcohol,C:\PycharmProjects\Alcohol Detection\dataset\Grupo_3\E_3_1\Iritech\E_3_1_1\E_3_1_1_R_5\via_region_data.json
E_3_1_1_R_M_N_N_1974_72_2017.bmp308278,Alcohol,C:\PycharmProjects\Alcohol Detection\dataset\Grupo_3\E_3_1\Iritech\E_3_1_1\E_3_1_1_R_5\via_region_data.json
E_3_1_1_R_M_N_N_1974_73_2017.bmp308278,Alcohol,C:\PycharmProjects\Alcohol Detection\dataset\Grupo_3\E_3_1\Iritech\E_3_1_1\E_3_1_1_R_5\via_region_data.json
E_3_1_1_R_M_N_N_1974_74_2017.bmp308278,Alcohol,C:\PycharmProjects\Alcohol Detection\dataset\Grupo_3\E_3_1\Iritech\E_3_1_1\E_3_1_1_R_5\via_region_data.json
E_3_1_1_R_M_N_N_1974_75_2017.bmp308278,Alcohol,C:\PycharmProjects\Alcohol Detection\dataset\Grupo_3\E_3_1\Iritech\E_3_1_1\E_3_1_1_R_5\via_region_data.json
E_3_1_1_R_M_N_N_1974_76_2017.bmp308278,Alcohol,C:\PycharmProjects\Alcohol Detection\dataset\Grupo_3\E_3_1\Iritech\E_3_1_1\E_3_1_1_R_5\via_region_data.json
E_3_1_1_R_M_N_N_1974_77_2017.bmp308278,Alcohol,C:\PycharmProjects\Alcohol Detection\dataset\Grupo_3\E_3_1\Iritech\E_3_1_1\E_3_1_1_R_5\via_region_data.json
E_3_1_2_L_M_N_N_1974_0_2017.bmp308278,Non-Alcohol,C:\PycharmProjects\Alcohol Detection\dataset\Grupo_3\E_3_1\Iritech\E_3_1_2\via_region_data.json
E_3_1_2_R_M_N_N_1974_0_2017.bmp308278,Non-Alcohol,C:\PycharmProjects\Alcohol Detection\dataset\Grupo_3\E_3_1\Iritech\E_3_1_2\via_region_data.json
E_3_1_2_L_M_N_N_1974_0_2017.bmp308278,Non-Alcohol,C:\PycharmProjects\Alcohol Detection\dataset\Grupo_3\E_3_1\Iritech\E_3_1_2\E_3_1_2_L_5\via_region_data.json
E_3_1_2_L_M_N_N_1974_1_2017.bmp308278,Alcohol,C:\PycharmProjects\Alcohol Detection\dataset\Grupo_3\E_3_1\Iritech\E_3_1_2\E_3_1_2_L_5\via_region_data.json
E_3_1_2_L_M_N_N_1974_2_2017.bmp308278,Alcohol,C:\PycharmProjects\Alcohol Detection\dataset\Grupo_3\E_3_1\Iritech\E_3_1_2\E_3_1_2_L_5\via_region_data.json
E_3_1_2_L_M_N_N_1974_3_2017.bmp308278,Alcohol,C:\PycharmProjects\Alcohol Detection\dataset\Grupo_3\E_3_1\Iritech\E_3_1_2\E_3_1_2_L_5\via_region_data.json
E_3_1_2_L_M_N_N_1974_4_2017.bmp308278,Alcohol,C:\PycharmProjects\Alcohol Detection\dataset\Grupo_3\E_3_1\Iritech\E_3_1_2\E_3_1_2_L_5\via_region_data.json
E_3_1_2_L_M_N_N_1974_5_2017.bmp308278,Alcohol,C:\PycharmProjects\Alcohol Detection\dataset\Grupo_3\E_3_1\Iritech\E_3_1_2\E_3_1_2_L_5\via_region_data.json
E_3_1_2_L_M_N_N_1974_6_2017.bmp308278,Alcohol,C:\PycharmProjects\Alcohol Detection\dataset\Grupo_3\E_3_1\Iritech\E_3_1_2\E_3_1_2_L_5\via_region_data.json
E_3_1_2_L_M_N_N_1974_7_2017.bmp308278,Alcohol,C:\PycharmProjects\Alcohol Detection\dataset\Grupo_3\E_3_1\Iritech\E_3_1_2\E_3_1_2_L_5\via_region_data.json
E_3_1_2_L_M_N_N_1974_8_2017.bmp308278,Alcohol,C:\PycharmProjects\Alcohol Detection\dataset\Grupo_3\E_3_1\Iritech\E_3_1_2\E_3_1_2_L_5\via_region_data.json
E_3_1_2_L_M_N_N_1974_9_2017.bmp308278,Alcohol,C:\PycharmProjects\Alcohol Detection\dataset\Grupo_3\E_3_1\Iritech\E_3_1_2\E_3_1_2_L_5\via_region_data.json
E_3_1_2_L_M_N_N_1974_10_2017.bmp308278,Alcohol,C:\PycharmProjects\Alcohol Detection\dataset\Grupo_3\E_3_1\Iritech\E_3_1_2\E_3_1_2_L_5\via_region_data.json
E_3_1_2_L_M_N_N_1974_11_2017.bmp308278,Alcohol,C:\PycharmProjects\Alcohol Detection\dataset\Grupo_3\E_3_1\Iritech\E_3_1_2\E_3_1_2_L_5\via_region_data.json
E_3_1_2_L_M_N_N_1974_12_2017.bmp308278,Alcohol,C:\PycharmProjects\Alcohol Detection\dataset\Grupo_3\E_3_1\Iritech\E_3_1_2\E_3_1_2_L_5\via_region_data.json
E_3_1_2_L_M_N_N_1974_13_2017.bmp308278,Alcohol,C:\PycharmProjects\Alcohol Detection\dataset\Grupo_3\E_3_1\Iritech\E_3_1_2\E_3_1_2_L_5\via_region_data.json
E_3_1_2_L_M_N_N_1974_14_2017.bmp308278,Alcohol,C:\PycharmProjects\Alcohol Detection\dataset\Grupo_3\E_3_1\Iritech\E_3_1_2\E_3_1_2_L_5\via_region_data.json
E_3_1_2_L_M_N_N_1974_15_2017.bmp308278,Alcohol,C:\PycharmProjects\Alcohol Detection\dataset\Grupo_3\E_3_1\Iritech\E_3_1_2\E_3_1_2_L_5\via_region_data.json
E_3_1_2_L_M_N_N_1974_16_2017.bmp308278,Alcohol,C:\PycharmProjects\Alcohol Detection\dataset\Grupo_3\E_3_1\Iritech\E_3_1_2\E_3_1_2_L_5\via_region_data.json
E_3_1_2_L_M_N_N_1974_17_2017.bmp308278,Alcohol,C:\PycharmProjects\Alcohol Detection\dataset\Grupo_3\E_3_1\Iritech\E_3_1_2\E_3_1_2_L_5\via_region_data.json
E_3_1_2_L_M_N_N_1974_18_2017.bmp308278,Alcohol,C:\PycharmProjects\Alcohol Detection\dataset\Grupo_3\E_3_1\Iritech\E_3_1_2\E_3_1_2_L_5\via_region_data.json
E_3_1_2_L_M_N_N_1974_19_2017.bmp308278,Alcohol,C:\PycharmProjects\Alcohol Detection\dataset\Grupo_3\E_3_1\Iritech\E_3_1_2\E_3_1_2_L_5\via_region_data.json
E_3_1_2_L_M_N_N_1974_20_2017.bmp308278,Alcohol,C:\PycharmProjects\Alcohol Detection\dataset\Grupo_3\E_3_1\Iritech\E_3_1_2\E_3_1_2_L_5\via_region_data.json
E_3_1_2_L_M_N_N_1974_21_2017.bmp308278,Alcohol,C:\PycharmProjects\Alcohol Detection\dataset\Grupo_3\E_3_1\Iritech\E_3_1_2\E_3_1_2_L_5\via_region_data.json
E_3_1_2_L_M_N_N_1974_22_2017.bmp308278,Alcohol,C:\PycharmProjects\Alcohol Detection\dataset\Grupo_3\E_3_1\Iritech\E_3_1_2\E_3_1_2_L_5\via_region_data.json
E_3_1_2_L_M_N_N_1974_23_2017.bmp308278,Alcohol,C:\PycharmProjects\Alcohol Detection\dataset\Grupo_3\E_3_1\Iritech\E_3_1_2\E_3_1_2_L_5\via_region_data.json
E_3_1_2_L_M_N_N_1974_24_2017.bmp308278,Alcohol,C:\PycharmProjects\Alcohol Detection\dataset\Grupo_3\E_3_1\Iritech\E_3_1_2\E_3_1_2_L_5\via_region_data.json
E_3_1_2_L_M_N_N_1974_25_2017.bmp308278,Alcohol,C:\PycharmProjects\Alcohol Detection\dataset\Grupo_3\E_3_1\Iritech\E_3_1_2\E_3_1_2_L_5\via_region_data.json
E_3_1_2_L_M_N_N_1974_26_2017.bmp308278,Alcohol,C:\PycharmProjects\Alcohol Detection\dataset\Grupo_3\E_3_1\Iritech\E_3_1_2\E_3_1_2_L_5\via_region_data.json
E_3_1_2_L_M_N_N_1974_27_2017.bmp308278,Alcohol,C:\PycharmProjects\Alcohol Detection\dataset\Grupo_3\E_3_1\Iritech\E_3_1_2\E_3_1_2_L_5\via_region_data.json
E_3_1_2_L_M_N_N_1974_28_2017.bmp308278,Alcohol,C:\PycharmProjects\Alcohol Detection\dataset\Grupo_3\E_3_1\Iritech\E_3_1_2\E_3_1_2_L_5\via_region_data.json
E_3_1_2_L_M_N_N_1974_29_2017.bmp308278,Alcohol,C:\PycharmProjects\Alcohol Detection\dataset\Grupo_3\E_3_1\Iritech\E_3_1_2\E_3_1_2_L_5\via_region_data.json
E_3_1_2_L_M_N_N_1974_30_2017.bmp308278,Alcohol,C:\PycharmProjects\Alcohol Detection\dataset\Grupo_3\E_3_1\Iritech\E_3_1_2\E_3_1_2_L_5\via_region_data.json
E_3_1_2_L_M_N_N_1974_31_2017.bmp308278,Alcohol,C:\PycharmProjects\Alcohol Detection\dataset\Grupo_3\E_3_1\Iritech\E_3_1_2\E_3_1_2_L_5\via_region_data.json
E_3_1_2_L_M_N_N_1974_32_2017.bmp308278,Alcohol,C:\PycharmProjects\Alcohol Detection\dataset\Grupo_3\E_3_1\Iritech\E_3_1_2\E_3_1_2_L_5\via_region_data.json
E_3_1_2_L_M_N_N_1974_33_2017.bmp308278,Alcohol,C:\PycharmProjects\Alcohol Detection\dataset\Grupo_3\E_3_1\Iritech\E_3_1_2\E_3_1_2_L_5\via_region_data.json
E_3_1_2_L_M_N_N_1974_34_2017.bmp308278,Alcohol,C:\PycharmProjects\Alcohol Detection\dataset\Grupo_3\E_3_1\Iritech\E_3_1_2\E_3_1_2_L_5\via_region_data.json
E_3_1_2_L_M_N_N_1974_35_2017.bmp308278,Alcohol,C:\PycharmProjects\Alcohol Detection\dataset\Grupo_3\E_3_1\Iritech\E_3_1_2\E_3_1_2_L_5\via_region_data.json
E_3_1_2_L_M_N_N_1974_36_2017.bmp308278,Alcohol,C:\PycharmProjects\Alcohol Detection\dataset\Grupo_3\E_3_1\Iritech\E_3_1_2\E_3_1_2_L_5\via_region_data.json
E_3_1_2_L_M_N_N_1974_37_2017.bmp308278,Alcohol,C:\PycharmProjects\Alcohol Detection\dataset\Grupo_3\E_3_1\Iritech\E_3_1_2\E_3_1_2_L_5\via_region_data.json
E_3_1_2_L_M_N_N_1974_38_2017.bmp308278,Alcohol,C:\PycharmProjects\Alcohol Detection\dataset\Grupo_3\E_3_1\Iritech\E_3_1_2\E_3_1_2_L_5\via_region_data.json
E_3_1_2_L_M_N_N_1974_39_2017.bmp308278,Alcohol,C:\PycharmProjects\Alcohol Detection\dataset\Grupo_3\E_3_1\Iritech\E_3_1_2\E_3_1_2_L_5\via_region_data.json
E_3_1_2_L_M_N_N_1974_40_2017.bmp308278,Alcohol,C:\PycharmProjects\Alcohol Detection\dataset\Grupo_3\E_3_1\Iritech\E_3_1_2\E_3_1_2_L_5\via_region_data.json
E_3_1_2_L_M_N_N_1974_41_2017.bmp308278,Alcohol,C:\PycharmProjects\Alcohol Detection\dataset\Grupo_3\E_3_1\Iritech\E_3_1_2\E_3_1_2_L_5\via_region_data.json
E_3_1_2_L_M_N_N_1974_42_2017.bmp308278,Alcohol,C:\PycharmProjects\Alcohol Detection\dataset\Grupo_3\E_3_1\Iritech\E_3_1_2\E_3_1_2_L_5\via_region_data.json
E_3_1_2_L_M_N_N_1974_43_2017.bmp308278,Alcohol,C:\PycharmProjects\Alcohol Detection\dataset\Grupo_3\E_3_1\Iritech\E_3_1_2\E_3_1_2_L_5\via_region_data.json
E_3_1_2_L_M_N_N_1974_44_2017.bmp308278,Alcohol,C:\PycharmProjects\Alcohol Detection\dataset\Grupo_3\E_3_1\Iritech\E_3_1_2\E_3_1_2_L_5\via_region_data.json
E_3_1_2_L_M_N_N_1974_45_2017.bmp308278,Alcohol,C:\PycharmProjects\Alcohol Detection\dataset\Grupo_3\E_3_1\Iritech\E_3_1_2\E_3_1_2_L_5\via_region_data.json
E_3_1_2_L_M_N_N_1974_46_2017.bmp308278,Alcohol,C:\PycharmProjects\Alcohol Detection\dataset\Grupo_3\E_3_1\Iritech\E_3_1_2\E_3_1_2_L_5\via_region_data.json
E_3_1_2_L_M_N_N_1974_47_2017.bmp308278,Alcohol,C:\PycharmProjects\Alcohol Detection\dataset\Grupo_3\E_3_1\Iritech\E_3_1_2\E_3_1_2_L_5\via_region_data.json
E_3_1_2_L_M_N_N_1974_48_2017.bmp308278,Alcohol,C:\PycharmProjects\Alcohol Detection\dataset\Grupo_3\E_3_1\Iritech\E_3_1_2\E_3_1_2_L_5\via_region_data.json
E_3_1_2_L_M_N_N_1974_49_2017.bmp308278,Alcohol,C:\PycharmProjects\Alcohol Detection\dataset\Grupo_3\E_3_1\Iritech\E_3_1_2\E_3_1_2_L_5\via_region_data.json
E_3_1_2_L_M_N_N_1974_50_2017.bmp308278,Alcohol,C:\PycharmProjects\Alcohol Detection\dataset\Grupo_3\E_3_1\Iritech\E_3_1_2\E_3_1_2_L_5\via_region_data.json
E_3_1_2_L_M_N_N_1974_51_2017.bmp308278,Alcohol,C:\PycharmProjects\Alcohol Detection\dataset\Grupo_3\E_3_1\Iritech\E_3_1_2\E_3_1_2_L_5\via_region_data.json
E_3_1_2_L_M_N_N_1974_52_2017.bmp308278,Alcohol,C:\PycharmProjects\Alcohol Detection\dataset\Grupo_3\E_3_1\Iritech\E_3_1_2\E_3_1_2_L_5\via_region_data.json
E_3_1_2_L_M_N_N_1974_53_2017.bmp308278,Alcohol,C:\PycharmProjects\Alcohol Detection\dataset\Grupo_3\E_3_1\Iritech\E_3_1_2\E_3_1_2_L_5\via_region_data.json
E_3_1_2_L_M_N_N_1974_54_2017.bmp308278,Alcohol,C:\PycharmProjects\Alcohol Detection\dataset\Grupo_3\E_3_1\Iritech\E_3_1_2\E_3_1_2_L_5\via_region_data.json
E_3_1_2_L_M_N_N_1974_55_2017.bmp308278,Alcohol,C:\PycharmProjects\Alcohol Detection\dataset\Grupo_3\E_3_1\Iritech\E_3_1_2\E_3_1_2_L_5\via_region_data.json
E_3_1_2_L_M_N_N_1974_56_2017.bmp308278,Alcohol,C:\PycharmProjects\Alcohol Detection\dataset\Grupo_3\E_3_1\Iritech\E_3_1_2\E_3_1_2_L_5\via_region_data.json
E_3_1_2_L_M_N_N_1974_57_2017.bmp308278,Alcohol,C:\PycharmProjects\Alcohol Detection\dataset\Grupo_3\E_3_1\Iritech\E_3_1_2\E_3_1_2_L_5\via_region_data.json
E_3_1_2_L_M_N_N_1974_58_2017.bmp308278,Alcohol,C:\PycharmProjects\Alcohol Detection\dataset\Grupo_3\E_3_1\Iritech\E_3_1_2\E_3_1_2_L_5\via_region_data.json
E_3_1_2_L_M_N_N_1974_59_2017.bmp308278,Alcohol,C:\PycharmProjects\Alcohol Detection\dataset\Grupo_3\E_3_1\Iritech\E_3_1_2\E_3_1_2_L_5\via_region_data.json
E_3_1_2_L_M_N_N_1974_60_2017.bmp308278,Alcohol,C:\PycharmProjects\Alcohol Detection\dataset\Grupo_3\E_3_1\Iritech\E_3_1_2\E_3_1_2_L_5\via_region_data.json
E_3_1_2_L_M_N_N_1974_61_2017.bmp308278,Alcohol,C:\PycharmProjects\Alcohol Detection\dataset\Grupo_3\E_3_1\Iritech\E_3_1_2\E_3_1_2_L_5\via_region_data.json
E_3_1_2_L_M_N_N_1974_62_2017.bmp308278,Alcohol,C:\PycharmProjects\Alcohol Detection\dataset\Grupo_3\E_3_1\Iritech\E_3_1_2\E_3_1_2_L_5\via_region_data.json
E_3_1_2_L_M_N_N_1974_63_2017.bmp308278,Alcohol,C:\PycharmProjects\Alcohol Detection\dataset\Grupo_3\E_3_1\Iritech\E_3_1_2\E_3_1_2_L_5\via_region_data.json
E_3_1_2_L_M_N_N_1974_64_2017.bmp308278,Alcohol,C:\PycharmProjects\Alcohol Detection\dataset\Grupo_3\E_3_1\Iritech\E_3_1_2\E_3_1_2_L_5\via_region_data.json
E_3_1_2_L_M_N_N_1974_65_2017.bmp308278,Alcohol,C:\PycharmProjects\Alcohol Detection\dataset\Grupo_3\E_3_1\Iritech\E_3_1_2\E_3_1_2_L_5\via_region_data.json
E_3_1_2_L_M_N_N_1974_66_2017.bmp308278,Alcohol,C:\PycharmProjects\Alcohol Detection\dataset\Grupo_3\E_3_1\Iritech\E_3_1_2\E_3_1_2_L_5\via_region_data.json
E_3_1_2_L_M_N_N_1974_67_2017.bmp308278,Alcohol,C:\PycharmProjects\Alcohol Detection\dataset\Grupo_3\E_3_1\Iritech\E_3_1_2\E_3_1_2_L_5\via_region_data.json
E_3_1_2_L_M_N_N_1974_68_2017.bmp308278,Alcohol,C:\PycharmProjects\Alcohol Detection\dataset\Grupo_3\E_3_1\Iritech\E_3_1_2\E_3_1_2_L_5\via_region_data.json
E_3_1_2_L_M_N_N_1974_69_2017.bmp308278,Alcohol,C:\PycharmProjects\Alcohol Detection\dataset\Grupo_3\E_3_1\Iritech\E_3_1_2\E_3_1_2_L_5\via_region_data.json
E_3_1_2_L_M_N_N_1974_70_2017.bmp308278,Alcohol,C:\PycharmProjects\Alcohol Detection\dataset\Grupo_3\E_3_1\Iritech\E_3_1_2\E_3_1_2_L_5\via_region_data.json
E_3_1_2_L_M_N_N_1974_71_2017.bmp308278,Alcohol,C:\PycharmProjects\Alcohol Detection\dataset\Grupo_3\E_3_1\Iritech\E_3_1_2\E_3_1_2_L_5\via_region_data.json
E_3_1_2_L_M_N_N_1974_72_2017.bmp308278,Alcohol,C:\PycharmProjects\Alcohol Detection\dataset\Grupo_3\E_3_1\Iritech\E_3_1_2\E_3_1_2_L_5\via_region_data.json
E_3_1_2_L_M_N_N_1974_73_2017.bmp308278,Alcohol,C:\PycharmProjects\Alcohol Detection\dataset\Grupo_3\E_3_1\Iritech\E_3_1_2\E_3_1_2_L_5\via_region_data.json
E_3_1_2_L_M_N_N_1974_74_2017.bmp308278,Alcohol,C:\PycharmProjects\Alcohol Detection\dataset\Grupo_3\E_3_1\Iritech\E_3_1_2\E_3_1_2_L_5\via_region_data.json
E_3_1_2_L_M_N_N_1974_75_2017.bmp308278,Alcohol,C:\PycharmProjects\Alcohol Detection\dataset\Grupo_3\E_3_1\Iritech\E_3_1_2\E_3_1_2_L_5\via_region_data.json
E_3_1_2_L_M_N_N_1974_76_2017.bmp308278,Alcohol,C:\PycharmProjects\Alcohol Detection\dataset\Grupo_3\E_3_1\Iritech\E_3_1_2\E_3_1_2_L_5\via_region_data.json
E_3_1_2_L_M_N_N_1974_77_2017.bmp308278,Alcohol,C:\PycharmProjects\Alcohol Detection\dataset\Grupo_3\E_3_1\Iritech\E_3_1_2\E_3_1_2_L_5\via_region_data.json
E_3_1_2_R_M_N_N_1974_0_2017.bmp308278,Non-Alcohol,C:\PycharmProjects\Alcohol Detection\dataset\Grupo_3\E_3_1\Iritech\E_3_1_2\E_3_1_2_R_5\via_region_data.json
E_3_1_2_R_M_N_N_1974_1_2017.bmp308278,Alcohol,C:\PycharmProjects\Alcohol Detection\dataset\Grupo_3\E_3_1\Iritech\E_3_1_2\E_3_1_2_R_5\via_region_data.json
E_3_1_2_R_M_N_N_1974_2_2017.bmp308278,Alcohol,C:\PycharmProjects\Alcohol Detection\dataset\Grupo_3\E_3_1\Iritech\E_3_1_2\E_3_1_2_R_5\via_region_data.json
E_3_1_2_R_M_N_N_1974_3_2017.bmp308278,Alcohol,C:\PycharmProjects\Alcohol Detection\dataset\Grupo_3\E_3_1\Iritech\E_3_1_2\E_3_1_2_R_5\via_region_data.json
E_3_1_2_R_M_N_N_1974_4_2017.bmp308278,Alcohol,C:\PycharmProjects\Alcohol Detection\dataset\Grupo_3\E_3_1\Iritech\E_3_1_2\E_3_1_2_R_5\via_region_data.json
E_3_1_2_R_M_N_N_1974_5_2017.bmp308278,Alcohol,C:\PycharmProjects\Alcohol Detection\dataset\Grupo_3\E_3_1\Iritech\E_3_1_2\E_3_1_2_R_5\via_region_data.json
E_3_1_2_R_M_N_N_1974_6_2017.bmp308278,Alcohol,C:\PycharmProjects\Alcohol Detection\dataset\Grupo_3\E_3_1\Iritech\E_3_1_2\E_3_1_2_R_5\via_region_data.json
E_3_1_2_R_M_N_N_1974_7_2017.bmp308278,Alcohol,C:\PycharmProjects\Alcohol Detection\dataset\Grupo_3\E_3_1\Iritech\E_3_1_2\E_3_1_2_R_5\via_region_data.json
E_3_1_2_R_M_N_N_1974_8_2017.bmp308278,Alcohol,C:\PycharmProjects\Alcohol Detection\dataset\Grupo_3\E_3_1\Iritech\E_3_1_2\E_3_1_2_R_5\via_region_data.json
E_3_1_2_R_M_N_N_1974_9_2017.bmp308278,Alcohol,C:\PycharmProjects\Alcohol Detection\dataset\Grupo_3\E_3_1\Iritech\E_3_1_2\E_3_1_2_R_5\via_region_data.json
E_3_1_2_R_M_N_N_1974_10_2017.bmp308278,Alcohol,C:\PycharmProjects\Alcohol Detection\dataset\Grupo_3\E_3_1\Iritech\E_3_1_2\E_3_1_2_R_5\via_region_data.json
E_3_1_2_R_M_N_N_1974_11_2017.bmp308278,Alcohol,C:\PycharmProjects\Alcohol Detection\dataset\Grupo_3\E_3_1\Iritech\E_3_1_2\E_3_1_2_R_5\via_region_data.json
E_3_1_2_R_M_N_N_1974_12_2017.bmp308278,Alcohol,C:\PycharmProjects\Alcohol Detection\dataset\Grupo_3\E_3_1\Iritech\E_3_1_2\E_3_1_2_R_5\via_region_data.json
E_3_1_2_R_M_N_N_1974_13_2017.bmp308278,Alcohol,C:\PycharmProjects\Alcohol Detection\dataset\Grupo_3\E_3_1\Iritech\E_3_1_2\E_3_1_2_R_5\via_region_data.json
E_3_1_2_R_M_N_N_1974_14_2017.bmp308278,Alcohol,C:\PycharmProjects\Alcohol Detection\dataset\Grupo_3\E_3_1\Iritech\E_3_1_2\E_3_1_2_R_5\via_region_data.json
E_3_1_2_R_M_N_N_1974_15_2017.bmp308278,Alcohol,C:\PycharmProjects\Alcohol Detection\dataset\Grupo_3\E_3_1\Iritech\E_3_1_2\E_3_1_2_R_5\via_region_data.json
E_3_1_2_R_M_N_N_1974_16_2017.bmp308278,Alcohol,C:\PycharmProjects\Alcohol Detection\dataset\Grupo_3\E_3_1\Iritech\E_3_1_2\E_3_1_2_R_5\via_region_data.json
E_3_1_2_R_M_N_N_1974_17_2017.bmp308278,Alcohol,C:\PycharmProjects\Alcohol Detection\dataset\Grupo_3\E_3_1\Iritech\E_3_1_2\E_3_1_2_R_5\via_region_data.json
E_3_1_2_R_M_N_N_1974_18_2017.bmp308278,Alcohol,C:\PycharmProjects\Alcohol Detection\dataset\Grupo_3\E_3_1\Iritech\E_3_1_2\E_3_1_2_R_5\via_region_data.json
E_3_1_2_R_M_N_N_1974_19_2017.bmp308278,Alcohol,C:\PycharmProjects\Alcohol Detection\dataset\Grupo_3\E_3_1\Iritech\E_3_1_2\E_3_1_2_R_5\via_region_data.json
E_3_1_2_R_M_N_N_1974_20_2017.bmp308278,Alcohol,C:\PycharmProjects\Alcohol Detection\dataset\Grupo_3\E_3_1\Iritech\E_3_1_2\E_3_1_2_R_5\via_region_data.json
E_3_1_2_R_M_N_N_1974_21_2017.bmp308278,Alcohol,C:\PycharmProjects\Alcohol Detection\dataset\Grupo_3\E_3_1\Iritech\E_3_1_2\E_3_1_2_R_5\via_region_data.json
E_3_1_2_R_M_N_N_1974_22_2017.bmp308278,Alcohol,C:\PycharmProjects\Alcohol Detection\dataset\Grupo_3\E_3_1\Iritech\E_3_1_2\E_3_1_2_R_5\via_region_data.json
E_3_1_2_R_M_N_N_1974_23_2017.bmp308278,Alcohol,C:\PycharmProjects\Alcohol Detection\dataset\Grupo_3\E_3_1\Iritech\E_3_1_2\E_3_1_2_R_5\via_region_data.json
E_3_1_2_R_M_N_N_1974_24_2017.bmp308278,Alcohol,C:\PycharmProjects\Alcohol Detection\dataset\Grupo_3\E_3_1\Iritech\E_3_1_2\E_3_1_2_R_5\via_region_data.json
E_3_1_2_R_M_N_N_1974_25_2017.bmp308278,Alcohol,C:\PycharmProjects\Alcohol Detection\dataset\Grupo_3\E_3_1\Iritech\E_3_1_2\E_3_1_2_R_5\via_region_data.json
E_3_1_2_R_M_N_N_1974_26_2017.bmp308278,Alcohol,C:\PycharmProjects\Alcohol Detection\dataset\Grupo_3\E_3_1\Iritech\E_3_1_2\E_3_1_2_R_5\via_region_data.json
E_3_1_2_R_M_N_N_1974_27_2017.bmp308278,Alcohol,C:\PycharmProjects\Alcohol Detection\dataset\Grupo_3\E_3_1\Iritech\E_3_1_2\E_3_1_2_R_5\via_region_data.json
E_3_1_2_R_M_N_N_1974_28_2017.bmp308278,Alcohol,C:\PycharmProjects\Alcohol Detection\dataset\Grupo_3\E_3_1\Iritech\E_3_1_2\E_3_1_2_R_5\via_region_data.json
E_3_1_2_R_M_N_N_1974_29_2017.bmp308278,Alcohol,C:\PycharmProjects\Alcohol Detection\dataset\Grupo_3\E_3_1\Iritech\E_3_1_2\E_3_1_2_R_5\via_region_data.json
E_3_1_2_R_M_N_N_1974_30_2017.bmp308278,Alcohol,C:\PycharmProjects\Alcohol Detection\dataset\Grupo_3\E_3_1\Iritech\E_3_1_2\E_3_1_2_R_5\via_region_data.json
E_3_1_2_R_M_N_N_1974_31_2017.bmp308278,Alcohol,C:\PycharmProjects\Alcohol Detection\dataset\Grupo_3\E_3_1\Iritech\E_3_1_2\E_3_1_2_R_5\via_region_data.json
E_3_1_2_R_M_N_N_1974_32_2017.bmp308278,Alcohol,C:\PycharmProjects\Alcohol Detection\dataset\Grupo_3\E_3_1\Iritech\E_3_1_2\E_3_1_2_R_5\via_region_data.json
E_3_1_2_R_M_N_N_1974_33_2017.bmp308278,Alcohol,C:\PycharmProjects\Alcohol Detection\dataset\Grupo_3\E_3_1\Iritech\E_3_1_2\E_3_1_2_R_5\via_region_data.json
E_3_1_2_R_M_N_N_1974_34_2017.bmp308278,Alcohol,C:\PycharmProjects\Alcohol Detection\dataset\Grupo_3\E_3_1\Iritech\E_3_1_2\E_3_1_2_R_5\via_region_data.json
E_3_1_2_R_M_N_N_1974_35_2017.bmp308278,Alcohol,C:\PycharmProjects\Alcohol Detection\dataset\Grupo_3\E_3_1\Iritech\E_3_1_2\E_3_1_2_R_5\via_region_data.json
E_3_1_2_R_M_N_N_1974_36_2017.bmp308278,Alcohol,C:\PycharmProjects\Alcohol Detection\dataset\Grupo_3\E_3_1\Iritech\E_3_1_2\E_3_1_2_R_5\via_region_data.json
E_3_1_2_R_M_N_N_1974_37_2017.bmp308278,Alcohol,C:\PycharmProjects\Alcohol Detection\dataset\Grupo_3\E_3_1\Iritech\E_3_1_2\E_3_1_2_R_5\via_region_data.json
E_3_1_2_R_M_N_N_1974_38_2017.bmp308278,Alcohol,C:\PycharmProjects\Alcohol Detection\dataset\Grupo_3\E_3_1\Iritech\E_3_1_2\E_3_1_2_R_5\via_region_data.json
E_3_1_2_R_M_N_N_1974_39_2017.bmp308278,Alcohol,C:\PycharmProjects\Alcohol Detection\dataset\Grupo_3\E_3_1\Iritech\E_3_1_2\E_3_1_2_R_5\via_region_data.json
E_3_1_2_R_M_N_N_1974_40_2017.bmp308278,Alcohol,C:\PycharmProjects\Alcohol Detection\dataset\Grupo_3\E_3_1\Iritech\E_3_1_2\E_3_1_2_R_5\via_region_data.json
E_3_1_2_R_M_N_N_1974_41_2017.bmp308278,Alcohol,C:\PycharmProjects\Alcohol Detection\dataset\Grupo_3\E_3_1\Iritech\E_3_1_2\E_3_1_2_R_5\via_region_data.json
E_3_1_2_R_M_N_N_1974_42_2017.bmp308278,Alcohol,C:\PycharmProjects\Alcohol Detection\dataset\Grupo_3\E_3_1\Iritech\E_3_1_2\E_3_1_2_R_5\via_region_data.json
E_3_1_2_R_M_N_N_1974_43_2017.bmp308278,Alcohol,C:\PycharmProjects\Alcohol Detection\dataset\Grupo_3\E_3_1\Iritech\E_3_1_2\E_3_1_2_R_5\via_region_data.json
E_3_1_2_R_M_N_N_1974_44_2017.bmp308278,Alcohol,C:\PycharmProjects\Alcohol Detection\dataset\Grupo_3\E_3_1\Iritech\E_3_1_2\E_3_1_2_R_5\via_region_data.json
E_3_1_2_R_M_N_N_1974_45_2017.bmp308278,Alcohol,C:\PycharmProjects\Alcohol Detection\dataset\Grupo_3\E_3_1\Iritech\E_3_1_2\E_3_1_2_R_5\via_region_data.json
E_3_1_2_R_M_N_N_1974_46_2017.bmp308278,Alcohol,C:\PycharmProjects\Alcohol Detection\dataset\Grupo_3\E_3_1\Iritech\E_3_1_2\E_3_1_2_R_5\via_region_data.json
E_3_1_2_R_M_N_N_1974_47_2017.bmp308278,Alcohol,C:\PycharmProjects\Alcohol Detection\dataset\Grupo_3\E_3_1\Iritech\E_3_1_2\E_3_1_2_R_5\via_region_data.json
E_3_1_2_R_M_N_N_1974_48_2017.bmp308278,Alcohol,C:\PycharmProjects\Alcohol Detection\dataset\Grupo_3\E_3_1\Iritech\E_3_1_2\E_3_1_2_R_5\via_region_data.json
E_3_1_2_R_M_N_N_1974_49_2017.bmp308278,Alcohol,C:\PycharmProjects\Alcohol Detection\dataset\Grupo_3\E_3_1\Iritech\E_3_1_2\E_3_1_2_R_5\via_region_data.json
E_3_1_2_R_M_N_N_1974_50_2017.bmp308278,Alcohol,C:\PycharmProjects\Alcohol Detection\dataset\Grupo_3\E_3_1\Iritech\E_3_1_2\E_3_1_2_R_5\via_region_data.json
E_3_1_2_R_M_N_N_1974_51_2017.bmp308278,Alcohol,C:\PycharmProjects\Alcohol Detection\dataset\Grupo_3\E_3_1\Iritech\E_3_1_2\E_3_1_2_R_5\via_region_data.json
E_3_1_2_R_M_N_N_1974_52_2017.bmp308278,Alcohol,C:\PycharmProjects\Alcohol Detection\dataset\Grupo_3\E_3_1\Iritech\E_3_1_2\E_3_1_2_R_5\via_region_data.json
E_3_1_2_R_M_N_N_1974_53_2017.bmp308278,Alcohol,C:\PycharmProjects\Alcohol Detection\dataset\Grupo_3\E_3_1\Iritech\E_3_1_2\E_3_1_2_R_5\via_region_data.json
E_3_1_2_R_M_N_N_1974_54_2017.bmp308278,Alcohol,C:\PycharmProjects\Alcohol Detection\dataset\Grupo_3\E_3_1\Iritech\E_3_1_2\E_3_1_2_R_5\via_region_data.json
E_3_1_2_R_M_N_N_1974_55_2017.bmp308278,Alcohol,C:\PycharmProjects\Alcohol Detection\dataset\Grupo_3\E_3_1\Iritech\E_3_1_2\E_3_1_2_R_5\via_region_data.json
E_3_1_2_R_M_N_N_1974_56_2017.bmp308278,Alcohol,C:\PycharmProjects\Alcohol Detection\dataset\Grupo_3\E_3_1\Iritech\E_3_1_2\E_3_1_2_R_5\via_region_data.json
E_3_1_2_R_M_N_N_1974_57_2017.bmp308278,Alcohol,C:\PycharmProjects\Alcohol Detection\dataset\Grupo_3\E_3_1\Iritech\E_3_1_2\E_3_1_2_R_5\via_region_data.json
E_3_1_2_R_M_N_N_1974_58_2017.bmp308278,Alcohol,C:\PycharmProjects\Alcohol Detection\dataset\Grupo_3\E_3_1\Iritech\E_3_1_2\E_3_1_2_R_5\via_region_data.json
E_3_1_2_R_M_N_N_1974_59_2017.bmp308278,Alcohol,C:\PycharmProjects\Alcohol Detection\dataset\Grupo_3\E_3_1\Iritech\E_3_1_2\E_3_1_2_R_5\via_region_data.json
E_3_1_2_R_M_N_N_1974_60_2017.bmp308278,Alcohol,C:\PycharmProjects\Alcohol Detection\dataset\Grupo_3\E_3_1\Iritech\E_3_1_2\E_3_1_2_R_5\via_region_data.json
E_3_1_2_R_M_N_N_1974_61_2017.bmp308278,Alcohol,C:\PycharmProjects\Alcohol Detection\dataset\Grupo_3\E_3_1\Iritech\E_3_1_2\E_3_1_2_R_5\via_region_data.json
E_3_1_2_R_M_N_N_1974_62_2017.bmp308278,Alcohol,C:\PycharmProjects\Alcohol Detection\dataset\Grupo_3\E_3_1\Iritech\E_3_1_2\E_3_1_2_R_5\via_region_data.json
E_3_1_2_R_M_N_N_1974_63_2017.bmp308278,Alcohol,C:\PycharmProjects\Alcohol Detection\dataset\Grupo_3\E_3_1\Iritech\E_3_1_2\E_3_1_2_R_5\via_region_data.json
E_3_1_2_R_M_N_N_1974_64_2017.bmp308278,Alcohol,C:\PycharmProjects\Alcohol Detection\dataset\Grupo_3\E_3_1\Iritech\E_3_1_2\E_3_1_2_R_5\via_region_data.json
E_3_1_2_R_M_N_N_1974_65_2017.bmp308278,Alcohol,C:\PycharmProjects\Alcohol Detection\dataset\Grupo_3\E_3_1\Iritech\E_3_1_2\E_3_1_2_R_5\via_region_data.json
E_3_1_2_R_M_N_N_1974_66_2017.bmp308278,Alcohol,C:\PycharmProjects\Alcohol Detection\dataset\Grupo_3\E_3_1\Iritech\E_3_1_2\E_3_1_2_R_5\via_region_data.json
E_3_1_2_R_M_N_N_1974_67_2017.bmp308278,Alcohol,C:\PycharmProjects\Alcohol Detection\dataset\Grupo_3\E_3_1\Iritech\E_3_1_2\E_3_1_2_R_5\via_region_data.json
E_3_1_2_R_M_N_N_1974_68_2017.bmp308278,Alcohol,C:\PycharmProjects\Alcohol Detection\dataset\Grupo_3\E_3_1\Iritech\E_3_1_2\E_3_1_2_R_5\via_region_data.json
E_3_1_2_R_M_N_N_1974_69_2017.bmp308278,Alcohol,C:\PycharmProjects\Alcohol Detection\dataset\Grupo_3\E_3_1\Iritech\E_3_1_2\E_3_1_2_R_5\via_region_data.json
E_3_1_2_R_M_N_N_1974_70_2017.bmp308278,Alcohol,C:\PycharmProjects\Alcohol Detection\dataset\Grupo_3\E_3_1\Iritech\E_3_1_2\E_3_1_2_R_5\via_region_data.json
E_3_1_2_R_M_N_N_1974_71_2017.bmp308278,Alcohol,C:\PycharmProjects\Alcohol Detection\dataset\Grupo_3\E_3_1\Iritech\E_3_1_2\E_3_1_2_R_5\via_region_data.json
E_3_1_2_R_M_N_N_1974_72_2017.bmp308278,Alcohol,C:\PycharmProjects\Alcohol Detection\dataset\Grupo_3\E_3_1\Iritech\E_3_1_2\E_3_1_2_R_5\via_region_data.json
E_3_1_2_R_M_N_N_1974_73_2017.bmp308278,Alcohol,C:\PycharmProjects\Alcohol Detection\dataset\Grupo_3\E_3_1\Iritech\E_3_1_2\E_3_1_2_R_5\via_region_data.json
E_3_1_2_R_M_N_N_1974_74_2017.bmp308278,Alcohol,C:\PycharmProjects\Alcohol Detection\dataset\Grupo_3\E_3_1\Iritech\E_3_1_2\E_3_1_2_R_5\via_region_data.json
E_3_1_2_R_M_N_N_1974_75_2017.bmp308278,Alcohol,C:\PycharmProjects\Alcohol Detection\dataset\Grupo_3\E_3_1\Iritech\E_3_1_2\E_3_1_2_R_5\via_region_data.json
E_3_1_2_R_M_N_N_1974_76_2017.bmp308278,Alcohol,C:\PycharmProjects\Alcohol Detection\dataset\Grupo_3\E_3_1\Iritech\E_3_1_2\E_3_1_2_R_5\via_region_data.json
E_3_1_2_R_M_N_N_1974_77_2017.bmp308278,Alcohol,C:\PycharmProjects\Alcohol Detection\dataset\Grupo_3\E_3_1\Iritech\E_3_1_2\E_3_1_2_R_5\via_region_data.json
E_3_1_3_L_M_N_N_1974_0_2017.bmp308278,Non-Alcohol,C:\PycharmProjects\Alcohol Detection\dataset\Grupo_3\E_3_1\Iritech\E_3_1_3\via_region_data.json
E_3_1_3_R_M_N_N_1974_0_2017.bmp308278,Non-Alcohol,C:\PycharmProjects\Alcohol Detection\dataset\Grupo_3\E_3_1\Iritech\E_3_1_3\via_region_data.json
E_3_1_3_L_M_N_N_1974_0_2017.bmp308278,Non-Alcohol,C:\PycharmProjects\Alcohol Detection\dataset\Grupo_3\E_3_1\Iritech\E_3_1_3\E_3_1_3_L_5\via_region_data.json
E_3_1_3_L_M_N_N_1974_1_2017.bmp308278,Alcohol,C:\PycharmProjects\Alcohol Detection\dataset\Grupo_3\E_3_1\Iritech\E_3_1_3\E_3_1_3_L_5\via_region_data.json
E_3_1_3_L_M_N_N_1974_2_2017.bmp308278,Alcohol,C:\PycharmProjects\Alcohol Detection\dataset\Grupo_3\E_3_1\Iritech\E_3_1_3\E_3_1_3_L_5\via_region_data.json
E_3_1_3_L_M_N_N_1974_3_2017.bmp308278,Alcohol,C:\PycharmProjects\Alcohol Detection\dataset\Grupo_3\E_3_1\Iritech\E_3_1_3\E_3_1_3_L_5\via_region_data.json
E_3_1_3_L_M_N_N_1974_4_2017.bmp308278,Alcohol,C:\PycharmProjects\Alcohol Detection\dataset\Grupo_3\E_3_1\Iritech\E_3_1_3\E_3_1_3_L_5\via_region_data.json
E_3_1_3_L_M_N_N_1974_5_2017.bmp308278,Alcohol,C:\PycharmProjects\Alcohol Detection\dataset\Grupo_3\E_3_1\Iritech\E_3_1_3\E_3_1_3_L_5\via_region_data.json
E_3_1_3_L_M_N_N_1974_6_2017.bmp308278,Alcohol,C:\PycharmProjects\Alcohol Detection\dataset\Grupo_3\E_3_1\Iritech\E_3_1_3\E_3_1_3_L_5\via_region_data.json
E_3_1_3_L_M_N_N_1974_7_2017.bmp308278,Alcohol,C:\PycharmProjects\Alcohol Detection\dataset\Grupo_3\E_3_1\Iritech\E_3_1_3\E_3_1_3_L_5\via_region_data.json
E_3_1_3_L_M_N_N_1974_8_2017.bmp308278,Alcohol,C:\PycharmProjects\Alcohol Detection\dataset\Grupo_3\E_3_1\Iritech\E_3_1_3\E_3_1_3_L_5\via_region_data.json
E_3_1_3_L_M_N_N_1974_9_2017.bmp308278,Alcohol,C:\PycharmProjects\Alcohol Detection\dataset\Grupo_3\E_3_1\Iritech\E_3_1_3\E_3_1_3_L_5\via_region_data.json
E_3_1_3_L_M_N_N_1974_10_2017.bmp308278,Alcohol,C:\PycharmProjects\Alcohol Detection\dataset\Grupo_3\E_3_1\Iritech\E_3_1_3\E_3_1_3_L_5\via_region_data.json
E_3_1_3_L_M_N_N_1974_11_2017.bmp308278,Alcohol,C:\PycharmProjects\Alcohol Detection\dataset\Grupo_3\E_3_1\Iritech\E_3_1_3\E_3_1_3_L_5\via_region_data.json
E_3_1_3_L_M_N_N_1974_12_2017.bmp308278,Alcohol,C:\PycharmProjects\Alcohol Detection\dataset\Grupo_3\E_3_1\Iritech\E_3_1_3\E_3_1_3_L_5\via_region_data.json
E_3_1_3_L_M_N_N_1974_13_2017.bmp308278,Alcohol,C:\PycharmProjects\Alcohol Detection\dataset\Grupo_3\E_3_1\Iritech\E_3_1_3\E_3_1_3_L_5\via_region_data.json
E_3_1_3_L_M_N_N_1974_14_2017.bmp308278,Alcohol,C:\PycharmProjects\Alcohol Detection\dataset\Grupo_3\E_3_1\Iritech\E_3_1_3\E_3_1_3_L_5\via_region_data.json
E_3_1_3_L_M_N_N_1974_15_2017.bmp308278,Alcohol,C:\PycharmProjects\Alcohol Detection\dataset\Grupo_3\E_3_1\Iritech\E_3_1_3\E_3_1_3_L_5\via_region_data.json
E_3_1_3_L_M_N_N_1974_16_2017.bmp308278,Alcohol,C:\PycharmProjects\Alcohol Detection\dataset\Grupo_3\E_3_1\Iritech\E_3_1_3\E_3_1_3_L_5\via_region_data.json
E_3_1_3_L_M_N_N_1974_17_2017.bmp308278,Alcohol,C:\PycharmProjects\Alcohol Detection\dataset\Grupo_3\E_3_1\Iritech\E_3_1_3\E_3_1_3_L_5\via_region_data.json
E_3_1_3_L_M_N_N_1974_18_2017.bmp308278,Alcohol,C:\PycharmProjects\Alcohol Detection\dataset\Grupo_3\E_3_1\Iritech\E_3_1_3\E_3_1_3_L_5\via_region_data.json
E_3_1_3_L_M_N_N_1974_19_2017.bmp308278,Alcohol,C:\PycharmProjects\Alcohol Detection\dataset\Grupo_3\E_3_1\Iritech\E_3_1_3\E_3_1_3_L_5\via_region_data.json
E_3_1_3_L_M_N_N_1974_20_2017.bmp308278,Alcohol,C:\PycharmProjects\Alcohol Detection\dataset\Grupo_3\E_3_1\Iritech\E_3_1_3\E_3_1_3_L_5\via_region_data.json
E_3_1_3_L_M_N_N_1974_21_2017.bmp308278,Alcohol,C:\PycharmProjects\Alcohol Detection\dataset\Grupo_3\E_3_1\Iritech\E_3_1_3\E_3_1_3_L_5\via_region_data.json
E_3_1_3_L_M_N_N_1974_22_2017.bmp308278,Alcohol,C:\PycharmProjects\Alcohol Detection\dataset\Grupo_3\E_3_1\Iritech\E_3_1_3\E_3_1_3_L_5\via_region_data.json
E_3_1_3_L_M_N_N_1974_23_2017.bmp308278,Alcohol,C:\PycharmProjects\Alcohol Detection\dataset\Grupo_3\E_3_1\Iritech\E_3_1_3\E_3_1_3_L_5\via_region_data.json
E_3_1_3_L_M_N_N_1974_24_2017.bmp308278,Alcohol,C:\PycharmProjects\Alcohol Detection\dataset\Grupo_3\E_3_1\Iritech\E_3_1_3\E_3_1_3_L_5\via_region_data.json
E_3_1_3_L_M_N_N_1974_25_2017.bmp308278,Alcohol,C:\PycharmProjects\Alcohol Detection\dataset\Grupo_3\E_3_1\Iritech\E_3_1_3\E_3_1_3_L_5\via_region_data.json
E_3_1_3_L_M_N_N_1974_26_2017.bmp308278,Alcohol,C:\PycharmProjects\Alcohol Detection\dataset\Grupo_3\E_3_1\Iritech\E_3_1_3\E_3_1_3_L_5\via_region_data.json
E_3_1_3_L_M_N_N_1974_27_2017.bmp308278,Alcohol,C:\PycharmProjects\Alcohol Detection\dataset\Grupo_3\E_3_1\Iritech\E_3_1_3\E_3_1_3_L_5\via_region_data.json
E_3_1_3_L_M_N_N_1974_28_2017.bmp308278,Alcohol,C:\PycharmProjects\Alcohol Detection\dataset\Grupo_3\E_3_1\Iritech\E_3_1_3\E_3_1_3_L_5\via_region_data.json
E_3_1_3_L_M_N_N_1974_29_2017.bmp308278,Alcohol,C:\PycharmProjects\Alcohol Detection\dataset\Grupo_3\E_3_1\Iritech\E_3_1_3\E_3_1_3_L_5\via_region_data.json
E_3_1_3_L_M_N_N_1974_30_2017.bmp308278,Alcohol,C:\PycharmProjects\Alcohol Detection\dataset\Grupo_3\E_3_1\Iritech\E_3_1_3\E_3_1_3_L_5\via_region_data.json
E_3_1_3_L_M_N_N_1974_31_2017.bmp308278,Alcohol,C:\PycharmProjects\Alcohol Detection\dataset\Grupo_3\E_3_1\Iritech\E_3_1_3\E_3_1_3_L_5\via_region_data.json
E_3_1_3_L_M_N_N_1974_32_2017.bmp308278,Alcohol,C:\PycharmProjects\Alcohol Detection\dataset\Grupo_3\E_3_1\Iritech\E_3_1_3\E_3_1_3_L_5\via_region_data.json
E_3_1_3_L_M_N_N_1974_33_2017.bmp308278,Alcohol,C:\PycharmProjects\Alcohol Detection\dataset\Grupo_3\E_3_1\Iritech\E_3_1_3\E_3_1_3_L_5\via_region_data.json
E_3_1_3_L_M_N_N_1974_34_2017.bmp308278,Alcohol,C:\PycharmProjects\Alcohol Detection\dataset\Grupo_3\E_3_1\Iritech\E_3_1_3\E_3_1_3_L_5\via_region_data.json
E_3_1_3_L_M_N_N_1974_35_2017.bmp308278,Alcohol,C:\PycharmProjects\Alcohol Detection\dataset\Grupo_3\E_3_1\Iritech\E_3_1_3\E_3_1_3_L_5\via_region_data.json
E_3_1_3_L_M_N_N_1974_36_2017.bmp308278,Alcohol,C:\PycharmProjects\Alcohol Detection\dataset\Grupo_3\E_3_1\Iritech\E_3_1_3\E_3_1_3_L_5\via_region_data.json
E_3_1_3_L_M_N_N_1974_37_2017.bmp308278,Alcohol,C:\PycharmProjects\Alcohol Detection\dataset\Grupo_3\E_3_1\Iritech\E_3_1_3\E_3_1_3_L_5\via_region_data.json
E_3_1_3_L_M_N_N_1974_38_2017.bmp308278,Alcohol,C:\PycharmProjects\Alcohol Detection\dataset\Grupo_3\E_3_1\Iritech\E_3_1_3\E_3_1_3_L_5\via_region_data.json
E_3_1_3_L_M_N_N_1974_39_2017.bmp308278,Alcohol,C:\PycharmProjects\Alcohol Detection\dataset\Grupo_3\E_3_1\Iritech\E_3_1_3\E_3_1_3_L_5\via_region_data.json
E_3_1_3_L_M_N_N_1974_40_2017.bmp308278,Alcohol,C:\PycharmProjects\Alcohol Detection\dataset\Grupo_3\E_3_1\Iritech\E_3_1_3\E_3_1_3_L_5\via_region_data.json
E_3_1_3_L_M_N_N_1974_41_2017.bmp308278,Alcohol,C:\PycharmProjects\Alcohol Detection\dataset\Grupo_3\E_3_1\Iritech\E_3_1_3\E_3_1_3_L_5\via_region_data.json
E_3_1_3_L_M_N_N_1974_42_2017.bmp308278,Alcohol,C:\PycharmProjects\Alcohol Detection\dataset\Grupo_3\E_3_1\Iritech\E_3_1_3\E_3_1_3_L_5\via_region_data.json
E_3_1_3_L_M_N_N_1974_43_2017.bmp308278,Alcohol,C:\PycharmProjects\Alcohol Detection\dataset\Grupo_3\E_3_1\Iritech\E_3_1_3\E_3_1_3_L_5\via_region_data.json
E_3_1_3_L_M_N_N_1974_44_2017.bmp308278,Alcohol,C:\PycharmProjects\Alcohol Detection\dataset\Grupo_3\E_3_1\Iritech\E_3_1_3\E_3_1_3_L_5\via_region_data.json
E_3_1_3_L_M_N_N_1974_45_2017.bmp308278,Alcohol,C:\PycharmProjects\Alcohol Detection\dataset\Grupo_3\E_3_1\Iritech\E_3_1_3\E_3_1_3_L_5\via_region_data.json
E_3_1_3_L_M_N_N_1974_46_2017.bmp308278,Alcohol,C:\PycharmProjects\Alcohol Detection\dataset\Grupo_3\E_3_1\Iritech\E_3_1_3\E_3_1_3_L_5\via_region_data.json
E_3_1_3_L_M_N_N_1974_47_2017.bmp308278,Alcohol,C:\PycharmProjects\Alcohol Detection\dataset\Grupo_3\E_3_1\Iritech\E_3_1_3\E_3_1_3_L_5\via_region_data.json
E_3_1_3_L_M_N_N_1974_48_2017.bmp308278,Alcohol,C:\PycharmProjects\Alcohol Detection\dataset\Grupo_3\E_3_1\Iritech\E_3_1_3\E_3_1_3_L_5\via_region_data.json
E_3_1_3_L_M_N_N_1974_49_2017.bmp308278,Alcohol,C:\PycharmProjects\Alcohol Detection\dataset\Grupo_3\E_3_1\Iritech\E_3_1_3\E_3_1_3_L_5\via_region_data.json
E_3_1_3_L_M_N_N_1974_50_2017.bmp308278,Alcohol,C:\PycharmProjects\Alcohol Detection\dataset\Grupo_3\E_3_1\Iritech\E_3_1_3\E_3_1_3_L_5\via_region_data.json
E_3_1_3_L_M_N_N_1974_51_2017.bmp308278,Alcohol,C:\PycharmProjects\Alcohol Detection\dataset\Grupo_3\E_3_1\Iritech\E_3_1_3\E_3_1_3_L_5\via_region_data.json
E_3_1_3_L_M_N_N_1974_52_2017.bmp308278,Alcohol,C:\PycharmProjects\Alcohol Detection\dataset\Grupo_3\E_3_1\Iritech\E_3_1_3\E_3_1_3_L_5\via_region_data.json
E_3_1_3_L_M_N_N_1974_53_2017.bmp308278,Alcohol,C:\PycharmProjects\Alcohol Detection\dataset\Grupo_3\E_3_1\Iritech\E_3_1_3\E_3_1_3_L_5\via_region_data.json
E_3_1_3_L_M_N_N_1974_54_2017.bmp308278,Alcohol,C:\PycharmProjects\Alcohol Detection\dataset\Grupo_3\E_3_1\Iritech\E_3_1_3\E_3_1_3_L_5\via_region_data.json
E_3_1_3_L_M_N_N_1974_55_2017.bmp308278,Alcohol,C:\PycharmProjects\Alcohol Detection\dataset\Grupo_3\E_3_1\Iritech\E_3_1_3\E_3_1_3_L_5\via_region_data.json
E_3_1_3_L_M_N_N_1974_56_2017.bmp308278,Alcohol,C:\PycharmProjects\Alcohol Detection\dataset\Grupo_3\E_3_1\Iritech\E_3_1_3\E_3_1_3_L_5\via_region_data.json
E_3_1_3_L_M_N_N_1974_57_2017.bmp308278,Alcohol,C:\PycharmProjects\Alcohol Detection\dataset\Grupo_3\E_3_1\Iritech\E_3_1_3\E_3_1_3_L_5\via_region_data.json
E_3_1_3_L_M_N_N_1974_58_2017.bmp308278,Alcohol,C:\PycharmProjects\Alcohol Detection\dataset\Grupo_3\E_3_1\Iritech\E_3_1_3\E_3_1_3_L_5\via_region_data.json
E_3_1_3_L_M_N_N_1974_59_2017.bmp308278,Alcohol,C:\PycharmProjects\Alcohol Detection\dataset\Grupo_3\E_3_1\Iritech\E_3_1_3\E_3_1_3_L_5\via_region_data.json
E_3_1_3_L_M_N_N_1974_60_2017.bmp308278,Alcohol,C:\PycharmProjects\Alcohol Detection\dataset\Grupo_3\E_3_1\Iritech\E_3_1_3\E_3_1_3_L_5\via_region_data.json
E_3_1_3_L_M_N_N_1974_61_2017.bmp308278,Alcohol,C:\PycharmProjects\Alcohol Detection\dataset\Grupo_3\E_3_1\Iritech\E_3_1_3\E_3_1_3_L_5\via_region_data.json
E_3_1_3_L_M_N_N_1974_62_2017.bmp308278,Alcohol,C:\PycharmProjects\Alcohol Detection\dataset\Grupo_3\E_3_1\Iritech\E_3_1_3\E_3_1_3_L_5\via_region_data.json
E_3_1_3_L_M_N_N_1974_63_2017.bmp308278,Alcohol,C:\PycharmProjects\Alcohol Detection\dataset\Grupo_3\E_3_1\Iritech\E_3_1_3\E_3_1_3_L_5\via_region_data.json
E_3_1_3_L_M_N_N_1974_64_2017.bmp308278,Alcohol,C:\PycharmProjects\Alcohol Detection\dataset\Grupo_3\E_3_1\Iritech\E_3_1_3\E_3_1_3_L_5\via_region_data.json
E_3_1_3_L_M_N_N_1974_65_2017.bmp308278,Alcohol,C:\PycharmProjects\Alcohol Detection\dataset\Grupo_3\E_3_1\Iritech\E_3_1_3\E_3_1_3_L_5\via_region_data.json
E_3_1_3_L_M_N_N_1974_66_2017.bmp308278,Alcohol,C:\PycharmProjects\Alcohol Detection\dataset\Grupo_3\E_3_1\Iritech\E_3_1_3\E_3_1_3_L_5\via_region_data.json
E_3_1_3_L_M_N_N_1974_67_2017.bmp308278,Alcohol,C:\PycharmProjects\Alcohol Detection\dataset\Grupo_3\E_3_1\Iritech\E_3_1_3\E_3_1_3_L_5\via_region_data.json
E_3_1_3_L_M_N_N_1974_68_2017.bmp308278,Alcohol,C:\PycharmProjects\Alcohol Detection\dataset\Grupo_3\E_3_1\Iritech\E_3_1_3\E_3_1_3_L_5\via_region_data.json
E_3_1_3_L_M_N_N_1974_69_2017.bmp308278,Alcohol,C:\PycharmProjects\Alcohol Detection\dataset\Grupo_3\E_3_1\Iritech\E_3_1_3\E_3_1_3_L_5\via_region_data.json
E_3_1_3_L_M_N_N_1974_70_2017.bmp308278,Alcohol,C:\PycharmProjects\Alcohol Detection\dataset\Grupo_3\E_3_1\Iritech\E_3_1_3\E_3_1_3_L_5\via_region_data.json
E_3_1_3_L_M_N_N_1974_71_2017.bmp308278,Alcohol,C:\PycharmProjects\Alcohol Detection\dataset\Grupo_3\E_3_1\Iritech\E_3_1_3\E_3_1_3_L_5\via_region_data.json
E_3_1_3_L_M_N_N_1974_72_2017.bmp308278,Alcohol,C:\PycharmProjects\Alcohol Detection\dataset\Grupo_3\E_3_1\Iritech\E_3_1_3\E_3_1_3_L_5\via_region_data.json
E_3_1_3_L_M_N_N_1974_73_2017.bmp308278,Alcohol,C:\PycharmProjects\Alcohol Detection\dataset\Grupo_3\E_3_1\Iritech\E_3_1_3\E_3_1_3_L_5\via_region_data.json
E_3_1_3_L_M_N_N_1974_74_2017.bmp308278,Alcohol,C:\PycharmProjects\Alcohol Detection\dataset\Grupo_3\E_3_1\Iritech\E_3_1_3\E_3_1_3_L_5\via_region_data.json
E_3_1_3_L_M_N_N_1974_75_2017.bmp308278,Alcohol,C:\PycharmProjects\Alcohol Detection\dataset\Grupo_3\E_3_1\Iritech\E_3_1_3\E_3_1_3_L_5\via_region_data.json
E_3_1_3_L_M_N_N_1974_76_2017.bmp308278,Alcohol,C:\PycharmProjects\Alcohol Detection\dataset\Grupo_3\E_3_1\Iritech\E_3_1_3\E_3_1_3_L_5\via_region_data.json
E_3_1_3_L_M_N_N_1974_77_2017.bmp308278,Alcohol,C:\PycharmProjects\Alcohol Detection\dataset\Grupo_3\E_3_1\Iritech\E_3_1_3\E_3_1_3_L_5\via_region_data.json
E_3_1_3_L_M_N_N_1974_78_2017.bmp308278,Alcohol,C:\PycharmProjects\Alcohol Detection\dataset\Grupo_3\E_3_1\Iritech\E_3_1_3\E_3_1_3_L_5\via_region_data.json
E_3_1_3_L_M_N_N_1974_79_2017.bmp308278,Alcohol,C:\PycharmProjects\Alcohol Detection\dataset\Grupo_3\E_3_1\Iritech\E_3_1_3\E_3_1_3_L_5\via_region_data.json
E_3_1_3_L_M_N_N_1974_80_2017.bmp308278,Alcohol,C:\PycharmProjects\Alcohol Detection\dataset\Grupo_3\E_3_1\Iritech\E_3_1_3\E_3_1_3_L_5\via_region_data.json
E_3_1_3_L_M_N_N_1974_81_2017.bmp308278,Alcohol,C:\PycharmProjects\Alcohol Detection\dataset\Grupo_3\E_3_1\Iritech\E_3_1_3\E_3_1_3_L_5\via_region_data.json
E_3_1_3_L_M_N_N_1974_82_2017.bmp308278,Alcohol,C:\PycharmProjects\Alcohol Detection\dataset\Grupo_3\E_3_1\Iritech\E_3_1_3\E_3_1_3_L_5\via_region_data.json
E_3_1_3_L_M_N_N_1974_83_2017.bmp308278,Alcohol,C:\PycharmProjects\Alcohol Detection\dataset\Grupo_3\E_3_1\Iritech\E_3_1_3\E_3_1_3_L_5\via_region_data.json
E_3_1_3_R_M_N_N_1974_0_2017.bmp308278,Non-Alcohol,C:\PycharmProjects\Alcohol Detection\dataset\Grupo_3\E_3_1\Iritech\E_3_1_3\E_3_1_3_R_5\via_region_data.json
E_3_1_3_R_M_N_N_1974_1_2017.bmp308278,Alcohol,C:\PycharmProjects\Alcohol Detection\dataset\Grupo_3\E_3_1\Iritech\E_3_1_3\E_3_1_3_R_5\via_region_data.json
E_3_1_3_R_M_N_N_1974_2_2017.bmp308278,Alcohol,C:\PycharmProjects\Alcohol Detection\dataset\Grupo_3\E_3_1\Iritech\E_3_1_3\E_3_1_3_R_5\via_region_data.json
E_3_1_3_R_M_N_N_1974_3_2017.bmp308278,Alcohol,C:\PycharmProjects\Alcohol Detection\dataset\Grupo_3\E_3_1\Iritech\E_3_1_3\E_3_1_3_R_5\via_region_data.json
E_3_1_3_R_M_N_N_1974_4_2017.bmp308278,Alcohol,C:\PycharmProjects\Alcohol Detection\dataset\Grupo_3\E_3_1\Iritech\E_3_1_3\E_3_1_3_R_5\via_region_data.json
E_3_1_3_R_M_N_N_1974_5_2017.bmp308278,Alcohol,C:\PycharmProjects\Alcohol Detection\dataset\Grupo_3\E_3_1\Iritech\E_3_1_3\E_3_1_3_R_5\via_region_data.json
E_3_1_3_R_M_N_N_1974_6_2017.bmp308278,Alcohol,C:\PycharmProjects\Alcohol Detection\dataset\Grupo_3\E_3_1\Iritech\E_3_1_3\E_3_1_3_R_5\via_region_data.json
E_3_1_3_R_M_N_N_1974_7_2017.bmp308278,Alcohol,C:\PycharmProjects\Alcohol Detection\dataset\Grupo_3\E_3_1\Iritech\E_3_1_3\E_3_1_3_R_5\via_region_data.json
E_3_1_3_R_M_N_N_1974_8_2017.bmp308278,Alcohol,C:\PycharmProjects\Alcohol Detection\dataset\Grupo_3\E_3_1\Iritech\E_3_1_3\E_3_1_3_R_5\via_region_data.json
E_3_1_3_R_M_N_N_1974_9_2017.bmp308278,Alcohol,C:\PycharmProjects\Alcohol Detection\dataset\Grupo_3\E_3_1\Iritech\E_3_1_3\E_3_1_3_R_5\via_region_data.json
E_3_1_3_R_M_N_N_1974_10_2017.bmp308278,Alcohol,C:\PycharmProjects\Alcohol Detection\dataset\Grupo_3\E_3_1\Iritech\E_3_1_3\E_3_1_3_R_5\via_region_data.json
E_3_1_3_R_M_N_N_1974_11_2017.bmp308278,Alcohol,C:\PycharmProjects\Alcohol Detection\dataset\Grupo_3\E_3_1\Iritech\E_3_1_3\E_3_1_3_R_5\via_region_data.json
E_3_1_3_R_M_N_N_1974_12_2017.bmp308278,Alcohol,C:\PycharmProjects\Alcohol Detection\dataset\Grupo_3\E_3_1\Iritech\E_3_1_3\E_3_1_3_R_5\via_region_data.json
E_3_1_3_R_M_N_N_1974_13_2017.bmp308278,Alcohol,C:\PycharmProjects\Alcohol Detection\dataset\Grupo_3\E_3_1\Iritech\E_3_1_3\E_3_1_3_R_5\via_region_data.json
E_3_1_3_R_M_N_N_1974_14_2017.bmp308278,Alcohol,C:\PycharmProjects\Alcohol Detection\dataset\Grupo_3\E_3_1\Iritech\E_3_1_3\E_3_1_3_R_5\via_region_data.json
E_3_1_3_R_M_N_N_1974_15_2017.bmp308278,Alcohol,C:\PycharmProjects\Alcohol Detection\dataset\Grupo_3\E_3_1\Iritech\E_3_1_3\E_3_1_3_R_5\via_region_data.json
E_3_1_3_R_M_N_N_1974_16_2017.bmp308278,Alcohol,C:\PycharmProjects\Alcohol Detection\dataset\Grupo_3\E_3_1\Iritech\E_3_1_3\E_3_1_3_R_5\via_region_data.json
E_3_1_3_R_M_N_N_1974_17_2017.bmp308278,Alcohol,C:\PycharmProjects\Alcohol Detection\dataset\Grupo_3\E_3_1\Iritech\E_3_1_3\E_3_1_3_R_5\via_region_data.json
E_3_1_3_R_M_N_N_1974_18_2017.bmp308278,Alcohol,C:\PycharmProjects\Alcohol Detection\dataset\Grupo_3\E_3_1\Iritech\E_3_1_3\E_3_1_3_R_5\via_region_data.json
E_3_1_3_R_M_N_N_1974_19_2017.bmp308278,Alcohol,C:\PycharmProjects\Alcohol Detection\dataset\Grupo_3\E_3_1\Iritech\E_3_1_3\E_3_1_3_R_5\via_region_data.json
E_3_1_3_R_M_N_N_1974_20_2017.bmp308278,Alcohol,C:\PycharmProjects\Alcohol Detection\dataset\Grupo_3\E_3_1\Iritech\E_3_1_3\E_3_1_3_R_5\via_region_data.json
E_3_1_3_R_M_N_N_1974_21_2017.bmp308278,Alcohol,C:\PycharmProjects\Alcohol Detection\dataset\Grupo_3\E_3_1\Iritech\E_3_1_3\E_3_1_3_R_5\via_region_data.json
E_3_1_3_R_M_N_N_1974_22_2017.bmp308278,Alcohol,C:\PycharmProjects\Alcohol Detection\dataset\Grupo_3\E_3_1\Iritech\E_3_1_3\E_3_1_3_R_5\via_region_data.json
E_3_1_3_R_M_N_N_1974_23_2017.bmp308278,Alcohol,C:\PycharmProjects\Alcohol Detection\dataset\Grupo_3\E_3_1\Iritech\E_3_1_3\E_3_1_3_R_5\via_region_data.json
E_3_1_3_R_M_N_N_1974_24_2017.bmp308278,Alcohol,C:\PycharmProjects\Alcohol Detection\dataset\Grupo_3\E_3_1\Iritech\E_3_1_3\E_3_1_3_R_5\via_region_data.json
E_3_1_3_R_M_N_N_1974_25_2017.bmp308278,Alcohol,C:\PycharmProjects\Alcohol Detection\dataset\Grupo_3\E_3_1\Iritech\E_3_1_3\E_3_1_3_R_5\via_region_data.json
E_3_1_3_R_M_N_N_1974_26_2017.bmp308278,Alcohol,C:\PycharmProjects\Alcohol Detection\dataset\Grupo_3\E_3_1\Iritech\E_3_1_3\E_3_1_3_R_5\via_region_data.json
E_3_1_3_R_M_N_N_1974_27_2017.bmp308278,Alcohol,C:\PycharmProjects\Alcohol Detection\dataset\Grupo_3\E_3_1\Iritech\E_3_1_3\E_3_1_3_R_5\via_region_data.json
E_3_1_3_R_M_N_N_1974_28_2017.bmp308278,Alcohol,C:\PycharmProjects\Alcohol Detection\dataset\Grupo_3\E_3_1\Iritech\E_3_1_3\E_3_1_3_R_5\via_region_data.json
E_3_1_3_R_M_N_N_1974_29_2017.bmp308278,Alcohol,C:\PycharmProjects\Alcohol Detection\dataset\Grupo_3\E_3_1\Iritech\E_3_1_3\E_3_1_3_R_5\via_region_data.json
E_3_1_3_R_M_N_N_1974_30_2017.bmp308278,Alcohol,C:\PycharmProjects\Alcohol Detection\dataset\Grupo_3\E_3_1\Iritech\E_3_1_3\E_3_1_3_R_5\via_region_data.json
E_3_1_3_R_M_N_N_1974_31_2017.bmp308278,Alcohol,C:\PycharmProjects\Alcohol Detection\dataset\Grupo_3\E_3_1\Iritech\E_3_1_3\E_3_1_3_R_5\via_region_data.json
E_3_1_3_R_M_N_N_1974_32_2017.bmp308278,Alcohol,C:\PycharmProjects\Alcohol Detection\dataset\Grupo_3\E_3_1\Iritech\E_3_1_3\E_3_1_3_R_5\via_region_data.json
E_3_1_3_R_M_N_N_1974_33_2017.bmp308278,Alcohol,C:\PycharmProjects\Alcohol Detection\dataset\Grupo_3\E_3_1\Iritech\E_3_1_3\E_3_1_3_R_5\via_region_data.json
E_3_1_3_R_M_N_N_1974_34_2017.bmp308278,Alcohol,C:\PycharmProjects\Alcohol Detection\dataset\Grupo_3\E_3_1\Iritech\E_3_1_3\E_3_1_3_R_5\via_region_data.json
E_3_1_3_R_M_N_N_1974_35_2017.bmp308278,Alcohol,C:\PycharmProjects\Alcohol Detection\dataset\Grupo_3\E_3_1\Iritech\E_3_1_3\E_3_1_3_R_5\via_region_data.json
E_3_1_3_R_M_N_N_1974_36_2017.bmp308278,Alcohol,C:\PycharmProjects\Alcohol Detection\dataset\Grupo_3\E_3_1\Iritech\E_3_1_3\E_3_1_3_R_5\via_region_data.json
E_3_1_3_R_M_N_N_1974_37_2017.bmp308278,Alcohol,C:\PycharmProjects\Alcohol Detection\dataset\Grupo_3\E_3_1\Iritech\E_3_1_3\E_3_1_3_R_5\via_region_data.json
E_3_1_3_R_M_N_N_1974_38_2017.bmp308278,Alcohol,C:\PycharmProjects\Alcohol Detection\dataset\Grupo_3\E_3_1\Iritech\E_3_1_3\E_3_1_3_R_5\via_region_data.json
E_3_1_3_R_M_N_N_1974_39_2017.bmp308278,Alcohol,C:\PycharmProjects\Alcohol Detection\dataset\Grupo_3\E_3_1\Iritech\E_3_1_3\E_3_1_3_R_5\via_region_data.json
E_3_1_3_R_M_N_N_1974_40_2017.bmp308278,Alcohol,C:\PycharmProjects\Alcohol Detection\dataset\Grupo_3\E_3_1\Iritech\E_3_1_3\E_3_1_3_R_5\via_region_data.json
E_3_1_3_R_M_N_N_1974_41_2017.bmp308278,Alcohol,C:\PycharmProjects\Alcohol Detection\dataset\Grupo_3\E_3_1\Iritech\E_3_1_3\E_3_1_3_R_5\via_region_data.json
E_3_1_3_R_M_N_N_1974_42_2017.bmp308278,Alcohol,C:\PycharmProjects\Alcohol Detection\dataset\Grupo_3\E_3_1\Iritech\E_3_1_3\E_3_1_3_R_5\via_region_data.json
E_3_1_3_R_M_N_N_1974_43_2017.bmp308278,Alcohol,C:\PycharmProjects\Alcohol Detection\dataset\Grupo_3\E_3_1\Iritech\E_3_1_3\E_3_1_3_R_5\via_region_data.json
E_3_1_3_R_M_N_N_1974_44_2017.bmp308278,Alcohol,C:\PycharmProjects\Alcohol Detection\dataset\Grupo_3\E_3_1\Iritech\E_3_1_3\E_3_1_3_R_5\via_region_data.json
E_3_1_3_R_M_N_N_1974_45_2017.bmp308278,Alcohol,C:\PycharmProjects\Alcohol Detection\dataset\Grupo_3\E_3_1\Iritech\E_3_1_3\E_3_1_3_R_5\via_region_data.json
E_3_1_3_R_M_N_N_1974_46_2017.bmp308278,Alcohol,C:\PycharmProjects\Alcohol Detection\dataset\Grupo_3\E_3_1\Iritech\E_3_1_3\E_3_1_3_R_5\via_region_data.json
E_3_1_3_R_M_N_N_1974_47_2017.bmp308278,Alcohol,C:\PycharmProjects\Alcohol Detection\dataset\Grupo_3\E_3_1\Iritech\E_3_1_3\E_3_1_3_R_5\via_region_data.json
E_3_1_3_R_M_N_N_1974_48_2017.bmp308278,Alcohol,C:\PycharmProjects\Alcohol Detection\dataset\Grupo_3\E_3_1\Iritech\E_3_1_3\E_3_1_3_R_5\via_region_data.json
E_3_1_3_R_M_N_N_1974_49_2017.bmp308278,Alcohol,C:\PycharmProjects\Alcohol Detection\dataset\Grupo_3\E_3_1\Iritech\E_3_1_3\E_3_1_3_R_5\via_region_data.json
E_3_1_3_R_M_N_N_1974_50_2017.bmp308278,Alcohol,C:\PycharmProjects\Alcohol Detection\dataset\Grupo_3\E_3_1\Iritech\E_3_1_3\E_3_1_3_R_5\via_region_data.json
E_3_1_3_R_M_N_N_1974_51_2017.bmp308278,Alcohol,C:\PycharmProjects\Alcohol Detection\dataset\Grupo_3\E_3_1\Iritech\E_3_1_3\E_3_1_3_R_5\via_region_data.json
E_3_1_3_R_M_N_N_1974_52_2017.bmp308278,Alcohol,C:\PycharmProjects\Alcohol Detection\dataset\Grupo_3\E_3_1\Iritech\E_3_1_3\E_3_1_3_R_5\via_region_data.json
E_3_1_3_R_M_N_N_1974_53_2017.bmp308278,Alcohol,C:\PycharmProjects\Alcohol Detection\dataset\Grupo_3\E_3_1\Iritech\E_3_1_3\E_3_1_3_R_5\via_region_data.json
E_3_1_3_R_M_N_N_1974_54_2017.bmp308278,Alcohol,C:\PycharmProjects\Alcohol Detection\dataset\Grupo_3\E_3_1\Iritech\E_3_1_3\E_3_1_3_R_5\via_region_data.json
E_3_1_3_R_M_N_N_1974_55_2017.bmp308278,Alcohol,C:\PycharmProjects\Alcohol Detection\dataset\Grupo_3\E_3_1\Iritech\E_3_1_3\E_3_1_3_R_5\via_region_data.json
E_3_1_3_R_M_N_N_1974_56_2017.bmp308278,Alcohol,C:\PycharmProjects\Alcohol Detection\dataset\Grupo_3\E_3_1\Iritech\E_3_1_3\E_3_1_3_R_5\via_region_data.json
E_3_1_3_R_M_N_N_1974_57_2017.bmp308278,Alcohol,C:\PycharmProjects\Alcohol Detection\dataset\Grupo_3\E_3_1\Iritech\E_3_1_3\E_3_1_3_R_5\via_region_data.json
E_3_1_3_R_M_N_N_1974_58_2017.bmp308278,Alcohol,C:\PycharmProjects\Alcohol Detection\dataset\Grupo_3\E_3_1\Iritech\E_3_1_3\E_3_1_3_R_5\via_region_data.json
E_3_1_3_R_M_N_N_1974_59_2017.bmp308278,Alcohol,C:\PycharmProjects\Alcohol Detection\dataset\Grupo_3\E_3_1\Iritech\E_3_1_3\E_3_1_3_R_5\via_region_data.json
E_3_1_3_R_M_N_N_1974_60_2017.bmp308278,Alcohol,C:\PycharmProjects\Alcohol Detection\dataset\Grupo_3\E_3_1\Iritech\E_3_1_3\E_3_1_3_R_5\via_region_data.json
E_3_1_3_R_M_N_N_1974_61_2017.bmp308278,Alcohol,C:\PycharmProjects\Alcohol Detection\dataset\Grupo_3\E_3_1\Iritech\E_3_1_3\E_3_1_3_R_5\via_region_data.json
E_3_1_3_R_M_N_N_1974_62_2017.bmp308278,Alcohol,C:\PycharmProjects\Alcohol Detection\dataset\Grupo_3\E_3_1\Iritech\E_3_1_3\E_3_1_3_R_5\via_region_data.json
E_3_1_3_R_M_N_N_1974_63_2017.bmp308278,Alcohol,C:\PycharmProjects\Alcohol Detection\dataset\Grupo_3\E_3_1\Iritech\E_3_1_3\E_3_1_3_R_5\via_region_data.json
E_3_1_3_R_M_N_N_1974_64_2017.bmp308278,Alcohol,C:\PycharmProjects\Alcohol Detection\dataset\Grupo_3\E_3_1\Iritech\E_3_1_3\E_3_1_3_R_5\via_region_data.json
E_3_1_3_R_M_N_N_1974_65_2017.bmp308278,Alcohol,C:\PycharmProjects\Alcohol Detection\dataset\Grupo_3\E_3_1\Iritech\E_3_1_3\E_3_1_3_R_5\via_region_data.json
E_3_1_3_R_M_N_N_1974_66_2017.bmp308278,Alcohol,C:\PycharmProjects\Alcohol Detection\dataset\Grupo_3\E_3_1\Iritech\E_3_1_3\E_3_1_3_R_5\via_region_data.json
E_3_1_3_R_M_N_N_1974_67_2017.bmp308278,Alcohol,C:\PycharmProjects\Alcohol Detection\dataset\Grupo_3\E_3_1\Iritech\E_3_1_3\E_3_1_3_R_5\via_region_data.json
E_3_1_3_R_M_N_N_1974_68_2017.bmp308278,Alcohol,C:\PycharmProjects\Alcohol Detection\dataset\Grupo_3\E_3_1\Iritech\E_3_1_3\E_3_1_3_R_5\via_region_data.json
E_3_1_3_R_M_N_N_1974_69_2017.bmp308278,Alcohol,C:\PycharmProjects\Alcohol Detection\dataset\Grupo_3\E_3_1\Iritech\E_3_1_3\E_3_1_3_R_5\via_region_data.json
E_3_1_3_R_M_N_N_1974_70_2017.bmp308278,Alcohol,C:\PycharmProjects\Alcohol Detection\dataset\Grupo_3\E_3_1\Iritech\E_3_1_3\E_3_1_3_R_5\via_region_data.json
E_3_1_3_R_M_N_N_1974_71_2017.bmp308278,Alcohol,C:\PycharmProjects\Alcohol Detection\dataset\Grupo_3\E_3_1\Iritech\E_3_1_3\E_3_1_3_R_5\via_region_data.json
E_3_1_3_R_M_N_N_1974_72_2017.bmp308278,Alcohol,C:\PycharmProjects\Alcohol Detection\dataset\Grupo_3\E_3_1\Iritech\E_3_1_3\E_3_1_3_R_5\via_region_data.json
E_3_1_3_R_M_N_N_1974_73_2017.bmp308278,Alcohol,C:\PycharmProjects\Alcohol Detection\dataset\Grupo_3\E_3_1\Iritech\E_3_1_3\E_3_1_3_R_5\via_region_data.json
E_3_1_3_R_M_N_N_1974_74_2017.bmp308278,Alcohol,C:\PycharmProjects\Alcohol Detection\dataset\Grupo_3\E_3_1\Iritech\E_3_1_3\E_3_1_3_R_5\via_region_data.json
E_3_1_3_R_M_N_N_1974_75_2017.bmp308278,Alcohol,C:\PycharmProjects\Alcohol Detection\dataset\Grupo_3\E_3_1\Iritech\E_3_1_3\E_3_1_3_R_5\via_region_data.json
E_3_1_3_R_M_N_N_1974_76_2017.bmp308278,Alcohol,C:\PycharmProjects\Alcohol Detection\dataset\Grupo_3\E_3_1\Iritech\E_3_1_3\E_3_1_3_R_5\via_region_data.json
E_3_1_3_R_M_N_N_1974_77_2017.bmp308278,Alcohol,C:\PycharmProjects\Alcohol Detection\dataset\Grupo_3\E_3_1\Iritech\E_3_1_3\E_3_1_3_R_5\via_region_data.json
E_3_1_3_R_M_N_N_1974_78_2017.bmp308278,Alcohol,C:\PycharmProjects\Alcohol Detection\dataset\Grupo_3\E_3_1\Iritech\E_3_1_3\E_3_1_3_R_5\via_region_data.json
E_3_1_4_L_M_N_N_1974_0_2017.bmp308278,Non-Alcohol,C:\PycharmProjects\Alcohol Detection\dataset\Grupo_3\E_3_1\Iritech\E_3_1_4\via_region_data.json
E_3_1_4_R_M_N_N_1974_0_2017.bmp308278,Non-Alcohol,C:\PycharmProjects\Alcohol Detection\dataset\Grupo_3\E_3_1\Iritech\E_3_1_4\via_region_data.json
E_3_1_4_L_M_N_N_1974_0_2017.bmp308278,Non-Alcohol,C:\PycharmProjects\Alcohol Detection\dataset\Grupo_3\E_3_1\Iritech\E_3_1_4\E_3_1_4_L_5\via_region_data.json
E_3_1_4_L_M_N_N_1974_1_2017.bmp308278,Alcohol,C:\PycharmProjects\Alcohol Detection\dataset\Grupo_3\E_3_1\Iritech\E_3_1_4\E_3_1_4_L_5\via_region_data.json
E_3_1_4_L_M_N_N_1974_2_2017.bmp308278,Alcohol,C:\PycharmProjects\Alcohol Detection\dataset\Grupo_3\E_3_1\Iritech\E_3_1_4\E_3_1_4_L_5\via_region_data.json
E_3_1_4_L_M_N_N_1974_3_2017.bmp308278,Alcohol,C:\PycharmProjects\Alcohol Detection\dataset\Grupo_3\E_3_1\Iritech\E_3_1_4\E_3_1_4_L_5\via_region_data.json
E_3_1_4_L_M_N_N_1974_4_2017.bmp308278,Alcohol,C:\PycharmProjects\Alcohol Detection\dataset\Grupo_3\E_3_1\Iritech\E_3_1_4\E_3_1_4_L_5\via_region_data.json
E_3_1_4_L_M_N_N_1974_5_2017.bmp308278,Alcohol,C:\PycharmProjects\Alcohol Detection\dataset\Grupo_3\E_3_1\Iritech\E_3_1_4\E_3_1_4_L_5\via_region_data.json
E_3_1_4_L_M_N_N_1974_6_2017.bmp308278,Alcohol,C:\PycharmProjects\Alcohol Detection\dataset\Grupo_3\E_3_1\Iritech\E_3_1_4\E_3_1_4_L_5\via_region_data.json
E_3_1_4_L_M_N_N_1974_7_2017.bmp308278,Alcohol,C:\PycharmProjects\Alcohol Detection\dataset\Grupo_3\E_3_1\Iritech\E_3_1_4\E_3_1_4_L_5\via_region_data.json
E_3_1_4_L_M_N_N_1974_8_2017.bmp308278,Alcohol,C:\PycharmProjects\Alcohol Detection\dataset\Grupo_3\E_3_1\Iritech\E_3_1_4\E_3_1_4_L_5\via_region_data.json
E_3_1_4_L_M_N_N_1974_9_2017.bmp308278,Alcohol,C:\PycharmProjects\Alcohol Detection\dataset\Grupo_3\E_3_1\Iritech\E_3_1_4\E_3_1_4_L_5\via_region_data.json
E_3_1_4_L_M_N_N_1974_10_2017.bmp308278,Alcohol,C:\PycharmProjects\Alcohol Detection\dataset\Grupo_3\E_3_1\Iritech\E_3_1_4\E_3_1_4_L_5\via_region_data.json
E_3_1_4_L_M_N_N_1974_11_2017.bmp308278,Alcohol,C:\PycharmProjects\Alcohol Detection\dataset\Grupo_3\E_3_1\Iritech\E_3_1_4\E_3_1_4_L_5\via_region_data.json
E_3_1_4_L_M_N_N_1974_12_2017.bmp308278,Alcohol,C:\PycharmProjects\Alcohol Detection\dataset\Grupo_3\E_3_1\Iritech\E_3_1_4\E_3_1_4_L_5\via_region_data.json
E_3_1_4_L_M_N_N_1974_13_2017.bmp308278,Alcohol,C:\PycharmProjects\Alcohol Detection\dataset\Grupo_3\E_3_1\Iritech\E_3_1_4\E_3_1_4_L_5\via_region_data.json
E_3_1_4_L_M_N_N_1974_14_2017.bmp308278,Alcohol,C:\PycharmProjects\Alcohol Detection\dataset\Grupo_3\E_3_1\Iritech\E_3_1_4\E_3_1_4_L_5\via_region_data.json
E_3_1_4_L_M_N_N_1974_15_2017.bmp308278,Alcohol,C:\PycharmProjects\Alcohol Detection\dataset\Grupo_3\E_3_1\Iritech\E_3_1_4\E_3_1_4_L_5\via_region_data.json
E_3_1_4_L_M_N_N_1974_16_2017.bmp308278,Alcohol,C:\PycharmProjects\Alcohol Detection\dataset\Grupo_3\E_3_1\Iritech\E_3_1_4\E_3_1_4_L_5\via_region_data.json
E_3_1_4_L_M_N_N_1974_17_2017.bmp308278,Alcohol,C:\PycharmProjects\Alcohol Detection\dataset\Grupo_3\E_3_1\Iritech\E_3_1_4\E_3_1_4_L_5\via_region_data.json
E_3_1_4_L_M_N_N_1974_18_2017.bmp308278,Alcohol,C:\PycharmProjects\Alcohol Detection\dataset\Grupo_3\E_3_1\Iritech\E_3_1_4\E_3_1_4_L_5\via_region_data.json
E_3_1_4_L_M_N_N_1974_19_2017.bmp308278,Alcohol,C:\PycharmProjects\Alcohol Detection\dataset\Grupo_3\E_3_1\Iritech\E_3_1_4\E_3_1_4_L_5\via_region_data.json
E_3_1_4_L_M_N_N_1974_20_2017.bmp308278,Alcohol,C:\PycharmProjects\Alcohol Detection\dataset\Grupo_3\E_3_1\Iritech\E_3_1_4\E_3_1_4_L_5\via_region_data.json
E_3_1_4_L_M_N_N_1974_21_2017.bmp308278,Alcohol,C:\PycharmProjects\Alcohol Detection\dataset\Grupo_3\E_3_1\Iritech\E_3_1_4\E_3_1_4_L_5\via_region_data.json
E_3_1_4_L_M_N_N_1974_22_2017.bmp308278,Alcohol,C:\PycharmProjects\Alcohol Detection\dataset\Grupo_3\E_3_1\Iritech\E_3_1_4\E_3_1_4_L_5\via_region_data.json
E_3_1_4_L_M_N_N_1974_23_2017.bmp308278,Alcohol,C:\PycharmProjects\Alcohol Detection\dataset\Grupo_3\E_3_1\Iritech\E_3_1_4\E_3_1_4_L_5\via_region_data.json
E_3_1_4_L_M_N_N_1974_24_2017.bmp308278,Alcohol,C:\PycharmProjects\Alcohol Detection\dataset\Grupo_3\E_3_1\Iritech\E_3_1_4\E_3_1_4_L_5\via_region_data.json
E_3_1_4_L_M_N_N_1974_25_2017.bmp308278,Alcohol,C:\PycharmProjects\Alcohol Detection\dataset\Grupo_3\E_3_1\Iritech\E_3_1_4\E_3_1_4_L_5\via_region_data.json
E_3_1_4_L_M_N_N_1974_26_2017.bmp308278,Alcohol,C:\PycharmProjects\Alcohol Detection\dataset\Grupo_3\E_3_1\Iritech\E_3_1_4\E_3_1_4_L_5\via_region_data.json
E_3_1_4_L_M_N_N_1974_27_2017.bmp308278,Alcohol,C:\PycharmProjects\Alcohol Detection\dataset\Grupo_3\E_3_1\Iritech\E_3_1_4\E_3_1_4_L_5\via_region_data.json
E_3_1_4_L_M_N_N_1974_28_2017.bmp308278,Alcohol,C:\PycharmProjects\Alcohol Detection\dataset\Grupo_3\E_3_1\Iritech\E_3_1_4\E_3_1_4_L_5\via_region_data.json
E_3_1_4_L_M_N_N_1974_29_2017.bmp308278,Alcohol,C:\PycharmProjects\Alcohol Detection\dataset\Grupo_3\E_3_1\Iritech\E_3_1_4\E_3_1_4_L_5\via_region_data.json
E_3_1_4_L_M_N_N_1974_30_2017.bmp308278,Alcohol,C:\PycharmProjects\Alcohol Detection\dataset\Grupo_3\E_3_1\Iritech\E_3_1_4\E_3_1_4_L_5\via_region_data.json
E_3_1_4_L_M_N_N_1974_31_2017.bmp308278,Alcohol,C:\PycharmProjects\Alcohol Detection\dataset\Grupo_3\E_3_1\Iritech\E_3_1_4\E_3_1_4_L_5\via_region_data.json
E_3_1_4_L_M_N_N_1974_32_2017.bmp308278,Alcohol,C:\PycharmProjects\Alcohol Detection\dataset\Grupo_3\E_3_1\Iritech\E_3_1_4\E_3_1_4_L_5\via_region_data.json
E_3_1_4_L_M_N_N_1974_33_2017.bmp308278,Alcohol,C:\PycharmProjects\Alcohol Detection\dataset\Grupo_3\E_3_1\Iritech\E_3_1_4\E_3_1_4_L_5\via_region_data.json
E_3_1_4_L_M_N_N_1974_34_2017.bmp308278,Alcohol,C:\PycharmProjects\Alcohol Detection\dataset\Grupo_3\E_3_1\Iritech\E_3_1_4\E_3_1_4_L_5\via_region_data.json
E_3_1_4_L_M_N_N_1974_35_2017.bmp308278,Alcohol,C:\PycharmProjects\Alcohol Detection\dataset\Grupo_3\E_3_1\Iritech\E_3_1_4\E_3_1_4_L_5\via_region_data.json
E_3_1_4_L_M_N_N_1974_36_2017.bmp308278,Alcohol,C:\PycharmProjects\Alcohol Detection\dataset\Grupo_3\E_3_1\Iritech\E_3_1_4\E_3_1_4_L_5\via_region_data.json
E_3_1_4_L_M_N_N_1974_37_2017.bmp308278,Alcohol,C:\PycharmProjects\Alcohol Detection\dataset\Grupo_3\E_3_1\Iritech\E_3_1_4\E_3_1_4_L_5\via_region_data.json
E_3_1_4_L_M_N_N_1974_38_2017.bmp308278,Alcohol,C:\PycharmProjects\Alcohol Detection\dataset\Grupo_3\E_3_1\Iritech\E_3_1_4\E_3_1_4_L_5\via_region_data.json
E_3_1_4_L_M_N_N_1974_39_2017.bmp308278,Alcohol,C:\PycharmProjects\Alcohol Detection\dataset\Grupo_3\E_3_1\Iritech\E_3_1_4\E_3_1_4_L_5\via_region_data.json
E_3_1_4_L_M_N_N_1974_40_2017.bmp308278,Alcohol,C:\PycharmProjects\Alcohol Detection\dataset\Grupo_3\E_3_1\Iritech\E_3_1_4\E_3_1_4_L_5\via_region_data.json
E_3_1_4_L_M_N_N_1974_41_2017.bmp308278,Alcohol,C:\PycharmProjects\Alcohol Detection\dataset\Grupo_3\E_3_1\Iritech\E_3_1_4\E_3_1_4_L_5\via_region_data.json
E_3_1_4_L_M_N_N_1974_42_2017.bmp308278,Alcohol,C:\PycharmProjects\Alcohol Detection\dataset\Grupo_3\E_3_1\Iritech\E_3_1_4\E_3_1_4_L_5\via_region_data.json
E_3_1_4_L_M_N_N_1974_43_2017.bmp308278,Alcohol,C:\PycharmProjects\Alcohol Detection\dataset\Grupo_3\E_3_1\Iritech\E_3_1_4\E_3_1_4_L_5\via_region_data.json
E_3_1_4_L_M_N_N_1974_44_2017.bmp308278,Alcohol,C:\PycharmProjects\Alcohol Detection\dataset\Grupo_3\E_3_1\Iritech\E_3_1_4\E_3_1_4_L_5\via_region_data.json
E_3_1_4_L_M_N_N_1974_45_2017.bmp308278,Alcohol,C:\PycharmProjects\Alcohol Detection\dataset\Grupo_3\E_3_1\Iritech\E_3_1_4\E_3_1_4_L_5\via_region_data.json
E_3_1_4_L_M_N_N_1974_46_2017.bmp308278,Alcohol,C:\PycharmProjects\Alcohol Detection\dataset\Grupo_3\E_3_1\Iritech\E_3_1_4\E_3_1_4_L_5\via_region_data.json
E_3_1_4_L_M_N_N_1974_47_2017.bmp308278,Alcohol,C:\PycharmProjects\Alcohol Detection\dataset\Grupo_3\E_3_1\Iritech\E_3_1_4\E_3_1_4_L_5\via_region_data.json
E_3_1_4_L_M_N_N_1974_48_2017.bmp308278,Alcohol,C:\PycharmProjects\Alcohol Detection\dataset\Grupo_3\E_3_1\Iritech\E_3_1_4\E_3_1_4_L_5\via_region_data.json
E_3_1_4_L_M_N_N_1974_49_2017.bmp308278,Alcohol,C:\PycharmProjects\Alcohol Detection\dataset\Grupo_3\E_3_1\Iritech\E_3_1_4\E_3_1_4_L_5\via_region_data.json
E_3_1_4_L_M_N_N_1974_50_2017.bmp308278,Alcohol,C:\PycharmProjects\Alcohol Detection\dataset\Grupo_3\E_3_1\Iritech\E_3_1_4\E_3_1_4_L_5\via_region_data.json
E_3_1_4_L_M_N_N_1974_51_2017.bmp308278,Alcohol,C:\PycharmProjects\Alcohol Detection\dataset\Grupo_3\E_3_1\Iritech\E_3_1_4\E_3_1_4_L_5\via_region_data.json
E_3_1_4_L_M_N_N_1974_52_2017.bmp308278,Alcohol,C:\PycharmProjects\Alcohol Detection\dataset\Grupo_3\E_3_1\Iritech\E_3_1_4\E_3_1_4_L_5\via_region_data.json
E_3_1_4_L_M_N_N_1974_53_2017.bmp308278,Alcohol,C:\PycharmProjects\Alcohol Detection\dataset\Grupo_3\E_3_1\Iritech\E_3_1_4\E_3_1_4_L_5\via_region_data.json
E_3_1_4_L_M_N_N_1974_54_2017.bmp308278,Alcohol,C:\PycharmProjects\Alcohol Detection\dataset\Grupo_3\E_3_1\Iritech\E_3_1_4\E_3_1_4_L_5\via_region_data.json
E_3_1_4_L_M_N_N_1974_55_2017.bmp308278,Alcohol,C:\PycharmProjects\Alcohol Detection\dataset\Grupo_3\E_3_1\Iritech\E_3_1_4\E_3_1_4_L_5\via_region_data.json
E_3_1_4_L_M_N_N_1974_56_2017.bmp308278,Alcohol,C:\PycharmProjects\Alcohol Detection\dataset\Grupo_3\E_3_1\Iritech\E_3_1_4\E_3_1_4_L_5\via_region_data.json
E_3_1_4_L_M_N_N_1974_57_2017.bmp308278,Alcohol,C:\PycharmProjects\Alcohol Detection\dataset\Grupo_3\E_3_1\Iritech\E_3_1_4\E_3_1_4_L_5\via_region_data.json
E_3_1_4_L_M_N_N_1974_58_2017.bmp308278,Alcohol,C:\PycharmProjects\Alcohol Detection\dataset\Grupo_3\E_3_1\Iritech\E_3_1_4\E_3_1_4_L_5\via_region_data.json
E_3_1_4_L_M_N_N_1974_59_2017.bmp308278,Alcohol,C:\PycharmProjects\Alcohol Detection\dataset\Grupo_3\E_3_1\Iritech\E_3_1_4\E_3_1_4_L_5\via_region_data.json
E_3_1_4_L_M_N_N_1974_60_2017.bmp308278,Alcohol,C:\PycharmProjects\Alcohol Detection\dataset\Grupo_3\E_3_1\Iritech\E_3_1_4\E_3_1_4_L_5\via_region_data.json
E_3_1_4_L_M_N_N_1974_61_2017.bmp308278,Alcohol,C:\PycharmProjects\Alcohol Detection\dataset\Grupo_3\E_3_1\Iritech\E_3_1_4\E_3_1_4_L_5\via_region_data.json
E_3_1_4_L_M_N_N_1974_62_2017.bmp308278,Alcohol,C:\PycharmProjects\Alcohol Detection\dataset\Grupo_3\E_3_1\Iritech\E_3_1_4\E_3_1_4_L_5\via_region_data.json
E_3_1_4_L_M_N_N_1974_63_2017.bmp308278,Alcohol,C:\PycharmProjects\Alcohol Detection\dataset\Grupo_3\E_3_1\Iritech\E_3_1_4\E_3_1_4_L_5\via_region_data.json
E_3_1_4_L_M_N_N_1974_64_2017.bmp308278,Alcohol,C:\PycharmProjects\Alcohol Detection\dataset\Grupo_3\E_3_1\Iritech\E_3_1_4\E_3_1_4_L_5\via_region_data.json
E_3_1_4_L_M_N_N_1974_65_2017.bmp308278,Alcohol,C:\PycharmProjects\Alcohol Detection\dataset\Grupo_3\E_3_1\Iritech\E_3_1_4\E_3_1_4_L_5\via_region_data.json
E_3_1_4_L_M_N_N_1974_66_2017.bmp308278,Alcohol,C:\PycharmProjects\Alcohol Detection\dataset\Grupo_3\E_3_1\Iritech\E_3_1_4\E_3_1_4_L_5\via_region_data.json
E_3_1_4_L_M_N_N_1974_67_2017.bmp308278,Alcohol,C:\PycharmProjects\Alcohol Detection\dataset\Grupo_3\E_3_1\Iritech\E_3_1_4\E_3_1_4_L_5\via_region_data.json
E_3_1_4_L_M_N_N_1974_68_2017.bmp308278,Alcohol,C:\PycharmProjects\Alcohol Detection\dataset\Grupo_3\E_3_1\Iritech\E_3_1_4\E_3_1_4_L_5\via_region_data.json
E_3_1_4_L_M_N_N_1974_69_2017.bmp308278,Alcohol,C:\PycharmProjects\Alcohol Detection\dataset\Grupo_3\E_3_1\Iritech\E_3_1_4\E_3_1_4_L_5\via_region_data.json
E_3_1_4_L_M_N_N_1974_70_2017.bmp308278,Alcohol,C:\PycharmProjects\Alcohol Detection\dataset\Grupo_3\E_3_1\Iritech\E_3_1_4\E_3_1_4_L_5\via_region_data.json
E_3_1_4_L_M_N_N_1974_71_2017.bmp308278,Alcohol,C:\PycharmProjects\Alcohol Detection\dataset\Grupo_3\E_3_1\Iritech\E_3_1_4\E_3_1_4_L_5\via_region_data.json
E_3_1_4_L_M_N_N_1974_72_2017.bmp308278,Alcohol,C:\PycharmProjects\Alcohol Detection\dataset\Grupo_3\E_3_1\Iritech\E_3_1_4\E_3_1_4_L_5\via_region_data.json
E_3_1_4_L_M_N_N_1974_73_2017.bmp308278,Alcohol,C:\PycharmProjects\Alcohol Detection\dataset\Grupo_3\E_3_1\Iritech\E_3_1_4\E_3_1_4_L_5\via_region_data.json
E_3_1_4_L_M_N_N_1974_74_2017.bmp308278,Alcohol,C:\PycharmProjects\Alcohol Detection\dataset\Grupo_3\E_3_1\Iritech\E_3_1_4\E_3_1_4_L_5\via_region_data.json
E_3_1_4_L_M_N_N_1974_75_2017.bmp308278,Alcohol,C:\PycharmProjects\Alcohol Detection\dataset\Grupo_3\E_3_1\Iritech\E_3_1_4\E_3_1_4_L_5\via_region_data.json
E_3_1_4_L_M_N_N_1974_76_2017.bmp308278,Alcohol,C:\PycharmProjects\Alcohol Detection\dataset\Grupo_3\E_3_1\Iritech\E_3_1_4\E_3_1_4_L_5\via_region_data.json
E_3_1_4_L_M_N_N_1974_77_2017.bmp308278,Alcohol,C:\PycharmProjects\Alcohol Detection\dataset\Grupo_3\E_3_1\Iritech\E_3_1_4\E_3_1_4_L_5\via_region_data.json
E_3_1_4_L_M_N_N_1974_78_2017.bmp308278,Alcohol,C:\PycharmProjects\Alcohol Detection\dataset\Grupo_3\E_3_1\Iritech\E_3_1_4\E_3_1_4_L_5\via_region_data.json
E_3_1_4_R_M_N_N_1974_0_2017.bmp308278,Non-Alcohol,C:\PycharmProjects\Alcohol Detection\dataset\Grupo_3\E_3_1\Iritech\E_3_1_4\E_3_1_4_R_5\via_region_data.json
E_3_1_4_R_M_N_N_1974_1_2017.bmp308278,Alcohol,C:\PycharmProjects\Alcohol Detection\dataset\Grupo_3\E_3_1\Iritech\E_3_1_4\E_3_1_4_R_5\via_region_data.json
E_3_1_4_R_M_N_N_1974_2_2017.bmp308278,Alcohol,C:\PycharmProjects\Alcohol Detection\dataset\Grupo_3\E_3_1\Iritech\E_3_1_4\E_3_1_4_R_5\via_region_data.json
E_3_1_4_R_M_N_N_1974_3_2017.bmp308278,Alcohol,C:\PycharmProjects\Alcohol Detection\dataset\Grupo_3\E_3_1\Iritech\E_3_1_4\E_3_1_4_R_5\via_region_data.json
E_3_1_4_R_M_N_N_1974_4_2017.bmp308278,Alcohol,C:\PycharmProjects\Alcohol Detection\dataset\Grupo_3\E_3_1\Iritech\E_3_1_4\E_3_1_4_R_5\via_region_data.json
E_3_1_4_R_M_N_N_1974_5_2017.bmp308278,Alcohol,C:\PycharmProjects\Alcohol Detection\dataset\Grupo_3\E_3_1\Iritech\E_3_1_4\E_3_1_4_R_5\via_region_data.json
E_3_1_4_R_M_N_N_1974_6_2017.bmp308278,Alcohol,C:\PycharmProjects\Alcohol Detection\dataset\Grupo_3\E_3_1\Iritech\E_3_1_4\E_3_1_4_R_5\via_region_data.json
E_3_1_4_R_M_N_N_1974_7_2017.bmp308278,Alcohol,C:\PycharmProjects\Alcohol Detection\dataset\Grupo_3\E_3_1\Iritech\E_3_1_4\E_3_1_4_R_5\via_region_data.json
E_3_1_4_R_M_N_N_1974_8_2017.bmp308278,Alcohol,C:\PycharmProjects\Alcohol Detection\dataset\Grupo_3\E_3_1\Iritech\E_3_1_4\E_3_1_4_R_5\via_region_data.json
E_3_1_4_R_M_N_N_1974_9_2017.bmp308278,Alcohol,C:\PycharmProjects\Alcohol Detection\dataset\Grupo_3\E_3_1\Iritech\E_3_1_4\E_3_1_4_R_5\via_region_data.json
E_3_1_4_R_M_N_N_1974_10_2017.bmp308278,Alcohol,C:\PycharmProjects\Alcohol Detection\dataset\Grupo_3\E_3_1\Iritech\E_3_1_4\E_3_1_4_R_5\via_region_data.json
E_3_1_4_R_M_N_N_1974_11_2017.bmp308278,Alcohol,C:\PycharmProjects\Alcohol Detection\dataset\Grupo_3\E_3_1\Iritech\E_3_1_4\E_3_1_4_R_5\via_region_data.json
E_3_1_4_R_M_N_N_1974_12_2017.bmp308278,Alcohol,C:\PycharmProjects\Alcohol Detection\dataset\Grupo_3\E_3_1\Iritech\E_3_1_4\E_3_1_4_R_5\via_region_data.json
E_3_1_4_R_M_N_N_1974_13_2017.bmp308278,Alcohol,C:\PycharmProjects\Alcohol Detection\dataset\Grupo_3\E_3_1\Iritech\E_3_1_4\E_3_1_4_R_5\via_region_data.json
E_3_1_4_R_M_N_N_1974_14_2017.bmp308278,Alcohol,C:\PycharmProjects\Alcohol Detection\dataset\Grupo_3\E_3_1\Iritech\E_3_1_4\E_3_1_4_R_5\via_region_data.json
E_3_1_4_R_M_N_N_1974_15_2017.bmp308278,Alcohol,C:\PycharmProjects\Alcohol Detection\dataset\Grupo_3\E_3_1\Iritech\E_3_1_4\E_3_1_4_R_5\via_region_data.json
E_3_1_4_R_M_N_N_1974_16_2017.bmp308278,Alcohol,C:\PycharmProjects\Alcohol Detection\dataset\Grupo_3\E_3_1\Iritech\E_3_1_4\E_3_1_4_R_5\via_region_data.json
E_3_1_4_R_M_N_N_1974_17_2017.bmp308278,Alcohol,C:\PycharmProjects\Alcohol Detection\dataset\Grupo_3\E_3_1\Iritech\E_3_1_4\E_3_1_4_R_5\via_region_data.json
E_3_1_4_R_M_N_N_1974_18_2017.bmp308278,Alcohol,C:\PycharmProjects\Alcohol Detection\dataset\Grupo_3\E_3_1\Iritech\E_3_1_4\E_3_1_4_R_5\via_region_data.json
E_3_1_4_R_M_N_N_1974_19_2017.bmp308278,Alcohol,C:\PycharmProjects\Alcohol Detection\dataset\Grupo_3\E_3_1\Iritech\E_3_1_4\E_3_1_4_R_5\via_region_data.json
E_3_1_4_R_M_N_N_1974_20_2017.bmp308278,Alcohol,C:\PycharmProjects\Alcohol Detection\dataset\Grupo_3\E_3_1\Iritech\E_3_1_4\E_3_1_4_R_5\via_region_data.json
E_3_1_4_R_M_N_N_1974_21_2017.bmp308278,Alcohol,C:\PycharmProjects\Alcohol Detection\dataset\Grupo_3\E_3_1\Iritech\E_3_1_4\E_3_1_4_R_5\via_region_data.json
E_3_1_4_R_M_N_N_1974_22_2017.bmp308278,Alcohol,C:\PycharmProjects\Alcohol Detection\dataset\Grupo_3\E_3_1\Iritech\E_3_1_4\E_3_1_4_R_5\via_region_data.json
E_3_1_4_R_M_N_N_1974_23_2017.bmp308278,Alcohol,C:\PycharmProjects\Alcohol Detection\dataset\Grupo_3\E_3_1\Iritech\E_3_1_4\E_3_1_4_R_5\via_region_data.json
E_3_1_4_R_M_N_N_1974_24_2017.bmp308278,Alcohol,C:\PycharmProjects\Alcohol Detection\dataset\Grupo_3\E_3_1\Iritech\E_3_1_4\E_3_1_4_R_5\via_region_data.json
E_3_1_4_R_M_N_N_1974_25_2017.bmp308278,Alcohol,C:\PycharmProjects\Alcohol Detection\dataset\Grupo_3\E_3_1\Iritech\E_3_1_4\E_3_1_4_R_5\via_region_data.json
E_3_1_4_R_M_N_N_1974_26_2017.bmp308278,Alcohol,C:\PycharmProjects\Alcohol Detection\dataset\Grupo_3\E_3_1\Iritech\E_3_1_4\E_3_1_4_R_5\via_region_data.json
E_3_1_4_R_M_N_N_1974_27_2017.bmp308278,Alcohol,C:\PycharmProjects\Alcohol Detection\dataset\Grupo_3\E_3_1\Iritech\E_3_1_4\E_3_1_4_R_5\via_region_data.json
E_3_1_4_R_M_N_N_1974_28_2017.bmp308278,Alcohol,C:\PycharmProjects\Alcohol Detection\dataset\Grupo_3\E_3_1\Iritech\E_3_1_4\E_3_1_4_R_5\via_region_data.json
E_3_1_4_R_M_N_N_1974_29_2017.bmp308278,Alcohol,C:\PycharmProjects\Alcohol Detection\dataset\Grupo_3\E_3_1\Iritech\E_3_1_4\E_3_1_4_R_5\via_region_data.json
E_3_1_4_R_M_N_N_1974_30_2017.bmp308278,Alcohol,C:\PycharmProjects\Alcohol Detection\dataset\Grupo_3\E_3_1\Iritech\E_3_1_4\E_3_1_4_R_5\via_region_data.json
E_3_1_4_R_M_N_N_1974_31_2017.bmp308278,Alcohol,C:\PycharmProjects\Alcohol Detection\dataset\Grupo_3\E_3_1\Iritech\E_3_1_4\E_3_1_4_R_5\via_region_data.json
E_3_1_4_R_M_N_N_1974_32_2017.bmp308278,Alcohol,C:\PycharmProjects\Alcohol Detection\dataset\Grupo_3\E_3_1\Iritech\E_3_1_4\E_3_1_4_R_5\via_region_data.json
E_3_1_4_R_M_N_N_1974_33_2017.bmp308278,Alcohol,C:\PycharmProjects\Alcohol Detection\dataset\Grupo_3\E_3_1\Iritech\E_3_1_4\E_3_1_4_R_5\via_region_data.json
E_3_1_4_R_M_N_N_1974_34_2017.bmp308278,Alcohol,C:\PycharmProjects\Alcohol Detection\dataset\Grupo_3\E_3_1\Iritech\E_3_1_4\E_3_1_4_R_5\via_region_data.json
E_3_1_4_R_M_N_N_1974_35_2017.bmp308278,Alcohol,C:\PycharmProjects\Alcohol Detection\dataset\Grupo_3\E_3_1\Iritech\E_3_1_4\E_3_1_4_R_5\via_region_data.json
E_3_1_4_R_M_N_N_1974_36_2017.bmp308278,Alcohol,C:\PycharmProjects\Alcohol Detection\dataset\Grupo_3\E_3_1\Iritech\E_3_1_4\E_3_1_4_R_5\via_region_data.json
E_3_1_4_R_M_N_N_1974_37_2017.bmp308278,Alcohol,C:\PycharmProjects\Alcohol Detection\dataset\Grupo_3\E_3_1\Iritech\E_3_1_4\E_3_1_4_R_5\via_region_data.json
E_3_1_4_R_M_N_N_1974_38_2017.bmp308278,Alcohol,C:\PycharmProjects\Alcohol Detection\dataset\Grupo_3\E_3_1\Iritech\E_3_1_4\E_3_1_4_R_5\via_region_data.json
E_3_1_4_R_M_N_N_1974_39_2017.bmp308278,Alcohol,C:\PycharmProjects\Alcohol Detection\dataset\Grupo_3\E_3_1\Iritech\E_3_1_4\E_3_1_4_R_5\via_region_data.json
E_3_1_4_R_M_N_N_1974_40_2017.bmp308278,Alcohol,C:\PycharmProjects\Alcohol Detection\dataset\Grupo_3\E_3_1\Iritech\E_3_1_4\E_3_1_4_R_5\via_region_data.json
E_3_1_4_R_M_N_N_1974_41_2017.bmp308278,Alcohol,C:\PycharmProjects\Alcohol Detection\dataset\Grupo_3\E_3_1\Iritech\E_3_1_4\E_3_1_4_R_5\via_region_data.json
E_3_1_4_R_M_N_N_1974_42_2017.bmp308278,Alcohol,C:\PycharmProjects\Alcohol Detection\dataset\Grupo_3\E_3_1\Iritech\E_3_1_4\E_3_1_4_R_5\via_region_data.json
E_3_1_4_R_M_N_N_1974_43_2017.bmp308278,Alcohol,C:\PycharmProjects\Alcohol Detection\dataset\Grupo_3\E_3_1\Iritech\E_3_1_4\E_3_1_4_R_5\via_region_data.json
E_3_1_4_R_M_N_N_1974_44_2017.bmp308278,Alcohol,C:\PycharmProjects\Alcohol Detection\dataset\Grupo_3\E_3_1\Iritech\E_3_1_4\E_3_1_4_R_5\via_region_data.json
E_3_1_4_R_M_N_N_1974_45_2017.bmp308278,Alcohol,C:\PycharmProjects\Alcohol Detection\dataset\Grupo_3\E_3_1\Iritech\E_3_1_4\E_3_1_4_R_5\via_region_data.json
E_3_1_4_R_M_N_N_1974_46_2017.bmp308278,Alcohol,C:\PycharmProjects\Alcohol Detection\dataset\Grupo_3\E_3_1\Iritech\E_3_1_4\E_3_1_4_R_5\via_region_data.json
E_3_1_4_R_M_N_N_1974_47_2017.bmp308278,Alcohol,C:\PycharmProjects\Alcohol Detection\dataset\Grupo_3\E_3_1\Iritech\E_3_1_4\E_3_1_4_R_5\via_region_data.json
E_3_1_4_R_M_N_N_1974_48_2017.bmp308278,Alcohol,C:\PycharmProjects\Alcohol Detection\dataset\Grupo_3\E_3_1\Iritech\E_3_1_4\E_3_1_4_R_5\via_region_data.json
E_3_1_4_R_M_N_N_1974_49_2017.bmp308278,Alcohol,C:\PycharmProjects\Alcohol Detection\dataset\Grupo_3\E_3_1\Iritech\E_3_1_4\E_3_1_4_R_5\via_region_data.json
E_3_1_4_R_M_N_N_1974_50_2017.bmp308278,Alcohol,C:\PycharmProjects\Alcohol Detection\dataset\Grupo_3\E_3_1\Iritech\E_3_1_4\E_3_1_4_R_5\via_region_data.json
E_3_1_4_R_M_N_N_1974_51_2017.bmp308278,Alcohol,C:\PycharmProjects\Alcohol Detection\dataset\Grupo_3\E_3_1\Iritech\E_3_1_4\E_3_1_4_R_5\via_region_data.json
E_3_1_4_R_M_N_N_1974_52_2017.bmp308278,Alcohol,C:\PycharmProjects\Alcohol Detection\dataset\Grupo_3\E_3_1\Iritech\E_3_1_4\E_3_1_4_R_5\via_region_data.json
E_3_1_4_R_M_N_N_1974_53_2017.bmp308278,Alcohol,C:\PycharmProjects\Alcohol Detection\dataset\Grupo_3\E_3_1\Iritech\E_3_1_4\E_3_1_4_R_5\via_region_data.json
E_3_1_4_R_M_N_N_1974_54_2017.bmp308278,Alcohol,C:\PycharmProjects\Alcohol Detection\dataset\Grupo_3\E_3_1\Iritech\E_3_1_4\E_3_1_4_R_5\via_region_data.json
E_3_1_4_R_M_N_N_1974_55_2017.bmp308278,Alcohol,C:\PycharmProjects\Alcohol Detection\dataset\Grupo_3\E_3_1\Iritech\E_3_1_4\E_3_1_4_R_5\via_region_data.json
E_3_1_4_R_M_N_N_1974_56_2017.bmp308278,Alcohol,C:\PycharmProjects\Alcohol Detection\dataset\Grupo_3\E_3_1\Iritech\E_3_1_4\E_3_1_4_R_5\via_region_data.json
E_3_1_4_R_M_N_N_1974_57_2017.bmp308278,Alcohol,C:\PycharmProjects\Alcohol Detection\dataset\Grupo_3\E_3_1\Iritech\E_3_1_4\E_3_1_4_R_5\via_region_data.json
E_3_1_4_R_M_N_N_1974_58_2017.bmp308278,Alcohol,C:\PycharmProjects\Alcohol Detection\dataset\Grupo_3\E_3_1\Iritech\E_3_1_4\E_3_1_4_R_5\via_region_data.json
E_3_1_4_R_M_N_N_1974_59_2017.bmp308278,Alcohol,C:\PycharmProjects\Alcohol Detection\dataset\Grupo_3\E_3_1\Iritech\E_3_1_4\E_3_1_4_R_5\via_region_data.json
E_3_1_4_R_M_N_N_1974_60_2017.bmp308278,Alcohol,C:\PycharmProjects\Alcohol Detection\dataset\Grupo_3\E_3_1\Iritech\E_3_1_4\E_3_1_4_R_5\via_region_data.json
E_3_1_4_R_M_N_N_1974_61_2017.bmp308278,Alcohol,C:\PycharmProjects\Alcohol Detection\dataset\Grupo_3\E_3_1\Iritech\E_3_1_4\E_3_1_4_R_5\via_region_data.json
E_3_1_4_R_M_N_N_1974_62_2017.bmp308278,Alcohol,C:\PycharmProjects\Alcohol Detection\dataset\Grupo_3\E_3_1\Iritech\E_3_1_4\E_3_1_4_R_5\via_region_data.json
E_3_1_4_R_M_N_N_1974_63_2017.bmp308278,Alcohol,C:\PycharmProjects\Alcohol Detection\dataset\Grupo_3\E_3_1\Iritech\E_3_1_4\E_3_1_4_R_5\via_region_data.json
E_3_1_4_R_M_N_N_1974_64_2017.bmp308278,Alcohol,C:\PycharmProjects\Alcohol Detection\dataset\Grupo_3\E_3_1\Iritech\E_3_1_4\E_3_1_4_R_5\via_region_data.json
E_3_1_4_R_M_N_N_1974_65_2017.bmp308278,Alcohol,C:\PycharmProjects\Alcohol Detection\dataset\Grupo_3\E_3_1\Iritech\E_3_1_4\E_3_1_4_R_5\via_region_data.json
E_3_1_4_R_M_N_N_1974_66_2017.bmp308278,Alcohol,C:\PycharmProjects\Alcohol Detection\dataset\Grupo_3\E_3_1\Iritech\E_3_1_4\E_3_1_4_R_5\via_region_data.json
E_3_1_4_R_M_N_N_1974_67_2017.bmp308278,Alcohol,C:\PycharmProjects\Alcohol Detection\dataset\Grupo_3\E_3_1\Iritech\E_3_1_4\E_3_1_4_R_5\via_region_data.json
E_3_1_4_R_M_N_N_1974_68_2017.bmp308278,Alcohol,C:\PycharmProjects\Alcohol Detection\dataset\Grupo_3\E_3_1\Iritech\E_3_1_4\E_3_1_4_R_5\via_region_data.json
E_3_1_4_R_M_N_N_1974_69_2017.bmp308278,Alcohol,C:\PycharmProjects\Alcohol Detection\dataset\Grupo_3\E_3_1\Iritech\E_3_1_4\E_3_1_4_R_5\via_region_data.json
E_3_1_4_R_M_N_N_1974_70_2017.bmp308278,Alcohol,C:\PycharmProjects\Alcohol Detection\dataset\Grupo_3\E_3_1\Iritech\E_3_1_4\E_3_1_4_R_5\via_region_data.json
E_3_1_4_R_M_N_N_1974_71_2017.bmp308278,Alcohol,C:\PycharmProjects\Alcohol Detection\dataset\Grupo_3\E_3_1\Iritech\E_3_1_4\E_3_1_4_R_5\via_region_data.json
E_3_1_4_R_M_N_N_1974_72_2017.bmp308278,Alcohol,C:\PycharmProjects\Alcohol Detection\dataset\Grupo_3\E_3_1\Iritech\E_3_1_4\E_3_1_4_R_5\via_region_data.json
E_3_1_4_R_M_N_N_1974_73_2017.bmp308278,Alcohol,C:\PycharmProjects\Alcohol Detection\dataset\Grupo_3\E_3_1\Iritech\E_3_1_4\E_3_1_4_R_5\via_region_data.json
E_3_1_4_R_M_N_N_1974_74_2017.bmp308278,Alcohol,C:\PycharmProjects\Alcohol Detection\dataset\Grupo_3\E_3_1\Iritech\E_3_1_4\E_3_1_4_R_5\via_region_data.json
E_3_1_4_R_M_N_N_1974_75_2017.bmp308278,Alcohol,C:\PycharmProjects\Alcohol Detection\dataset\Grupo_3\E_3_1\Iritech\E_3_1_4\E_3_1_4_R_5\via_region_data.json
E_3_1_4_R_M_N_N_1974_76_2017.bmp308278,Alcohol,C:\PycharmProjects\Alcohol Detection\dataset\Grupo_3\E_3_1\Iritech\E_3_1_4\E_3_1_4_R_5\via_region_data.json
E_3_1_4_R_M_N_N_1974_77_2017.bmp308278,Alcohol,C:\PycharmProjects\Alcohol Detection\dataset\Grupo_3\E_3_1\Iritech\E_3_1_4\E_3_1_4_R_5\via_region_data.json
E_3_1_0_L_M_N_N_1974_0_2017.bmp308278,Non-Alcohol,C:\PycharmProjects\Alcohol Detection\dataset\Grupo_3\E_3_1\LG\E_3_1_0\E_3_1_0_R_10\via_region_data.json
E_3_1_0_L_M_N_N_1974_1_2017.bmp308278,Non-Alcohol,C:\PycharmProjects\Alcohol Detection\dataset\Grupo_3\E_3_1\LG\E_3_1_0\E_3_1_0_R_10\via_region_data.json
E_3_1_0_L_M_N_N_1974_2_2017.bmp308278,Non-Alcohol,C:\PycharmProjects\Alcohol Detection\dataset\Grupo_3\E_3_1\LG\E_3_1_0\E_3_1_0_R_10\via_region_data.json
E_3_1_0_L_M_N_N_1974_3_2017.bmp308278,Non-Alcohol,C:\PycharmProjects\Alcohol Detection\dataset\Grupo_3\E_3_1\LG\E_3_1_0\E_3_1_0_R_10\via_region_data.json
E_3_1_0_L_M_N_N_1974_4_2017.bmp308278,Non-Alcohol,C:\PycharmProjects\Alcohol Detection\dataset\Grupo_3\E_3_1\LG\E_3_1_0\E_3_1_0_R_10\via_region_data.json
E_3_1_0_L_M_N_N_1974_5_2017.bmp308278,Non-Alcohol,C:\PycharmProjects\Alcohol Detection\dataset\Grupo_3\E_3_1\LG\E_3_1_0\E_3_1_0_R_10\via_region_data.json
E_3_1_0_L_M_N_N_1974_6_2017.bmp308278,Non-Alcohol,C:\PycharmProjects\Alcohol Detection\dataset\Grupo_3\E_3_1\LG\E_3_1_0\E_3_1_0_R_10\via_region_data.json
E_3_1_0_L_M_N_N_1974_7_2017.bmp308278,Non-Alcohol,C:\PycharmProjects\Alcohol Detection\dataset\Grupo_3\E_3_1\LG\E_3_1_0\E_3_1_0_R_10\via_region_data.json
E_3_1_0_L_M_N_N_1974_8_2017.bmp308278,Non-Alcohol,C:\PycharmProjects\Alcohol Detection\dataset\Grupo_3\E_3_1\LG\E_3_1_0\E_3_1_0_R_10\via_region_data.json
E_3_1_0_L_M_N_N_1974_9_2017.bmp308278,Non-Alcohol,C:\PycharmProjects\Alcohol Detection\dataset\Grupo_3\E_3_1\LG\E_3_1_0\E_3_1_0_R_10\via_region_data.json
E_3_1_0_R_M_N_N_1974_0_2017.bmp308278,Non-Alcohol,C:\PycharmProjects\Alcohol Detection\dataset\Grupo_3\E_3_1\LG\E_3_1_0\E_3_1_0_R_10\via_region_data.json
E_3_1_0_R_M_N_N_1974_1_2017.bmp308278,Non-Alcohol,C:\PycharmProjects\Alcohol Detection\dataset\Grupo_3\E_3_1\LG\E_3_1_0\E_3_1_0_R_10\via_region_data.json
E_3_1_0_R_M_N_N_1974_2_2017.bmp308278,Non-Alcohol,C:\PycharmProjects\Alcohol Detection\dataset\Grupo_3\E_3_1\LG\E_3_1_0\E_3_1_0_R_10\via_region_data.json
E_3_1_0_R_M_N_N_1974_3_2017.bmp308278,Non-Alcohol,C:\PycharmProjects\Alcohol Detection\dataset\Grupo_3\E_3_1\LG\E_3_1_0\E_3_1_0_R_10\via_region_data.json
E_3_1_0_R_M_N_N_1974_4_2017.bmp308278,Non-Alcohol,C:\PycharmProjects\Alcohol Detection\dataset\Grupo_3\E_3_1\LG\E_3_1_0\E_3_1_0_R_10\via_region_data.json
E_3_1_0_R_M_N_N_1974_5_2017.bmp308278,Non-Alcohol,C:\PycharmProjects\Alcohol Detection\dataset\Grupo_3\E_3_1\LG\E_3_1_0\E_3_1_0_R_10\via_region_data.json
E_3_1_0_R_M_N_N_1974_6_2017.bmp308278,Non-Alcohol,C:\PycharmProjects\Alcohol Detection\dataset\Grupo_3\E_3_1\LG\E_3_1_0\E_3_1_0_R_10\via_region_data.json
E_3_1_0_R_M_N_N_1974_7_2017.bmp308278,Non-Alcohol,C:\PycharmProjects\Alcohol Detection\dataset\Grupo_3\E_3_1\LG\E_3_1_0\E_3_1_0_R_10\via_region_data.json
E_3_1_0_R_M_N_N_1974_8_2017.bmp308278,Non-Alcohol,C:\PycharmProjects\Alcohol Detection\dataset\Grupo_3\E_3_1\LG\E_3_1_0\E_3_1_0_R_10\via_region_data.json
E_3_1_0_R_M_N_N_1974_9_2017.bmp308278,Non-Alcohol,C:\PycharmProjects\Alcohol Detection\dataset\Grupo_3\E_3_1\LG\E_3_1_0\E_3_1_0_R_10\via_region_data.json
E_3_1_1_L_M_N_N_1974_0_2017.bmp308278,Non-Alcohol,C:\PycharmProjects\Alcohol Detection\dataset\Grupo_3\E_3_1\LG\E_3_1_1\E_3_1_1_R_10\via_region_data.json
E_3_1_1_L_M_N_N_1974_1_2017.bmp308278,Alcohol,C:\PycharmProjects\Alcohol Detection\dataset\Grupo_3\E_3_1\LG\E_3_1_1\E_3_1_1_R_10\via_region_data.json
E_3_1_1_L_M_N_N_1974_2_2017.bmp308278,Alcohol,C:\PycharmProjects\Alcohol Detection\dataset\Grupo_3\E_3_1\LG\E_3_1_1\E_3_1_1_R_10\via_region_data.json
E_3_1_1_L_M_N_N_1974_3_2017.bmp308278,Alcohol,C:\PycharmProjects\Alcohol Detection\dataset\Grupo_3\E_3_1\LG\E_3_1_1\E_3_1_1_R_10\via_region_data.json
E_3_1_1_L_M_N_N_1974_4_2017.bmp308278,Alcohol,C:\PycharmProjects\Alcohol Detection\dataset\Grupo_3\E_3_1\LG\E_3_1_1\E_3_1_1_R_10\via_region_data.json
E_3_1_1_L_M_N_N_1974_5_2017.bmp308278,Alcohol,C:\PycharmProjects\Alcohol Detection\dataset\Grupo_3\E_3_1\LG\E_3_1_1\E_3_1_1_R_10\via_region_data.json
E_3_1_1_L_M_N_N_1974_6_2017.bmp308278,Alcohol,C:\PycharmProjects\Alcohol Detection\dataset\Grupo_3\E_3_1\LG\E_3_1_1\E_3_1_1_R_10\via_region_data.json
E_3_1_1_L_M_N_N_1974_7_2017.bmp308278,Alcohol,C:\PycharmProjects\Alcohol Detection\dataset\Grupo_3\E_3_1\LG\E_3_1_1\E_3_1_1_R_10\via_region_data.json
E_3_1_1_L_M_N_N_1974_8_2017.bmp308278,Alcohol,C:\PycharmProjects\Alcohol Detection\dataset\Grupo_3\E_3_1\LG\E_3_1_1\E_3_1_1_R_10\via_region_data.json
E_3_1_1_L_M_N_N_1974_9_2017.bmp308278,Alcohol,C:\PycharmProjects\Alcohol Detection\dataset\Grupo_3\E_3_1\LG\E_3_1_1\E_3_1_1_R_10\via_region_data.json
E_3_1_1_R_M_N_N_1974_0_2017.bmp308278,Non-Alcohol,C:\PycharmProjects\Alcohol Detection\dataset\Grupo_3\E_3_1\LG\E_3_1_1\E_3_1_1_R_10\via_region_data.json
E_3_1_1_R_M_N_N_1974_1_2017.bmp308278,Alcohol,C:\PycharmProjects\Alcohol Detection\dataset\Grupo_3\E_3_1\LG\E_3_1_1\E_3_1_1_R_10\via_region_data.json
E_3_1_1_R_M_N_N_1974_2_2017.bmp308278,Alcohol,C:\PycharmProjects\Alcohol Detection\dataset\Grupo_3\E_3_1\LG\E_3_1_1\E_3_1_1_R_10\via_region_data.json
E_3_1_1_R_M_N_N_1974_3_2017.bmp308278,Alcohol,C:\PycharmProjects\Alcohol Detection\dataset\Grupo_3\E_3_1\LG\E_3_1_1\E_3_1_1_R_10\via_region_data.json
E_3_1_1_R_M_N_N_1974_4_2017.bmp308278,Alcohol,C:\PycharmProjects\Alcohol Detection\dataset\Grupo_3\E_3_1\LG\E_3_1_1\E_3_1_1_R_10\via_region_data.json
E_3_1_1_R_M_N_N_1974_5_2017.bmp308278,Alcohol,C:\PycharmProjects\Alcohol Detection\dataset\Grupo_3\E_3_1\LG\E_3_1_1\E_3_1_1_R_10\via_region_data.json
E_3_1_1_R_M_N_N_1974_6_2017.bmp308278,Alcohol,C:\PycharmProjects\Alcohol Detection\dataset\Grupo_3\E_3_1\LG\E_3_1_1\E_3_1_1_R_10\via_region_data.json
E_3_1_1_R_M_N_N_1974_7_2017.bmp308278,Alcohol,C:\PycharmProjects\Alcohol Detection\dataset\Grupo_3\E_3_1\LG\E_3_1_1\E_3_1_1_R_10\via_region_data.json
E_3_1_1_R_M_N_N_1974_8_2017.bmp308278,Alcohol,C:\PycharmProjects\Alcohol Detection\dataset\Grupo_3\E_3_1\LG\E_3_1_1\E_3_1_1_R_10\via_region_data.json
E_3_1_1_R_M_N_N_1974_9_2017.bmp308278,Alcohol,C:\PycharmProjects\Alcohol Detection\dataset\Grupo_3\E_3_1\LG\E_3_1_1\E_3_1_1_R_10\via_region_data.json
E_3_1_2_L_M_N_N_1974_0_2017.bmp308278,Non-Alcohol,C:\PycharmProjects\Alcohol Detection\dataset\Grupo_3\E_3_1\LG\E_3_1_2\E_3_1_2_R_10\via_region_data.json
E_3_1_2_L_M_N_N_1974_1_2017.bmp308278,Alcohol,C:\PycharmProjects\Alcohol Detection\dataset\Grupo_3\E_3_1\LG\E_3_1_2\E_3_1_2_R_10\via_region_data.json
E_3_1_2_L_M_N_N_1974_2_2017.bmp308278,Alcohol,C:\PycharmProjects\Alcohol Detection\dataset\Grupo_3\E_3_1\LG\E_3_1_2\E_3_1_2_R_10\via_region_data.json
E_3_1_2_L_M_N_N_1974_3_2017.bmp308278,Alcohol,C:\PycharmProjects\Alcohol Detection\dataset\Grupo_3\E_3_1\LG\E_3_1_2\E_3_1_2_R_10\via_region_data.json
E_3_1_2_L_M_N_N_1974_4_2017.bmp308278,Alcohol,C:\PycharmProjects\Alcohol Detection\dataset\Grupo_3\E_3_1\LG\E_3_1_2\E_3_1_2_R_10\via_region_data.json
E_3_1_2_L_M_N_N_1974_5_2017.bmp308278,Alcohol,C:\PycharmProjects\Alcohol Detection\dataset\Grupo_3\E_3_1\LG\E_3_1_2\E_3_1_2_R_10\via_region_data.json
E_3_1_2_L_M_N_N_1974_6_2017.bmp308278,Alcohol,C:\PycharmProjects\Alcohol Detection\dataset\Grupo_3\E_3_1\LG\E_3_1_2\E_3_1_2_R_10\via_region_data.json
E_3_1_2_L_M_N_N_1974_7_2017.bmp308278,Alcohol,C:\PycharmProjects\Alcohol Detection\dataset\Grupo_3\E_3_1\LG\E_3_1_2\E_3_1_2_R_10\via_region_data.json
E_3_1_2_L_M_N_N_1974_8_2017.bmp308278,Alcohol,C:\PycharmProjects\Alcohol Detection\dataset\Grupo_3\E_3_1\LG\E_3_1_2\E_3_1_2_R_10\via_region_data.json
E_3_1_2_L_M_N_N_1974_9_2017.bmp308278,Alcohol,C:\PycharmProjects\Alcohol Detection\dataset\Grupo_3\E_3_1\LG\E_3_1_2\E_3_1_2_R_10\via_region_data.json
E_3_1_2_R_M_N_N_1974_0_2017.bmp308278,Non-Alcohol,C:\PycharmProjects\Alcohol Detection\dataset\Grupo_3\E_3_1\LG\E_3_1_2\E_3_1_2_R_10\via_region_data.json
E_3_1_2_R_M_N_N_1974_1_2017.bmp308278,Alcohol,C:\PycharmProjects\Alcohol Detection\dataset\Grupo_3\E_3_1\LG\E_3_1_2\E_3_1_2_R_10\via_region_data.json
E_3_1_2_R_M_N_N_1974_2_2017.bmp308278,Alcohol,C:\PycharmProjects\Alcohol Detection\dataset\Grupo_3\E_3_1\LG\E_3_1_2\E_3_1_2_R_10\via_region_data.json
E_3_1_2_R_M_N_N_1974_3_2017.bmp308278,Alcohol,C:\PycharmProjects\Alcohol Detection\dataset\Grupo_3\E_3_1\LG\E_3_1_2\E_3_1_2_R_10\via_region_data.json
E_3_1_2_R_M_N_N_1974_4_2017.bmp308278,Alcohol,C:\PycharmProjects\Alcohol Detection\dataset\Grupo_3\E_3_1\LG\E_3_1_2\E_3_1_2_R_10\via_region_data.json
E_3_1_2_R_M_N_N_1974_5_2017.bmp308278,Alcohol,C:\PycharmProjects\Alcohol Detection\dataset\Grupo_3\E_3_1\LG\E_3_1_2\E_3_1_2_R_10\via_region_data.json
E_3_1_2_R_M_N_N_1974_6_2017.bmp308278,Alcohol,C:\PycharmProjects\Alcohol Detection\dataset\Grupo_3\E_3_1\LG\E_3_1_2\E_3_1_2_R_10\via_region_data.json
E_3_1_2_R_M_N_N_1974_7_2017.bmp308278,Alcohol,C:\PycharmProjects\Alcohol Detection\dataset\Grupo_3\E_3_1\LG\E_3_1_2\E_3_1_2_R_10\via_region_data.json
E_3_1_2_R_M_N_N_1974_8_2017.bmp308278,Alcohol,C:\PycharmProjects\Alcohol Detection\dataset\Grupo_3\E_3_1\LG\E_3_1_2\E_3_1_2_R_10\via_region_data.json
E_3_1_2_R_M_N_N_1974_9_2017.bmp308278,Alcohol,C:\PycharmProjects\Alcohol Detection\dataset\Grupo_3\E_3_1\LG\E_3_1_2\E_3_1_2_R_10\via_region_data.json
E_3_1_3_L_M_N_N_1974_0_2017.bmp308278,Non-Alcohol,C:\PycharmProjects\Alcohol Detection\dataset\Grupo_3\E_3_1\LG\E_3_1_3\E_3_1_3_R_10\via_region_data.json
E_3_1_3_L_M_N_N_1974_1_2017.bmp308278,Alcohol,C:\PycharmProjects\Alcohol Detection\dataset\Grupo_3\E_3_1\LG\E_3_1_3\E_3_1_3_R_10\via_region_data.json
E_3_1_3_L_M_N_N_1974_2_2017.bmp308278,Alcohol,C:\PycharmProjects\Alcohol Detection\dataset\Grupo_3\E_3_1\LG\E_3_1_3\E_3_1_3_R_10\via_region_data.json
E_3_1_3_L_M_N_N_1974_3_2017.bmp308278,Alcohol,C:\PycharmProjects\Alcohol Detection\dataset\Grupo_3\E_3_1\LG\E_3_1_3\E_3_1_3_R_10\via_region_data.json
E_3_1_3_L_M_N_N_1974_4_2017.bmp308278,Alcohol,C:\PycharmProjects\Alcohol Detection\dataset\Grupo_3\E_3_1\LG\E_3_1_3\E_3_1_3_R_10\via_region_data.json
E_3_1_3_L_M_N_N_1974_5_2017.bmp308278,Alcohol,C:\PycharmProjects\Alcohol Detection\dataset\Grupo_3\E_3_1\LG\E_3_1_3\E_3_1_3_R_10\via_region_data.json
E_3_1_3_L_M_N_N_1974_6_2017.bmp308278,Alcohol,C:\PycharmProjects\Alcohol Detection\dataset\Grupo_3\E_3_1\LG\E_3_1_3\E_3_1_3_R_10\via_region_data.json
E_3_1_3_L_M_N_N_1974_7_2017.bmp308278,Alcohol,C:\PycharmProjects\Alcohol Detection\dataset\Grupo_3\E_3_1\LG\E_3_1_3\E_3_1_3_R_10\via_region_data.json
E_3_1_3_L_M_N_N_1974_8_2017.bmp308278,Alcohol,C:\PycharmProjects\Alcohol Detection\dataset\Grupo_3\E_3_1\LG\E_3_1_3\E_3_1_3_R_10\via_region_data.json
E_3_1_3_L_M_N_N_1974_9_2017.bmp308278,Alcohol,C:\PycharmProjects\Alcohol Detection\dataset\Grupo_3\E_3_1\LG\E_3_1_3\E_3_1_3_R_10\via_region_data.json
E_3_1_3_R_M_N_N_1974_0_2017.bmp308278,Non-Alcohol,C:\PycharmProjects\Alcohol Detection\dataset\Grupo_3\E_3_1\LG\E_3_1_3\E_3_1_3_R_10\via_region_data.json
E_3_1_3_R_M_N_N_1974_1_2017.bmp308278,Alcohol,C:\PycharmProjects\Alcohol Detection\dataset\Grupo_3\E_3_1\LG\E_3_1_3\E_3_1_3_R_10\via_region_data.json
E_3_1_3_R_M_N_N_1974_2_2017.bmp308278,Alcohol,C:\PycharmProjects\Alcohol Detection\dataset\Grupo_3\E_3_1\LG\E_3_1_3\E_3_1_3_R_10\via_region_data.json
E_3_1_3_R_M_N_N_1974_3_2017.bmp308278,Alcohol,C:\PycharmProjects\Alcohol Detection\dataset\Grupo_3\E_3_1\LG\E_3_1_3\E_3_1_3_R_10\via_region_data.json
E_3_1_3_R_M_N_N_1974_4_2017.bmp308278,Alcohol,C:\PycharmProjects\Alcohol Detection\dataset\Grupo_3\E_3_1\LG\E_3_1_3\E_3_1_3_R_10\via_region_data.json
E_3_1_3_R_M_N_N_1974_5_2017.bmp308278,Alcohol,C:\PycharmProjects\Alcohol Detection\dataset\Grupo_3\E_3_1\LG\E_3_1_3\E_3_1_3_R_10\via_region_data.json
E_3_1_3_R_M_N_N_1974_6_2017.bmp308278,Alcohol,C:\PycharmProjects\Alcohol Detection\dataset\Grupo_3\E_3_1\LG\E_3_1_3\E_3_1_3_R_10\via_region_data.json
E_3_1_3_R_M_N_N_1974_7_2017.bmp308278,Alcohol,C:\PycharmProjects\Alcohol Detection\dataset\Grupo_3\E_3_1\LG\E_3_1_3\E_3_1_3_R_10\via_region_data.json
E_3_1_3_R_M_N_N_1974_8_2017.bmp308278,Alcohol,C:\PycharmProjects\Alcohol Detection\dataset\Grupo_3\E_3_1\LG\E_3_1_3\E_3_1_3_R_10\via_region_data.json
E_3_1_3_R_M_N_N_1974_9_2017.bmp308278,Alcohol,C:\PycharmProjects\Alcohol Detection\dataset\Grupo_3\E_3_1\LG\E_3_1_3\E_3_1_3_R_10\via_region_data.json
E_3_1_4_L_M_N_N_1974_0_2017.bmp308278,Non-Alcohol,C:\PycharmProjects\Alcohol Detection\dataset\Grupo_3\E_3_1\LG\E_3_1_4\E_3_1_4_R_10\via_region_data.json
E_3_1_4_L_M_N_N_1974_1_2017.bmp308278,Alcohol,C:\PycharmProjects\Alcohol Detection\dataset\Grupo_3\E_3_1\LG\E_3_1_4\E_3_1_4_R_10\via_region_data.json
E_3_1_4_L_M_N_N_1974_2_2017.bmp308278,Alcohol,C:\PycharmProjects\Alcohol Detection\dataset\Grupo_3\E_3_1\LG\E_3_1_4\E_3_1_4_R_10\via_region_data.json
E_3_1_4_L_M_N_N_1974_3_2017.bmp308278,Alcohol,C:\PycharmProjects\Alcohol Detection\dataset\Grupo_3\E_3_1\LG\E_3_1_4\E_3_1_4_R_10\via_region_data.json
E_3_1_4_L_M_N_N_1974_4_2017.bmp308278,Alcohol,C:\PycharmProjects\Alcohol Detection\dataset\Grupo_3\E_3_1\LG\E_3_1_4\E_3_1_4_R_10\via_region_data.json
E_3_1_4_L_M_N_N_1974_5_2017.bmp308278,Alcohol,C:\PycharmProjects\Alcohol Detection\dataset\Grupo_3\E_3_1\LG\E_3_1_4\E_3_1_4_R_10\via_region_data.json
E_3_1_4_L_M_N_N_1974_6_2017.bmp308278,Alcohol,C:\PycharmProjects\Alcohol Detection\dataset\Grupo_3\E_3_1\LG\E_3_1_4\E_3_1_4_R_10\via_region_data.json
E_3_1_4_L_M_N_N_1974_7_2017.bmp308278,Alcohol,C:\PycharmProjects\Alcohol Detection\dataset\Grupo_3\E_3_1\LG\E_3_1_4\E_3_1_4_R_10\via_region_data.json
E_3_1_4_L_M_N_N_1974_8_2017.bmp308278,Alcohol,C:\PycharmProjects\Alcohol Detection\dataset\Grupo_3\E_3_1\LG\E_3_1_4\E_3_1_4_R_10\via_region_data.json
E_3_1_4_L_M_N_N_1974_9_2017.bmp308278,Alcohol,C:\PycharmProjects\Alcohol Detection\dataset\Grupo_3\E_3_1\LG\E_3_1_4\E_3_1_4_R_10\via_region_data.json
E_3_1_4_R_M_N_N_1974_0_2017.bmp308278,Non-Alcohol,C:\PycharmProjects\Alcohol Detection\dataset\Grupo_3\E_3_1\LG\E_3_1_4\E_3_1_4_R_10\via_region_data.json
E_3_1_4_R_M_N_N_1974_1_2017.bmp308278,Alcohol,C:\PycharmProjects\Alcohol Detection\dataset\Grupo_3\E_3_1\LG\E_3_1_4\E_3_1_4_R_10\via_region_data.json
E_3_1_4_R_M_N_N_1974_2_2017.bmp308278,Alcohol,C:\PycharmProjects\Alcohol Detection\dataset\Grupo_3\E_3_1\LG\E_3_1_4\E_3_1_4_R_10\via_region_data.json
E_3_1_4_R_M_N_N_1974_3_2017.bmp308278,Alcohol,C:\PycharmProjects\Alcohol Detection\dataset\Grupo_3\E_3_1\LG\E_3_1_4\E_3_1_4_R_10\via_region_data.json
E_3_1_4_R_M_N_N_1974_4_2017.bmp308278,Alcohol,C:\PycharmProjects\Alcohol Detection\dataset\Grupo_3\E_3_1\LG\E_3_1_4\E_3_1_4_R_10\via_region_data.json
E_3_1_4_R_M_N_N_1974_5_2017.bmp308278,Alcohol,C:\PycharmProjects\Alcohol Detection\dataset\Grupo_3\E_3_1\LG\E_3_1_4\E_3_1_4_R_10\via_region_data.json
E_3_1_4_R_M_N_N_1974_6_2017.bmp308278,Alcohol,C:\PycharmProjects\Alcohol Detection\dataset\Grupo_3\E_3_1\LG\E_3_1_4\E_3_1_4_R_10\via_region_data.json
E_3_1_4_R_M_N_N_1974_7_2017.bmp308278,Alcohol,C:\PycharmProjects\Alcohol Detection\dataset\Grupo_3\E_3_1\LG\E_3_1_4\E_3_1_4_R_10\via_region_data.json
E_3_1_4_R_M_N_N_1974_8_2017.bmp308278,Alcohol,C:\PycharmProjects\Alcohol Detection\dataset\Grupo_3\E_3_1\LG\E_3_1_4\E_3_1_4_R_10\via_region_data.json
E_3_1_4_R_M_N_N_1974_9_2017.bmp308278,Alcohol,C:\PycharmProjects\Alcohol Detection\dataset\Grupo_3\E_3_1\LG\E_3_1_4\E_3_1_4_R_10\via_region_data.json
E_3_2_0_L_M_N_N_1986_0_2017.bmp308278,Non-Alcohol,C:\PycharmProjects\Alcohol Detection\dataset\Grupo_3\E_3_2\Iritech\E_3_2_0\via_region_data.json
E_3_2_0_R_M_N_N_1986_0_2017.bmp308278,Non-Alcohol,C:\PycharmProjects\Alcohol Detection\dataset\Grupo_3\E_3_2\Iritech\E_3_2_0\via_region_data.json
E_3_2_1_L_M_N_N_1986_0_2017.bmp308278,Non-Alcohol,C:\PycharmProjects\Alcohol Detection\dataset\Grupo_3\E_3_2\Iritech\E_3_2_1\via_region_data.json
E_3_2_1_R_M_N_N_1986_0_2017.bmp308278,Non-Alcohol,C:\PycharmProjects\Alcohol Detection\dataset\Grupo_3\E_3_2\Iritech\E_3_2_1\via_region_data.json
E_3_2_2_L_M_N_N_1986_0_2017.bmp308278,Non-Alcohol,C:\PycharmProjects\Alcohol Detection\dataset\Grupo_3\E_3_2\Iritech\E_3_2_2\via_region_data.json
E_3_2_2_R_M_N_N_1986_0_2017.bmp308278,Non-Alcohol,C:\PycharmProjects\Alcohol Detection\dataset\Grupo_3\E_3_2\Iritech\E_3_2_2\via_region_data.json
E_3_2_3_L_M_N_N_1986_0_2017.bmp308278,Non-Alcohol,C:\PycharmProjects\Alcohol Detection\dataset\Grupo_3\E_3_2\Iritech\E_3_2_3\via_region_data.json
E_3_2_3_R_M_N_N_1986_0_2017.bmp308278,Non-Alcohol,C:\PycharmProjects\Alcohol Detection\dataset\Grupo_3\E_3_2\Iritech\E_3_2_3\via_region_data.json
E_3_2_4_L_M_N_N_1986_0_2017.bmp308278,Non-Alcohol,C:\PycharmProjects\Alcohol Detection\dataset\Grupo_3\E_3_2\Iritech\E_3_2_4\via_region_data.json
E_3_2_4_R_M_N_N_1986_0_2017.bmp308278,Non-Alcohol,C:\PycharmProjects\Alcohol Detection\dataset\Grupo_3\E_3_2\Iritech\E_3_2_4\via_region_data.json
E_3_2_0_L_M_N_N_1986_0_2017.bmp308278,Non-Alcohol,C:\PycharmProjects\Alcohol Detection\dataset\Grupo_3\E_3_2\LG\E_3_2_0\E_3_2_0_R_10\via_region_data.json
E_3_2_0_L_M_N_N_1986_1_2017.bmp308278,Non-Alcohol,C:\PycharmProjects\Alcohol Detection\dataset\Grupo_3\E_3_2\LG\E_3_2_0\E_3_2_0_R_10\via_region_data.json
E_3_2_0_L_M_N_N_1986_2_2017.bmp308278,Non-Alcohol,C:\PycharmProjects\Alcohol Detection\dataset\Grupo_3\E_3_2\LG\E_3_2_0\E_3_2_0_R_10\via_region_data.json
E_3_2_0_L_M_N_N_1986_3_2017.bmp308278,Non-Alcohol,C:\PycharmProjects\Alcohol Detection\dataset\Grupo_3\E_3_2\LG\E_3_2_0\E_3_2_0_R_10\via_region_data.json
E_3_2_0_L_M_N_N_1986_4_2017.bmp308278,Non-Alcohol,C:\PycharmProjects\Alcohol Detection\dataset\Grupo_3\E_3_2\LG\E_3_2_0\E_3_2_0_R_10\via_region_data.json
E_3_2_0_L_M_N_N_1986_5_2017.bmp308278,Non-Alcohol,C:\PycharmProjects\Alcohol Detection\dataset\Grupo_3\E_3_2\LG\E_3_2_0\E_3_2_0_R_10\via_region_data.json
E_3_2_0_L_M_N_N_1986_6_2017.bmp308278,Non-Alcohol,C:\PycharmProjects\Alcohol Detection\dataset\Grupo_3\E_3_2\LG\E_3_2_0\E_3_2_0_R_10\via_region_data.json
E_3_2_0_L_M_N_N_1986_7_2017.bmp308278,Non-Alcohol,C:\PycharmProjects\Alcohol Detection\dataset\Grupo_3\E_3_2\LG\E_3_2_0\E_3_2_0_R_10\via_region_data.json
E_3_2_0_L_M_N_N_1986_8_2017.bmp308278,Non-Alcohol,C:\PycharmProjects\Alcohol Detection\dataset\Grupo_3\E_3_2\LG\E_3_2_0\E_3_2_0_R_10\via_region_data.json
E_3_2_0_L_M_N_N_1986_9_2017.bmp308278,Non-Alcohol,C:\PycharmProjects\Alcohol Detection\dataset\Grupo_3\E_3_2\LG\E_3_2_0\E_3_2_0_R_10\via_region_data.json
E_3_2_0_R_M_N_N_1986_0_2017.bmp308278,Non-Alcohol,C:\PycharmProjects\Alcohol Detection\dataset\Grupo_3\E_3_2\LG\E_3_2_0\E_3_2_0_R_10\via_region_data.json
E_3_2_0_R_M_N_N_1986_1_2017.bmp308278,Non-Alcohol,C:\PycharmProjects\Alcohol Detection\dataset\Grupo_3\E_3_2\LG\E_3_2_0\E_3_2_0_R_10\via_region_data.json
E_3_2_0_R_M_N_N_1986_2_2017.bmp308278,Non-Alcohol,C:\PycharmProjects\Alcohol Detection\dataset\Grupo_3\E_3_2\LG\E_3_2_0\E_3_2_0_R_10\via_region_data.json
E_3_2_0_R_M_N_N_1986_3_2017.bmp308278,Non-Alcohol,C:\PycharmProjects\Alcohol Detection\dataset\Grupo_3\E_3_2\LG\E_3_2_0\E_3_2_0_R_10\via_region_data.json
E_3_2_0_R_M_N_N_1986_4_2017.bmp308278,Non-Alcohol,C:\PycharmProjects\Alcohol Detection\dataset\Grupo_3\E_3_2\LG\E_3_2_0\E_3_2_0_R_10\via_region_data.json
E_3_2_0_R_M_N_N_1986_5_2017.bmp308278,Non-Alcohol,C:\PycharmProjects\Alcohol Detection\dataset\Grupo_3\E_3_2\LG\E_3_2_0\E_3_2_0_R_10\via_region_data.json
E_3_2_0_R_M_N_N_1986_6_2017.bmp308278,Non-Alcohol,C:\PycharmProjects\Alcohol Detection\dataset\Grupo_3\E_3_2\LG\E_3_2_0\E_3_2_0_R_10\via_region_data.json
E_3_2_0_R_M_N_N_1986_7_2017.bmp308278,Non-Alcohol,C:\PycharmProjects\Alcohol Detection\dataset\Grupo_3\E_3_2\LG\E_3_2_0\E_3_2_0_R_10\via_region_data.json
E_3_2_0_R_M_N_N_1986_8_2017.bmp308278,Non-Alcohol,C:\PycharmProjects\Alcohol Detection\dataset\Grupo_3\E_3_2\LG\E_3_2_0\E_3_2_0_R_10\via_region_data.json
E_3_2_0_R_M_N_N_1986_9_2017.bmp308278,Non-Alcohol,C:\PycharmProjects\Alcohol Detection\dataset\Grupo_3\E_3_2\LG\E_3_2_0\E_3_2_0_R_10\via_region_data.json
E_3_2_1_L_M_N_N_1986_0_2017.bmp308278,Non-Alcohol,C:\PycharmProjects\Alcohol Detection\dataset\Grupo_3\E_3_2\LG\E_3_2_1\E_3_2_1_R_10\via_region_data.json
E_3_2_1_L_M_N_N_1986_1_2017.bmp308278,Alcohol,C:\PycharmProjects\Alcohol Detection\dataset\Grupo_3\E_3_2\LG\E_3_2_1\E_3_2_1_R_10\via_region_data.json
E_3_2_1_L_M_N_N_1986_2_2017.bmp308278,Alcohol,C:\PycharmProjects\Alcohol Detection\dataset\Grupo_3\E_3_2\LG\E_3_2_1\E_3_2_1_R_10\via_region_data.json
E_3_2_1_L_M_N_N_1986_3_2017.bmp308278,Alcohol,C:\PycharmProjects\Alcohol Detection\dataset\Grupo_3\E_3_2\LG\E_3_2_1\E_3_2_1_R_10\via_region_data.json
E_3_2_1_L_M_N_N_1986_4_2017.bmp308278,Alcohol,C:\PycharmProjects\Alcohol Detection\dataset\Grupo_3\E_3_2\LG\E_3_2_1\E_3_2_1_R_10\via_region_data.json
E_3_2_1_L_M_N_N_1986_5_2017.bmp308278,Alcohol,C:\PycharmProjects\Alcohol Detection\dataset\Grupo_3\E_3_2\LG\E_3_2_1\E_3_2_1_R_10\via_region_data.json
E_3_2_1_L_M_N_N_1986_6_2017.bmp308278,Alcohol,C:\PycharmProjects\Alcohol Detection\dataset\Grupo_3\E_3_2\LG\E_3_2_1\E_3_2_1_R_10\via_region_data.json
E_3_2_1_L_M_N_N_1986_7_2017.bmp308278,Alcohol,C:\PycharmProjects\Alcohol Detection\dataset\Grupo_3\E_3_2\LG\E_3_2_1\E_3_2_1_R_10\via_region_data.json
E_3_2_1_L_M_N_N_1986_8_2017.bmp308278,Alcohol,C:\PycharmProjects\Alcohol Detection\dataset\Grupo_3\E_3_2\LG\E_3_2_1\E_3_2_1_R_10\via_region_data.json
E_3_2_1_L_M_N_N_1986_9_2017.bmp308278,Alcohol,C:\PycharmProjects\Alcohol Detection\dataset\Grupo_3\E_3_2\LG\E_3_2_1\E_3_2_1_R_10\via_region_data.json
E_3_2_1_R_M_N_N_1986_0_2017.bmp308278,Non-Alcohol,C:\PycharmProjects\Alcohol Detection\dataset\Grupo_3\E_3_2\LG\E_3_2_1\E_3_2_1_R_10\via_region_data.json
E_3_2_1_R_M_N_N_1986_1_2017.bmp308278,Alcohol,C:\PycharmProjects\Alcohol Detection\dataset\Grupo_3\E_3_2\LG\E_3_2_1\E_3_2_1_R_10\via_region_data.json
E_3_2_1_R_M_N_N_1986_2_2017.bmp308278,Alcohol,C:\PycharmProjects\Alcohol Detection\dataset\Grupo_3\E_3_2\LG\E_3_2_1\E_3_2_1_R_10\via_region_data.json
E_3_2_1_R_M_N_N_1986_3_2017.bmp308278,Alcohol,C:\PycharmProjects\Alcohol Detection\dataset\Grupo_3\E_3_2\LG\E_3_2_1\E_3_2_1_R_10\via_region_data.json
E_3_2_1_R_M_N_N_1986_4_2017.bmp308278,Alcohol,C:\PycharmProjects\Alcohol Detection\dataset\Grupo_3\E_3_2\LG\E_3_2_1\E_3_2_1_R_10\via_region_data.json
E_3_2_1_R_M_N_N_1986_5_2017.bmp308278,Alcohol,C:\PycharmProjects\Alcohol Detection\dataset\Grupo_3\E_3_2\LG\E_3_2_1\E_3_2_1_R_10\via_region_data.json
E_3_2_1_R_M_N_N_1986_6_2017.bmp308278,Alcohol,C:\PycharmProjects\Alcohol Detection\dataset\Grupo_3\E_3_2\LG\E_3_2_1\E_3_2_1_R_10\via_region_data.json
E_3_2_1_R_M_N_N_1986_7_2017.bmp308278,Alcohol,C:\PycharmProjects\Alcohol Detection\dataset\Grupo_3\E_3_2\LG\E_3_2_1\E_3_2_1_R_10\via_region_data.json
E_3_2_1_R_M_N_N_1986_8_2017.bmp308278,Alcohol,C:\PycharmProjects\Alcohol Detection\dataset\Grupo_3\E_3_2\LG\E_3_2_1\E_3_2_1_R_10\via_region_data.json
E_3_2_1_R_M_N_N_1986_9_2017.bmp308278,Alcohol,C:\PycharmProjects\Alcohol Detection\dataset\Grupo_3\E_3_2\LG\E_3_2_1\E_3_2_1_R_10\via_region_data.json
E_3_2_2_L_M_N_N_1986_0_2017.bmp308278,Non-Alcohol,C:\PycharmProjects\Alcohol Detection\dataset\Grupo_3\E_3_2\LG\E_3_2_2\E_3_2_2_R_10\via_region_data.json
E_3_2_2_L_M_N_N_1986_1_2017.bmp308278,Alcohol,C:\PycharmProjects\Alcohol Detection\dataset\Grupo_3\E_3_2\LG\E_3_2_2\E_3_2_2_R_10\via_region_data.json
E_3_2_2_L_M_N_N_1986_2_2017.bmp308278,Alcohol,C:\PycharmProjects\Alcohol Detection\dataset\Grupo_3\E_3_2\LG\E_3_2_2\E_3_2_2_R_10\via_region_data.json
E_3_2_2_L_M_N_N_1986_3_2017.bmp308278,Alcohol,C:\PycharmProjects\Alcohol Detection\dataset\Grupo_3\E_3_2\LG\E_3_2_2\E_3_2_2_R_10\via_region_data.json
E_3_2_2_L_M_N_N_1986_4_2017.bmp308278,Alcohol,C:\PycharmProjects\Alcohol Detection\dataset\Grupo_3\E_3_2\LG\E_3_2_2\E_3_2_2_R_10\via_region_data.json
E_3_2_2_L_M_N_N_1986_5_2017.bmp308278,Alcohol,C:\PycharmProjects\Alcohol Detection\dataset\Grupo_3\E_3_2\LG\E_3_2_2\E_3_2_2_R_10\via_region_data.json
E_3_2_2_L_M_N_N_1986_6_2017.bmp308278,Alcohol,C:\PycharmProjects\Alcohol Detection\dataset\Grupo_3\E_3_2\LG\E_3_2_2\E_3_2_2_R_10\via_region_data.json
E_3_2_2_L_M_N_N_1986_7_2017.bmp308278,Alcohol,C:\PycharmProjects\Alcohol Detection\dataset\Grupo_3\E_3_2\LG\E_3_2_2\E_3_2_2_R_10\via_region_data.json
E_3_2_2_L_M_N_N_1986_8_2017.bmp308278,Alcohol,C:\PycharmProjects\Alcohol Detection\dataset\Grupo_3\E_3_2\LG\E_3_2_2\E_3_2_2_R_10\via_region_data.json
E_3_2_2_L_M_N_N_1986_9_2017.bmp308278,Alcohol,C:\PycharmProjects\Alcohol Detection\dataset\Grupo_3\E_3_2\LG\E_3_2_2\E_3_2_2_R_10\via_region_data.json
E_3_2_2_R_M_N_N_1986_0_2017.bmp308278,Non-Alcohol,C:\PycharmProjects\Alcohol Detection\dataset\Grupo_3\E_3_2\LG\E_3_2_2\E_3_2_2_R_10\via_region_data.json
E_3_2_2_R_M_N_N_1986_1_2017.bmp308278,Alcohol,C:\PycharmProjects\Alcohol Detection\dataset\Grupo_3\E_3_2\LG\E_3_2_2\E_3_2_2_R_10\via_region_data.json
E_3_2_2_R_M_N_N_1986_2_2017.bmp308278,Alcohol,C:\PycharmProjects\Alcohol Detection\dataset\Grupo_3\E_3_2\LG\E_3_2_2\E_3_2_2_R_10\via_region_data.json
E_3_2_2_R_M_N_N_1986_3_2017.bmp308278,Alcohol,C:\PycharmProjects\Alcohol Detection\dataset\Grupo_3\E_3_2\LG\E_3_2_2\E_3_2_2_R_10\via_region_data.json
E_3_2_2_R_M_N_N_1986_4_2017.bmp308278,Alcohol,C:\PycharmProjects\Alcohol Detection\dataset\Grupo_3\E_3_2\LG\E_3_2_2\E_3_2_2_R_10\via_region_data.json
E_3_2_2_R_M_N_N_1986_5_2017.bmp308278,Alcohol,C:\PycharmProjects\Alcohol Detection\dataset\Grupo_3\E_3_2\LG\E_3_2_2\E_3_2_2_R_10\via_region_data.json
E_3_2_2_R_M_N_N_1986_6_2017.bmp308278,Alcohol,C:\PycharmProjects\Alcohol Detection\dataset\Grupo_3\E_3_2\LG\E_3_2_2\E_3_2_2_R_10\via_region_data.json
E_3_2_2_R_M_N_N_1986_7_2017.bmp308278,Alcohol,C:\PycharmProjects\Alcohol Detection\dataset\Grupo_3\E_3_2\LG\E_3_2_2\E_3_2_2_R_10\via_region_data.json
E_3_2_2_R_M_N_N_1986_8_2017.bmp308278,Alcohol,C:\PycharmProjects\Alcohol Detection\dataset\Grupo_3\E_3_2\LG\E_3_2_2\E_3_2_2_R_10\via_region_data.json
E_3_2_2_R_M_N_N_1986_9_2017.bmp308278,Alcohol,C:\PycharmProjects\Alcohol Detection\dataset\Grupo_3\E_3_2\LG\E_3_2_2\E_3_2_2_R_10\via_region_data.json
E_3_2_3_L_M_N_N_1986_0_2017.bmp308278,Non-Alcohol,C:\PycharmProjects\Alcohol Detection\dataset\Grupo_3\E_3_2\LG\E_3_2_3\E_3_2_3_R_10\via_region_data.json
E_3_2_3_L_M_N_N_1986_1_2017.bmp308278,Alcohol,C:\PycharmProjects\Alcohol Detection\dataset\Grupo_3\E_3_2\LG\E_3_2_3\E_3_2_3_R_10\via_region_data.json
E_3_2_3_L_M_N_N_1986_2_2017.bmp308278,Alcohol,C:\PycharmProjects\Alcohol Detection\dataset\Grupo_3\E_3_2\LG\E_3_2_3\E_3_2_3_R_10\via_region_data.json
E_3_2_3_L_M_N_N_1986_3_2017.bmp308278,Alcohol,C:\PycharmProjects\Alcohol Detection\dataset\Grupo_3\E_3_2\LG\E_3_2_3\E_3_2_3_R_10\via_region_data.json
E_3_2_3_L_M_N_N_1986_4_2017.bmp308278,Alcohol,C:\PycharmProjects\Alcohol Detection\dataset\Grupo_3\E_3_2\LG\E_3_2_3\E_3_2_3_R_10\via_region_data.json
E_3_2_3_L_M_N_N_1986_5_2017.bmp308278,Alcohol,C:\PycharmProjects\Alcohol Detection\dataset\Grupo_3\E_3_2\LG\E_3_2_3\E_3_2_3_R_10\via_region_data.json
E_3_2_3_L_M_N_N_1986_6_2017.bmp308278,Alcohol,C:\PycharmProjects\Alcohol Detection\dataset\Grupo_3\E_3_2\LG\E_3_2_3\E_3_2_3_R_10\via_region_data.json
E_3_2_3_L_M_N_N_1986_7_2017.bmp308278,Alcohol,C:\PycharmProjects\Alcohol Detection\dataset\Grupo_3\E_3_2\LG\E_3_2_3\E_3_2_3_R_10\via_region_data.json
E_3_2_3_L_M_N_N_1986_8_2017.bmp308278,Alcohol,C:\PycharmProjects\Alcohol Detection\dataset\Grupo_3\E_3_2\LG\E_3_2_3\E_3_2_3_R_10\via_region_data.json
E_3_2_3_L_M_N_N_1986_9_2017.bmp308278,Alcohol,C:\PycharmProjects\Alcohol Detection\dataset\Grupo_3\E_3_2\LG\E_3_2_3\E_3_2_3_R_10\via_region_data.json
E_3_2_3_R_M_N_N_1986_0_2017.bmp308278,Non-Alcohol,C:\PycharmProjects\Alcohol Detection\dataset\Grupo_3\E_3_2\LG\E_3_2_3\E_3_2_3_R_10\via_region_data.json
E_3_2_3_R_M_N_N_1986_1_2017.bmp308278,Alcohol,C:\PycharmProjects\Alcohol Detection\dataset\Grupo_3\E_3_2\LG\E_3_2_3\E_3_2_3_R_10\via_region_data.json
E_3_2_3_R_M_N_N_1986_2_2017.bmp308278,Alcohol,C:\PycharmProjects\Alcohol Detection\dataset\Grupo_3\E_3_2\LG\E_3_2_3\E_3_2_3_R_10\via_region_data.json
E_3_2_3_R_M_N_N_1986_3_2017.bmp308278,Alcohol,C:\PycharmProjects\Alcohol Detection\dataset\Grupo_3\E_3_2\LG\E_3_2_3\E_3_2_3_R_10\via_region_data.json
E_3_2_3_R_M_N_N_1986_4_2017.bmp308278,Alcohol,C:\PycharmProjects\Alcohol Detection\dataset\Grupo_3\E_3_2\LG\E_3_2_3\E_3_2_3_R_10\via_region_data.json
E_3_2_3_R_M_N_N_1986_5_2017.bmp308278,Alcohol,C:\PycharmProjects\Alcohol Detection\dataset\Grupo_3\E_3_2\LG\E_3_2_3\E_3_2_3_R_10\via_region_data.json
E_3_2_3_R_M_N_N_1986_6_2017.bmp308278,Alcohol,C:\PycharmProjects\Alcohol Detection\dataset\Grupo_3\E_3_2\LG\E_3_2_3\E_3_2_3_R_10\via_region_data.json
E_3_2_3_R_M_N_N_1986_7_2017.bmp308278,Alcohol,C:\PycharmProjects\Alcohol Detection\dataset\Grupo_3\E_3_2\LG\E_3_2_3\E_3_2_3_R_10\via_region_data.json
E_3_2_3_R_M_N_N_1986_8_2017.bmp308278,Alcohol,C:\PycharmProjects\Alcohol Detection\dataset\Grupo_3\E_3_2\LG\E_3_2_3\E_3_2_3_R_10\via_region_data.json
E_3_2_3_R_M_N_N_1986_9_2017.bmp308278,Alcohol,C:\PycharmProjects\Alcohol Detection\dataset\Grupo_3\E_3_2\LG\E_3_2_3\E_3_2_3_R_10\via_region_data.json
E_3_2_4_L_M_N_N_1986_0_2017.bmp308278,Non-Alcohol,C:\PycharmProjects\Alcohol Detection\dataset\Grupo_3\E_3_2\LG\E_3_2_4\E_3_2_4_R_10\via_region_data.json
E_3_2_4_L_M_N_N_1986_1_2017.bmp308278,Alcohol,C:\PycharmProjects\Alcohol Detection\dataset\Grupo_3\E_3_2\LG\E_3_2_4\E_3_2_4_R_10\via_region_data.json
E_3_2_4_L_M_N_N_1986_2_2017.bmp308278,Alcohol,C:\PycharmProjects\Alcohol Detection\dataset\Grupo_3\E_3_2\LG\E_3_2_4\E_3_2_4_R_10\via_region_data.json
E_3_2_4_L_M_N_N_1986_3_2017.bmp308278,Alcohol,C:\PycharmProjects\Alcohol Detection\dataset\Grupo_3\E_3_2\LG\E_3_2_4\E_3_2_4_R_10\via_region_data.json
E_3_2_4_L_M_N_N_1986_4_2017.bmp308278,Alcohol,C:\PycharmProjects\Alcohol Detection\dataset\Grupo_3\E_3_2\LG\E_3_2_4\E_3_2_4_R_10\via_region_data.json
E_3_2_4_L_M_N_N_1986_5_2017.bmp308278,Alcohol,C:\PycharmProjects\Alcohol Detection\dataset\Grupo_3\E_3_2\LG\E_3_2_4\E_3_2_4_R_10\via_region_data.json
E_3_2_4_L_M_N_N_1986_6_2017.bmp308278,Alcohol,C:\PycharmProjects\Alcohol Detection\dataset\Grupo_3\E_3_2\LG\E_3_2_4\E_3_2_4_R_10\via_region_data.json
E_3_2_4_L_M_N_N_1986_7_2017.bmp308278,Alcohol,C:\PycharmProjects\Alcohol Detection\dataset\Grupo_3\E_3_2\LG\E_3_2_4\E_3_2_4_R_10\via_region_data.json
E_3_2_4_L_M_N_N_1986_8_2017.bmp308278,Alcohol,C:\PycharmProjects\Alcohol Detection\dataset\Grupo_3\E_3_2\LG\E_3_2_4\E_3_2_4_R_10\via_region_data.json
E_3_2_4_L_M_N_N_1986_9_2017.bmp308278,Alcohol,C:\PycharmProjects\Alcohol Detection\dataset\Grupo_3\E_3_2\LG\E_3_2_4\E_3_2_4_R_10\via_region_data.json
E_3_2_4_R_M_N_N_1986_0_2017.bmp308278,Non-Alcohol,C:\PycharmProjects\Alcohol Detection\dataset\Grupo_3\E_3_2\LG\E_3_2_4\E_3_2_4_R_10\via_region_data.json
E_3_2_4_R_M_N_N_1986_1_2017.bmp308278,Alcohol,C:\PycharmProjects\Alcohol Detection\dataset\Grupo_3\E_3_2\LG\E_3_2_4\E_3_2_4_R_10\via_region_data.json
E_3_2_4_R_M_N_N_1986_2_2017.bmp308278,Alcohol,C:\PycharmProjects\Alcohol Detection\dataset\Grupo_3\E_3_2\LG\E_3_2_4\E_3_2_4_R_10\via_region_data.json
E_3_2_4_R_M_N_N_1986_3_2017.bmp308278,Alcohol,C:\PycharmProjects\Alcohol Detection\dataset\Grupo_3\E_3_2\LG\E_3_2_4\E_3_2_4_R_10\via_region_data.json
E_3_2_4_R_M_N_N_1986_4_2017.bmp308278,Alcohol,C:\PycharmProjects\Alcohol Detection\dataset\Grupo_3\E_3_2\LG\E_3_2_4\E_3_2_4_R_10\via_region_data.json
E_3_2_4_R_M_N_N_1986_5_2017.bmp308278,Alcohol,C:\PycharmProjects\Alcohol Detection\dataset\Grupo_3\E_3_2\LG\E_3_2_4\E_3_2_4_R_10\via_region_data.json
E_3_2_4_R_M_N_N_1986_6_2017.bmp308278,Alcohol,C:\PycharmProjects\Alcohol Detection\dataset\Grupo_3\E_3_2\LG\E_3_2_4\E_3_2_4_R_10\via_region_data.json
E_3_2_4_R_M_N_N_1986_7_2017.bmp308278,Alcohol,C:\PycharmProjects\Alcohol Detection\dataset\Grupo_3\E_3_2\LG\E_3_2_4\E_3_2_4_R_10\via_region_data.json
E_3_2_4_R_M_N_N_1986_8_2017.bmp308278,Alcohol,C:\PycharmProjects\Alcohol Detection\dataset\Grupo_3\E_3_2\LG\E_3_2_4\E_3_2_4_R_10\via_region_data.json
E_3_2_4_R_M_N_N_1986_9_2017.bmp308278,Alcohol,C:\PycharmProjects\Alcohol Detection\dataset\Grupo_3\E_3_2\LG\E_3_2_4\E_3_2_4_R_10\via_region_data.json
E_4_0_0_L_M_N_N_1997_0_2017.bmp308278,Non-Alcohol,C:\PycharmProjects\Alcohol Detection\dataset\Grupo_4\E_4_0\Iritech\E_4_0_0\via_region_data.json
E_4_0_0_R_M_N_N_1997_0_2017.bmp308278,Non-Alcohol,C:\PycharmProjects\Alcohol Detection\dataset\Grupo_4\E_4_0\Iritech\E_4_0_0\via_region_data.json
E_4_0_1_L_M_N_N_1997_0_2017.bmp308278,Non-Alcohol,C:\PycharmProjects\Alcohol Detection\dataset\Grupo_4\E_4_0\Iritech\E_4_0_1\via_region_data.json
E_4_0_1_R_M_N_N_1997_0_2017.bmp308278,Non-Alcohol,C:\PycharmProjects\Alcohol Detection\dataset\Grupo_4\E_4_0\Iritech\E_4_0_1\via_region_data.json
E_4_0_2_L_M_N_N_1997_0_2017.bmp308278,Non-Alcohol,C:\PycharmProjects\Alcohol Detection\dataset\Grupo_4\E_4_0\Iritech\E_4_0_2\via_region_data.json
E_4_0_2_R_M_N_N_1997_0_2017.bmp308278,Non-Alcohol,C:\PycharmProjects\Alcohol Detection\dataset\Grupo_4\E_4_0\Iritech\E_4_0_2\via_region_data.json
E_4_0_3_L_M_N_N_1997_0_2017.bmp308278,Non-Alcohol,C:\PycharmProjects\Alcohol Detection\dataset\Grupo_4\E_4_0\Iritech\E_4_0_3\via_region_data.json
E_4_0_3_R_M_N_N_1997_0_2017.bmp308278,Non-Alcohol,C:\PycharmProjects\Alcohol Detection\dataset\Grupo_4\E_4_0\Iritech\E_4_0_3\via_region_data.json
E_4_0_4_L_M_N_N_1997_0_2017.bmp308278,Non-Alcohol,C:\PycharmProjects\Alcohol Detection\dataset\Grupo_4\E_4_0\Iritech\E_4_0_4\via_region_data.json
E_4_0_4_R_M_N_N_1997_0_2017.bmp308278,Non-Alcohol,C:\PycharmProjects\Alcohol Detection\dataset\Grupo_4\E_4_0\Iritech\E_4_0_4\via_region_data.json
E_4_0_0_L_M_N_N_1997_0_2017.bmp308278,Non-Alcohol,C:\PycharmProjects\Alcohol Detection\dataset\Grupo_4\E_4_0\LG\E_4_0_0\E_4_0_0_R_10\via_region_data.json
E_4_0_0_L_M_N_N_1997_1_2017.bmp308278,Non-Alcohol,C:\PycharmProjects\Alcohol Detection\dataset\Grupo_4\E_4_0\LG\E_4_0_0\E_4_0_0_R_10\via_region_data.json
E_4_0_0_L_M_N_N_1997_2_2017.bmp308278,Non-Alcohol,C:\PycharmProjects\Alcohol Detection\dataset\Grupo_4\E_4_0\LG\E_4_0_0\E_4_0_0_R_10\via_region_data.json
E_4_0_0_L_M_N_N_1997_3_2017.bmp308278,Non-Alcohol,C:\PycharmProjects\Alcohol Detection\dataset\Grupo_4\E_4_0\LG\E_4_0_0\E_4_0_0_R_10\via_region_data.json
E_4_0_0_L_M_N_N_1997_4_2017.bmp308278,Non-Alcohol,C:\PycharmProjects\Alcohol Detection\dataset\Grupo_4\E_4_0\LG\E_4_0_0\E_4_0_0_R_10\via_region_data.json
E_4_0_0_L_M_N_N_1997_5_2017.bmp308278,Non-Alcohol,C:\PycharmProjects\Alcohol Detection\dataset\Grupo_4\E_4_0\LG\E_4_0_0\E_4_0_0_R_10\via_region_data.json
E_4_0_0_L_M_N_N_1997_6_2017.bmp308278,Non-Alcohol,C:\PycharmProjects\Alcohol Detection\dataset\Grupo_4\E_4_0\LG\E_4_0_0\E_4_0_0_R_10\via_region_data.json
E_4_0_0_L_M_N_N_1997_7_2017.bmp308278,Non-Alcohol,C:\PycharmProjects\Alcohol Detection\dataset\Grupo_4\E_4_0\LG\E_4_0_0\E_4_0_0_R_10\via_region_data.json
E_4_0_0_L_M_N_N_1997_8_2017.bmp308278,Non-Alcohol,C:\PycharmProjects\Alcohol Detection\dataset\Grupo_4\E_4_0\LG\E_4_0_0\E_4_0_0_R_10\via_region_data.json
E_4_0_0_L_M_N_N_1997_9_2017.bmp308278,Non-Alcohol,C:\PycharmProjects\Alcohol Detection\dataset\Grupo_4\E_4_0\LG\E_4_0_0\E_4_0_0_R_10\via_region_data.json
E_4_0_0_R_M_N_N_1997_0_2017.bmp308278,Non-Alcohol,C:\PycharmProjects\Alcohol Detection\dataset\Grupo_4\E_4_0\LG\E_4_0_0\E_4_0_0_R_10\via_region_data.json
E_4_0_0_R_M_N_N_1997_1_2017.bmp308278,Non-Alcohol,C:\PycharmProjects\Alcohol Detection\dataset\Grupo_4\E_4_0\LG\E_4_0_0\E_4_0_0_R_10\via_region_data.json
E_4_0_0_R_M_N_N_1997_2_2017.bmp308278,Non-Alcohol,C:\PycharmProjects\Alcohol Detection\dataset\Grupo_4\E_4_0\LG\E_4_0_0\E_4_0_0_R_10\via_region_data.json
E_4_0_0_R_M_N_N_1997_3_2017.bmp308278,Non-Alcohol,C:\PycharmProjects\Alcohol Detection\dataset\Grupo_4\E_4_0\LG\E_4_0_0\E_4_0_0_R_10\via_region_data.json
E_4_0_0_R_M_N_N_1997_4_2017.bmp308278,Non-Alcohol,C:\PycharmProjects\Alcohol Detection\dataset\Grupo_4\E_4_0\LG\E_4_0_0\E_4_0_0_R_10\via_region_data.json
E_4_0_0_R_M_N_N_1997_5_2017.bmp308278,Non-Alcohol,C:\PycharmProjects\Alcohol Detection\dataset\Grupo_4\E_4_0\LG\E_4_0_0\E_4_0_0_R_10\via_region_data.json
E_4_0_0_R_M_N_N_1997_6_2017.bmp308278,Non-Alcohol,C:\PycharmProjects\Alcohol Detection\dataset\Grupo_4\E_4_0\LG\E_4_0_0\E_4_0_0_R_10\via_region_data.json
E_4_0_0_R_M_N_N_1997_7_2017.bmp308278,Non-Alcohol,C:\PycharmProjects\Alcohol Detection\dataset\Grupo_4\E_4_0\LG\E_4_0_0\E_4_0_0_R_10\via_region_data.json
E_4_0_0_R_M_N_N_1997_8_2017.bmp308278,Non-Alcohol,C:\PycharmProjects\Alcohol Detection\dataset\Grupo_4\E_4_0\LG\E_4_0_0\E_4_0_0_R_10\via_region_data.json
E_4_0_0_R_M_N_N_1997_9_2017.bmp308278,Non-Alcohol,C:\PycharmProjects\Alcohol Detection\dataset\Grupo_4\E_4_0\LG\E_4_0_0\E_4_0_0_R_10\via_region_data.json
E_4_0_1_L_M_N_N_1997_0_2017.bmp308278,Non-Alcohol,C:\PycharmProjects\Alcohol Detection\dataset\Grupo_4\E_4_0\LG\E_4_0_1\E_4_0_1_R_10\via_region_data.json
E_4_0_1_L_M_N_N_1997_1_2017.bmp308278,Non-Alcohol,C:\PycharmProjects\Alcohol Detection\dataset\Grupo_4\E_4_0\LG\E_4_0_1\E_4_0_1_R_10\via_region_data.json
E_4_0_1_L_M_N_N_1997_2_2017.bmp308278,Non-Alcohol,C:\PycharmProjects\Alcohol Detection\dataset\Grupo_4\E_4_0\LG\E_4_0_1\E_4_0_1_R_10\via_region_data.json
E_4_0_1_L_M_N_N_1997_3_2017.bmp308278,Non-Alcohol,C:\PycharmProjects\Alcohol Detection\dataset\Grupo_4\E_4_0\LG\E_4_0_1\E_4_0_1_R_10\via_region_data.json
E_4_0_1_L_M_N_N_1997_4_2017.bmp308278,Non-Alcohol,C:\PycharmProjects\Alcohol Detection\dataset\Grupo_4\E_4_0\LG\E_4_0_1\E_4_0_1_R_10\via_region_data.json
E_4_0_1_L_M_N_N_1997_5_2017.bmp308278,Non-Alcohol,C:\PycharmProjects\Alcohol Detection\dataset\Grupo_4\E_4_0\LG\E_4_0_1\E_4_0_1_R_10\via_region_data.json
E_4_0_1_L_M_N_N_1997_6_2017.bmp308278,Non-Alcohol,C:\PycharmProjects\Alcohol Detection\dataset\Grupo_4\E_4_0\LG\E_4_0_1\E_4_0_1_R_10\via_region_data.json
E_4_0_1_L_M_N_N_1997_7_2017.bmp308278,Non-Alcohol,C:\PycharmProjects\Alcohol Detection\dataset\Grupo_4\E_4_0\LG\E_4_0_1\E_4_0_1_R_10\via_region_data.json
E_4_0_1_L_M_N_N_1997_8_2017.bmp308278,Non-Alcohol,C:\PycharmProjects\Alcohol Detection\dataset\Grupo_4\E_4_0\LG\E_4_0_1\E_4_0_1_R_10\via_region_data.json
E_4_0_1_L_M_N_N_1997_9_2017.bmp308278,Non-Alcohol,C:\PycharmProjects\Alcohol Detection\dataset\Grupo_4\E_4_0\LG\E_4_0_1\E_4_0_1_R_10\via_region_data.json
E_4_0_1_R_M_N_N_1997_0_2017.bmp308278,Non-Alcohol,C:\PycharmProjects\Alcohol Detection\dataset\Grupo_4\E_4_0\LG\E_4_0_1\E_4_0_1_R_10\via_region_data.json
E_4_0_1_R_M_N_N_1997_1_2017.bmp308278,Non-Alcohol,C:\PycharmProjects\Alcohol Detection\dataset\Grupo_4\E_4_0\LG\E_4_0_1\E_4_0_1_R_10\via_region_data.json
E_4_0_1_R_M_N_N_1997_2_2017.bmp308278,Non-Alcohol,C:\PycharmProjects\Alcohol Detection\dataset\Grupo_4\E_4_0\LG\E_4_0_1\E_4_0_1_R_10\via_region_data.json
E_4_0_1_R_M_N_N_1997_3_2017.bmp308278,Non-Alcohol,C:\PycharmProjects\Alcohol Detection\dataset\Grupo_4\E_4_0\LG\E_4_0_1\E_4_0_1_R_10\via_region_data.json
E_4_0_1_R_M_N_N_1997_4_2017.bmp308278,Non-Alcohol,C:\PycharmProjects\Alcohol Detection\dataset\Grupo_4\E_4_0\LG\E_4_0_1\E_4_0_1_R_10\via_region_data.json
E_4_0_1_R_M_N_N_1997_5_2017.bmp308278,Non-Alcohol,C:\PycharmProjects\Alcohol Detection\dataset\Grupo_4\E_4_0\LG\E_4_0_1\E_4_0_1_R_10\via_region_data.json
E_4_0_1_R_M_N_N_1997_6_2017.bmp308278,Non-Alcohol,C:\PycharmProjects\Alcohol Detection\dataset\Grupo_4\E_4_0\LG\E_4_0_1\E_4_0_1_R_10\via_region_data.json
E_4_0_1_R_M_N_N_1997_7_2017.bmp308278,Non-Alcohol,C:\PycharmProjects\Alcohol Detection\dataset\Grupo_4\E_4_0\LG\E_4_0_1\E_4_0_1_R_10\via_region_data.json
E_4_0_1_R_M_N_N_1997_8_2017.bmp308278,Non-Alcohol,C:\PycharmProjects\Alcohol Detection\dataset\Grupo_4\E_4_0\LG\E_4_0_1\E_4_0_1_R_10\via_region_data.json
E_4_0_1_R_M_N_N_1997_9_2017.bmp308278,Non-Alcohol,C:\PycharmProjects\Alcohol Detection\dataset\Grupo_4\E_4_0\LG\E_4_0_1\E_4_0_1_R_10\via_region_data.json
E_4_0_2_L_M_N_N_1997_0_2017.bmp308278,Non-Alcohol,C:\PycharmProjects\Alcohol Detection\dataset\Grupo_4\E_4_0\LG\E_4_0_2\E_4_0_2_R_10\via_region_data.json
E_4_0_2_L_M_N_N_1997_1_2017.bmp308278,Non-Alcohol,C:\PycharmProjects\Alcohol Detection\dataset\Grupo_4\E_4_0\LG\E_4_0_2\E_4_0_2_R_10\via_region_data.json
E_4_0_2_L_M_N_N_1997_2_2017.bmp308278,Non-Alcohol,C:\PycharmProjects\Alcohol Detection\dataset\Grupo_4\E_4_0\LG\E_4_0_2\E_4_0_2_R_10\via_region_data.json
E_4_0_2_L_M_N_N_1997_3_2017.bmp308278,Non-Alcohol,C:\PycharmProjects\Alcohol Detection\dataset\Grupo_4\E_4_0\LG\E_4_0_2\E_4_0_2_R_10\via_region_data.json
E_4_0_2_L_M_N_N_1997_4_2017.bmp308278,Non-Alcohol,C:\PycharmProjects\Alcohol Detection\dataset\Grupo_4\E_4_0\LG\E_4_0_2\E_4_0_2_R_10\via_region_data.json
E_4_0_2_L_M_N_N_1997_5_2017.bmp308278,Non-Alcohol,C:\PycharmProjects\Alcohol Detection\dataset\Grupo_4\E_4_0\LG\E_4_0_2\E_4_0_2_R_10\via_region_data.json
E_4_0_2_L_M_N_N_1997_6_2017.bmp308278,Non-Alcohol,C:\PycharmProjects\Alcohol Detection\dataset\Grupo_4\E_4_0\LG\E_4_0_2\E_4_0_2_R_10\via_region_data.json
E_4_0_2_L_M_N_N_1997_7_2017.bmp308278,Non-Alcohol,C:\PycharmProjects\Alcohol Detection\dataset\Grupo_4\E_4_0\LG\E_4_0_2\E_4_0_2_R_10\via_region_data.json
E_4_0_2_L_M_N_N_1997_8_2017.bmp308278,Non-Alcohol,C:\PycharmProjects\Alcohol Detection\dataset\Grupo_4\E_4_0\LG\E_4_0_2\E_4_0_2_R_10\via_region_data.json
E_4_0_2_L_M_N_N_1997_9_2017.bmp308278,Non-Alcohol,C:\PycharmProjects\Alcohol Detection\dataset\Grupo_4\E_4_0\LG\E_4_0_2\E_4_0_2_R_10\via_region_data.json
E_4_0_2_R_M_N_N_1997_0_2017.bmp308278,Non-Alcohol,C:\PycharmProjects\Alcohol Detection\dataset\Grupo_4\E_4_0\LG\E_4_0_2\E_4_0_2_R_10\via_region_data.json
E_4_0_2_R_M_N_N_1997_1_2017.bmp308278,Non-Alcohol,C:\PycharmProjects\Alcohol Detection\dataset\Grupo_4\E_4_0\LG\E_4_0_2\E_4_0_2_R_10\via_region_data.json
E_4_0_2_R_M_N_N_1997_2_2017.bmp308278,Non-Alcohol,C:\PycharmProjects\Alcohol Detection\dataset\Grupo_4\E_4_0\LG\E_4_0_2\E_4_0_2_R_10\via_region_data.json
E_4_0_2_R_M_N_N_1997_3_2017.bmp308278,Non-Alcohol,C:\PycharmProjects\Alcohol Detection\dataset\Grupo_4\E_4_0\LG\E_4_0_2\E_4_0_2_R_10\via_region_data.json
E_4_0_2_R_M_N_N_1997_4_2017.bmp308278,Non-Alcohol,C:\PycharmProjects\Alcohol Detection\dataset\Grupo_4\E_4_0\LG\E_4_0_2\E_4_0_2_R_10\via_region_data.json
E_4_0_2_R_M_N_N_1997_5_2017.bmp308278,Non-Alcohol,C:\PycharmProjects\Alcohol Detection\dataset\Grupo_4\E_4_0\LG\E_4_0_2\E_4_0_2_R_10\via_region_data.json
E_4_0_2_R_M_N_N_1997_6_2017.bmp308278,Non-Alcohol,C:\PycharmProjects\Alcohol Detection\dataset\Grupo_4\E_4_0\LG\E_4_0_2\E_4_0_2_R_10\via_region_data.json
E_4_0_2_R_M_N_N_1997_7_2017.bmp308278,Non-Alcohol,C:\PycharmProjects\Alcohol Detection\dataset\Grupo_4\E_4_0\LG\E_4_0_2\E_4_0_2_R_10\via_region_data.json
E_4_0_2_R_M_N_N_1997_8_2017.bmp308278,Non-Alcohol,C:\PycharmProjects\Alcohol Detection\dataset\Grupo_4\E_4_0\LG\E_4_0_2\E_4_0_2_R_10\via_region_data.json
E_4_0_2_R_M_N_N_1997_9_2017.bmp308278,Non-Alcohol,C:\PycharmProjects\Alcohol Detection\dataset\Grupo_4\E_4_0\LG\E_4_0_2\E_4_0_2_R_10\via_region_data.json
E_4_0_3_L_M_N_N_1997_0_2017.bmp308278,Non-Alcohol,C:\PycharmProjects\Alcohol Detection\dataset\Grupo_4\E_4_0\LG\E_4_0_3\E_4_0_3_R_10\via_region_data.json
E_4_0_3_L_M_N_N_1997_1_2017.bmp308278,Non-Alcohol,C:\PycharmProjects\Alcohol Detection\dataset\Grupo_4\E_4_0\LG\E_4_0_3\E_4_0_3_R_10\via_region_data.json
E_4_0_3_L_M_N_N_1997_2_2017.bmp308278,Non-Alcohol,C:\PycharmProjects\Alcohol Detection\dataset\Grupo_4\E_4_0\LG\E_4_0_3\E_4_0_3_R_10\via_region_data.json
E_4_0_3_L_M_N_N_1997_3_2017.bmp308278,Non-Alcohol,C:\PycharmProjects\Alcohol Detection\dataset\Grupo_4\E_4_0\LG\E_4_0_3\E_4_0_3_R_10\via_region_data.json
E_4_0_3_L_M_N_N_1997_4_2017.bmp308278,Non-Alcohol,C:\PycharmProjects\Alcohol Detection\dataset\Grupo_4\E_4_0\LG\E_4_0_3\E_4_0_3_R_10\via_region_data.json
E_4_0_3_L_M_N_N_1997_5_2017.bmp308278,Non-Alcohol,C:\PycharmProjects\Alcohol Detection\dataset\Grupo_4\E_4_0\LG\E_4_0_3\E_4_0_3_R_10\via_region_data.json
E_4_0_3_L_M_N_N_1997_6_2017.bmp308278,Non-Alcohol,C:\PycharmProjects\Alcohol Detection\dataset\Grupo_4\E_4_0\LG\E_4_0_3\E_4_0_3_R_10\via_region_data.json
E_4_0_3_L_M_N_N_1997_7_2017.bmp308278,Non-Alcohol,C:\PycharmProjects\Alcohol Detection\dataset\Grupo_4\E_4_0\LG\E_4_0_3\E_4_0_3_R_10\via_region_data.json
E_4_0_3_L_M_N_N_1997_8_2017.bmp308278,Non-Alcohol,C:\PycharmProjects\Alcohol Detection\dataset\Grupo_4\E_4_0\LG\E_4_0_3\E_4_0_3_R_10\via_region_data.json
E_4_0_3_L_M_N_N_1997_9_2017.bmp308278,Non-Alcohol,C:\PycharmProjects\Alcohol Detection\dataset\Grupo_4\E_4_0\LG\E_4_0_3\E_4_0_3_R_10\via_region_data.json
E_4_0_3_R_M_N_N_1997_0_2017.bmp308278,Non-Alcohol,C:\PycharmProjects\Alcohol Detection\dataset\Grupo_4\E_4_0\LG\E_4_0_3\E_4_0_3_R_10\via_region_data.json
E_4_0_3_R_M_N_N_1997_1_2017.bmp308278,Non-Alcohol,C:\PycharmProjects\Alcohol Detection\dataset\Grupo_4\E_4_0\LG\E_4_0_3\E_4_0_3_R_10\via_region_data.json
E_4_0_3_R_M_N_N_1997_2_2017.bmp308278,Non-Alcohol,C:\PycharmProjects\Alcohol Detection\dataset\Grupo_4\E_4_0\LG\E_4_0_3\E_4_0_3_R_10\via_region_data.json
E_4_0_3_R_M_N_N_1997_3_2017.bmp308278,Non-Alcohol,C:\PycharmProjects\Alcohol Detection\dataset\Grupo_4\E_4_0\LG\E_4_0_3\E_4_0_3_R_10\via_region_data.json
E_4_0_3_R_M_N_N_1997_4_2017.bmp308278,Non-Alcohol,C:\PycharmProjects\Alcohol Detection\dataset\Grupo_4\E_4_0\LG\E_4_0_3\E_4_0_3_R_10\via_region_data.json
E_4_0_3_R_M_N_N_1997_5_2017.bmp308278,Non-Alcohol,C:\PycharmProjects\Alcohol Detection\dataset\Grupo_4\E_4_0\LG\E_4_0_3\E_4_0_3_R_10\via_region_data.json
E_4_0_3_R_M_N_N_1997_6_2017.bmp308278,Non-Alcohol,C:\PycharmProjects\Alcohol Detection\dataset\Grupo_4\E_4_0\LG\E_4_0_3\E_4_0_3_R_10\via_region_data.json
E_4_0_3_R_M_N_N_1997_7_2017.bmp308278,Non-Alcohol,C:\PycharmProjects\Alcohol Detection\dataset\Grupo_4\E_4_0\LG\E_4_0_3\E_4_0_3_R_10\via_region_data.json
E_4_0_3_R_M_N_N_1997_8_2017.bmp308278,Non-Alcohol,C:\PycharmProjects\Alcohol Detection\dataset\Grupo_4\E_4_0\LG\E_4_0_3\E_4_0_3_R_10\via_region_data.json
E_4_0_3_R_M_N_N_1997_9_2017.bmp308278,Non-Alcohol,C:\PycharmProjects\Alcohol Detection\dataset\Grupo_4\E_4_0\LG\E_4_0_3\E_4_0_3_R_10\via_region_data.json
E_4_0_4_L_M_N_N_1997_0_2017.bmp308278,Non-Alcohol,C:\PycharmProjects\Alcohol Detection\dataset\Grupo_4\E_4_0\LG\E_4_0_4\E_4_0_4_R_10\via_region_data.json
E_4_0_4_L_M_N_N_1997_1_2017.bmp308278,Non-Alcohol,C:\PycharmProjects\Alcohol Detection\dataset\Grupo_4\E_4_0\LG\E_4_0_4\E_4_0_4_R_10\via_region_data.json
E_4_0_4_L_M_N_N_1997_2_2017.bmp308278,Non-Alcohol,C:\PycharmProjects\Alcohol Detection\dataset\Grupo_4\E_4_0\LG\E_4_0_4\E_4_0_4_R_10\via_region_data.json
E_4_0_4_L_M_N_N_1997_3_2017.bmp308278,Non-Alcohol,C:\PycharmProjects\Alcohol Detection\dataset\Grupo_4\E_4_0\LG\E_4_0_4\E_4_0_4_R_10\via_region_data.json
E_4_0_4_L_M_N_N_1997_4_2017.bmp308278,Non-Alcohol,C:\PycharmProjects\Alcohol Detection\dataset\Grupo_4\E_4_0\LG\E_4_0_4\E_4_0_4_R_10\via_region_data.json
E_4_0_4_L_M_N_N_1997_5_2017.bmp308278,Non-Alcohol,C:\PycharmProjects\Alcohol Detection\dataset\Grupo_4\E_4_0\LG\E_4_0_4\E_4_0_4_R_10\via_region_data.json
E_4_0_4_L_M_N_N_1997_6_2017.bmp308278,Non-Alcohol,C:\PycharmProjects\Alcohol Detection\dataset\Grupo_4\E_4_0\LG\E_4_0_4\E_4_0_4_R_10\via_region_data.json
E_4_0_4_L_M_N_N_1997_7_2017.bmp308278,Non-Alcohol,C:\PycharmProjects\Alcohol Detection\dataset\Grupo_4\E_4_0\LG\E_4_0_4\E_4_0_4_R_10\via_region_data.json
E_4_0_4_L_M_N_N_1997_8_2017.bmp308278,Non-Alcohol,C:\PycharmProjects\Alcohol Detection\dataset\Grupo_4\E_4_0\LG\E_4_0_4\E_4_0_4_R_10\via_region_data.json
E_4_0_4_L_M_N_N_1997_9_2017.bmp308278,Non-Alcohol,C:\PycharmProjects\Alcohol Detection\dataset\Grupo_4\E_4_0\LG\E_4_0_4\E_4_0_4_R_10\via_region_data.json
E_4_0_4_R_M_N_N_1997_0_2017.bmp308278,Non-Alcohol,C:\PycharmProjects\Alcohol Detection\dataset\Grupo_4\E_4_0\LG\E_4_0_4\E_4_0_4_R_10\via_region_data.json
E_4_0_4_R_M_N_N_1997_1_2017.bmp308278,Non-Alcohol,C:\PycharmProjects\Alcohol Detection\dataset\Grupo_4\E_4_0\LG\E_4_0_4\E_4_0_4_R_10\via_region_data.json
E_4_0_4_R_M_N_N_1997_2_2017.bmp308278,Non-Alcohol,C:\PycharmProjects\Alcohol Detection\dataset\Grupo_4\E_4_0\LG\E_4_0_4\E_4_0_4_R_10\via_region_data.json
E_4_0_4_R_M_N_N_1997_3_2017.bmp308278,Non-Alcohol,C:\PycharmProjects\Alcohol Detection\dataset\Grupo_4\E_4_0\LG\E_4_0_4\E_4_0_4_R_10\via_region_data.json
E_4_0_4_R_M_N_N_1997_4_2017.bmp308278,Non-Alcohol,C:\PycharmProjects\Alcohol Detection\dataset\Grupo_4\E_4_0\LG\E_4_0_4\E_4_0_4_R_10\via_region_data.json
E_4_0_4_R_M_N_N_1997_5_2017.bmp308278,Non-Alcohol,C:\PycharmProjects\Alcohol Detection\dataset\Grupo_4\E_4_0\LG\E_4_0_4\E_4_0_4_R_10\via_region_data.json
E_4_0_4_R_M_N_N_1997_6_2017.bmp308278,Non-Alcohol,C:\PycharmProjects\Alcohol Detection\dataset\Grupo_4\E_4_0\LG\E_4_0_4\E_4_0_4_R_10\via_region_data.json
E_4_0_4_R_M_N_N_1997_7_2017.bmp308278,Non-Alcohol,C:\PycharmProjects\Alcohol Detection\dataset\Grupo_4\E_4_0\LG\E_4_0_4\E_4_0_4_R_10\via_region_data.json
E_4_0_4_R_M_N_N_1997_8_2017.bmp308278,Non-Alcohol,C:\PycharmProjects\Alcohol Detection\dataset\Grupo_4\E_4_0\LG\E_4_0_4\E_4_0_4_R_10\via_region_data.json
E_4_0_4_R_M_N_N_1997_9_2017.bmp308278,Non-Alcohol,C:\PycharmProjects\Alcohol Detection\dataset\Grupo_4\E_4_0\LG\E_4_0_4\E_4_0_4_R_10\via_region_data.json
E_4_1_0_L_M_N_N_1996_0_2017.bmp308278,Non-Alcohol,C:\PycharmProjects\Alcohol Detection\dataset\Grupo_4\E_4_1\Iritech\E_4_1_0\via_region_data.json
E_4_1_0_R_M_N_N_1996_0_2017.bmp308278,Non-Alcohol,C:\PycharmProjects\Alcohol Detection\dataset\Grupo_4\E_4_1\Iritech\E_4_1_0\via_region_data.json
E_4_1_1_L_M_N_N_1996_0_2017.bmp308278,Non-Alcohol,C:\PycharmProjects\Alcohol Detection\dataset\Grupo_4\E_4_1\Iritech\E_4_1_1\via_region_data.json
E_4_1_1_R_M_N_N_1996_0_2017.bmp308278,Non-Alcohol,C:\PycharmProjects\Alcohol Detection\dataset\Grupo_4\E_4_1\Iritech\E_4_1_1\via_region_data.json
E_4_1_2_L_M_N_N_1996_0_2017.bmp308278,Non-Alcohol,C:\PycharmProjects\Alcohol Detection\dataset\Grupo_4\E_4_1\Iritech\E_4_1_2\via_region_data.json
E_4_1_2_R_M_N_N_1996_0_2017.bmp308278,Non-Alcohol,C:\PycharmProjects\Alcohol Detection\dataset\Grupo_4\E_4_1\Iritech\E_4_1_2\via_region_data.json
E_4_1_3_L_M_N_N_1996_0_2017.bmp308278,Non-Alcohol,C:\PycharmProjects\Alcohol Detection\dataset\Grupo_4\E_4_1\Iritech\E_4_1_3\via_region_data.json
E_4_1_3_R_M_N_N_1996_0_2017.bmp308278,Non-Alcohol,C:\PycharmProjects\Alcohol Detection\dataset\Grupo_4\E_4_1\Iritech\E_4_1_3\via_region_data.json
E_4_1_0_L_M_N_N_1996_0_2017.bmp308278,Non-Alcohol,C:\PycharmProjects\Alcohol Detection\dataset\Grupo_4\E_4_1\LG\E_4_1_0\E_4_1_0_R_10\via_region_data.json
E_4_1_0_L_M_N_N_1996_1_2017.bmp308278,Non-Alcohol,C:\PycharmProjects\Alcohol Detection\dataset\Grupo_4\E_4_1\LG\E_4_1_0\E_4_1_0_R_10\via_region_data.json
E_4_1_0_L_M_N_N_1996_2_2017.bmp308278,Non-Alcohol,C:\PycharmProjects\Alcohol Detection\dataset\Grupo_4\E_4_1\LG\E_4_1_0\E_4_1_0_R_10\via_region_data.json
E_4_1_0_L_M_N_N_1996_3_2017.bmp308278,Non-Alcohol,C:\PycharmProjects\Alcohol Detection\dataset\Grupo_4\E_4_1\LG\E_4_1_0\E_4_1_0_R_10\via_region_data.json
E_4_1_0_L_M_N_N_1996_4_2017.bmp308278,Non-Alcohol,C:\PycharmProjects\Alcohol Detection\dataset\Grupo_4\E_4_1\LG\E_4_1_0\E_4_1_0_R_10\via_region_data.json
E_4_1_0_L_M_N_N_1996_5_2017.bmp308278,Non-Alcohol,C:\PycharmProjects\Alcohol Detection\dataset\Grupo_4\E_4_1\LG\E_4_1_0\E_4_1_0_R_10\via_region_data.json
E_4_1_0_L_M_N_N_1996_6_2017.bmp308278,Non-Alcohol,C:\PycharmProjects\Alcohol Detection\dataset\Grupo_4\E_4_1\LG\E_4_1_0\E_4_1_0_R_10\via_region_data.json
E_4_1_0_L_M_N_N_1996_7_2017.bmp308278,Non-Alcohol,C:\PycharmProjects\Alcohol Detection\dataset\Grupo_4\E_4_1\LG\E_4_1_0\E_4_1_0_R_10\via_region_data.json
E_4_1_0_L_M_N_N_1996_8_2017.bmp308278,Non-Alcohol,C:\PycharmProjects\Alcohol Detection\dataset\Grupo_4\E_4_1\LG\E_4_1_0\E_4_1_0_R_10\via_region_data.json
E_4_1_0_L_M_N_N_1996_9_2017.bmp308278,Non-Alcohol,C:\PycharmProjects\Alcohol Detection\dataset\Grupo_4\E_4_1\LG\E_4_1_0\E_4_1_0_R_10\via_region_data.json
E_4_1_0_R_M_N_N_1996_0_2017.bmp308278,Non-Alcohol,C:\PycharmProjects\Alcohol Detection\dataset\Grupo_4\E_4_1\LG\E_4_1_0\E_4_1_0_R_10\via_region_data.json
E_4_1_0_R_M_N_N_1996_1_2017.bmp308278,Non-Alcohol,C:\PycharmProjects\Alcohol Detection\dataset\Grupo_4\E_4_1\LG\E_4_1_0\E_4_1_0_R_10\via_region_data.json
E_4_1_0_R_M_N_N_1996_2_2017.bmp308278,Non-Alcohol,C:\PycharmProjects\Alcohol Detection\dataset\Grupo_4\E_4_1\LG\E_4_1_0\E_4_1_0_R_10\via_region_data.json
E_4_1_0_R_M_N_N_1996_3_2017.bmp308278,Non-Alcohol,C:\PycharmProjects\Alcohol Detection\dataset\Grupo_4\E_4_1\LG\E_4_1_0\E_4_1_0_R_10\via_region_data.json
E_4_1_0_R_M_N_N_1996_4_2017.bmp308278,Non-Alcohol,C:\PycharmProjects\Alcohol Detection\dataset\Grupo_4\E_4_1\LG\E_4_1_0\E_4_1_0_R_10\via_region_data.json
E_4_1_0_R_M_N_N_1996_5_2017.bmp308278,Non-Alcohol,C:\PycharmProjects\Alcohol Detection\dataset\Grupo_4\E_4_1\LG\E_4_1_0\E_4_1_0_R_10\via_region_data.json
E_4_1_0_R_M_N_N_1996_6_2017.bmp308278,Non-Alcohol,C:\PycharmProjects\Alcohol Detection\dataset\Grupo_4\E_4_1\LG\E_4_1_0\E_4_1_0_R_10\via_region_data.json
E_4_1_0_R_M_N_N_1996_7_2017.bmp308278,Non-Alcohol,C:\PycharmProjects\Alcohol Detection\dataset\Grupo_4\E_4_1\LG\E_4_1_0\E_4_1_0_R_10\via_region_data.json
E_4_1_0_R_M_N_N_1996_8_2017.bmp308278,Non-Alcohol,C:\PycharmProjects\Alcohol Detection\dataset\Grupo_4\E_4_1\LG\E_4_1_0\E_4_1_0_R_10\via_region_data.json
E_4_1_0_R_M_N_N_1996_9_2017.bmp308278,Non-Alcohol,C:\PycharmProjects\Alcohol Detection\dataset\Grupo_4\E_4_1\LG\E_4_1_0\E_4_1_0_R_10\via_region_data.json
E_4_1_1_L_M_N_N_1996_0_2017.bmp308278,Non-Alcohol,C:\PycharmProjects\Alcohol Detection\dataset\Grupo_4\E_4_1\LG\E_4_1_1\E_4_1_1_R_10\via_region_data.json
E_4_1_1_L_M_N_N_1996_1_2017.bmp308278,Alcohol,C:\PycharmProjects\Alcohol Detection\dataset\Grupo_4\E_4_1\LG\E_4_1_1\E_4_1_1_R_10\via_region_data.json
E_4_1_1_L_M_N_N_1996_2_2017.bmp308278,Alcohol,C:\PycharmProjects\Alcohol Detection\dataset\Grupo_4\E_4_1\LG\E_4_1_1\E_4_1_1_R_10\via_region_data.json
E_4_1_1_L_M_N_N_1996_3_2017.bmp308278,Alcohol,C:\PycharmProjects\Alcohol Detection\dataset\Grupo_4\E_4_1\LG\E_4_1_1\E_4_1_1_R_10\via_region_data.json
E_4_1_1_L_M_N_N_1996_4_2017.bmp308278,Alcohol,C:\PycharmProjects\Alcohol Detection\dataset\Grupo_4\E_4_1\LG\E_4_1_1\E_4_1_1_R_10\via_region_data.json
E_4_1_1_L_M_N_N_1996_5_2017.bmp308278,Alcohol,C:\PycharmProjects\Alcohol Detection\dataset\Grupo_4\E_4_1\LG\E_4_1_1\E_4_1_1_R_10\via_region_data.json
E_4_1_1_L_M_N_N_1996_6_2017.bmp308278,Alcohol,C:\PycharmProjects\Alcohol Detection\dataset\Grupo_4\E_4_1\LG\E_4_1_1\E_4_1_1_R_10\via_region_data.json
E_4_1_1_L_M_N_N_1996_7_2017.bmp308278,Alcohol,C:\PycharmProjects\Alcohol Detection\dataset\Grupo_4\E_4_1\LG\E_4_1_1\E_4_1_1_R_10\via_region_data.json
E_4_1_1_L_M_N_N_1996_8_2017.bmp308278,Alcohol,C:\PycharmProjects\Alcohol Detection\dataset\Grupo_4\E_4_1\LG\E_4_1_1\E_4_1_1_R_10\via_region_data.json
E_4_1_1_L_M_N_N_1996_9_2017.bmp308278,Alcohol,C:\PycharmProjects\Alcohol Detection\dataset\Grupo_4\E_4_1\LG\E_4_1_1\E_4_1_1_R_10\via_region_data.json
E_4_1_1_R_M_N_N_1996_0_2017.bmp308278,Non-Alcohol,C:\PycharmProjects\Alcohol Detection\dataset\Grupo_4\E_4_1\LG\E_4_1_1\E_4_1_1_R_10\via_region_data.json
E_4_1_1_R_M_N_N_1996_1_2017.bmp308278,Alcohol,C:\PycharmProjects\Alcohol Detection\dataset\Grupo_4\E_4_1\LG\E_4_1_1\E_4_1_1_R_10\via_region_data.json
E_4_1_1_R_M_N_N_1996_2_2017.bmp308278,Alcohol,C:\PycharmProjects\Alcohol Detection\dataset\Grupo_4\E_4_1\LG\E_4_1_1\E_4_1_1_R_10\via_region_data.json
E_4_1_1_R_M_N_N_1996_3_2017.bmp308278,Alcohol,C:\PycharmProjects\Alcohol Detection\dataset\Grupo_4\E_4_1\LG\E_4_1_1\E_4_1_1_R_10\via_region_data.json
E_4_1_1_R_M_N_N_1996_4_2017.bmp308278,Alcohol,C:\PycharmProjects\Alcohol Detection\dataset\Grupo_4\E_4_1\LG\E_4_1_1\E_4_1_1_R_10\via_region_data.json
E_4_1_1_R_M_N_N_1996_5_2017.bmp308278,Alcohol,C:\PycharmProjects\Alcohol Detection\dataset\Grupo_4\E_4_1\LG\E_4_1_1\E_4_1_1_R_10\via_region_data.json
E_4_1_1_R_M_N_N_1996_6_2017.bmp308278,Alcohol,C:\PycharmProjects\Alcohol Detection\dataset\Grupo_4\E_4_1\LG\E_4_1_1\E_4_1_1_R_10\via_region_data.json
E_4_1_1_R_M_N_N_1996_7_2017.bmp308278,Alcohol,C:\PycharmProjects\Alcohol Detection\dataset\Grupo_4\E_4_1\LG\E_4_1_1\E_4_1_1_R_10\via_region_data.json
E_4_1_1_R_M_N_N_1996_8_2017.bmp308278,Alcohol,C:\PycharmProjects\Alcohol Detection\dataset\Grupo_4\E_4_1\LG\E_4_1_1\E_4_1_1_R_10\via_region_data.json
E_4_1_1_R_M_N_N_1996_9_2017.bmp308278,Alcohol,C:\PycharmProjects\Alcohol Detection\dataset\Grupo_4\E_4_1\LG\E_4_1_1\E_4_1_1_R_10\via_region_data.json
E_4_1_2_L_M_N_N_1996_0_2017.bmp308278,Non-Alcohol,C:\PycharmProjects\Alcohol Detection\dataset\Grupo_4\E_4_1\LG\E_4_1_2\E_4_1_2_R_10\via_region_data.json
E_4_1_2_L_M_N_N_1996_1_2017.bmp308278,Alcohol,C:\PycharmProjects\Alcohol Detection\dataset\Grupo_4\E_4_1\LG\E_4_1_2\E_4_1_2_R_10\via_region_data.json
E_4_1_2_L_M_N_N_1996_2_2017.bmp308278,Alcohol,C:\PycharmProjects\Alcohol Detection\dataset\Grupo_4\E_4_1\LG\E_4_1_2\E_4_1_2_R_10\via_region_data.json
E_4_1_2_L_M_N_N_1996_3_2017.bmp308278,Alcohol,C:\PycharmProjects\Alcohol Detection\dataset\Grupo_4\E_4_1\LG\E_4_1_2\E_4_1_2_R_10\via_region_data.json
E_4_1_2_L_M_N_N_1996_4_2017.bmp308278,Alcohol,C:\PycharmProjects\Alcohol Detection\dataset\Grupo_4\E_4_1\LG\E_4_1_2\E_4_1_2_R_10\via_region_data.json
E_4_1_2_L_M_N_N_1996_5_2017.bmp308278,Alcohol,C:\PycharmProjects\Alcohol Detection\dataset\Grupo_4\E_4_1\LG\E_4_1_2\E_4_1_2_R_10\via_region_data.json
E_4_1_2_L_M_N_N_1996_6_2017.bmp308278,Alcohol,C:\PycharmProjects\Alcohol Detection\dataset\Grupo_4\E_4_1\LG\E_4_1_2\E_4_1_2_R_10\via_region_data.json
E_4_1_2_L_M_N_N_1996_7_2017.bmp308278,Alcohol,C:\PycharmProjects\Alcohol Detection\dataset\Grupo_4\E_4_1\LG\E_4_1_2\E_4_1_2_R_10\via_region_data.json
E_4_1_2_L_M_N_N_1996_8_2017.bmp308278,Alcohol,C:\PycharmProjects\Alcohol Detection\dataset\Grupo_4\E_4_1\LG\E_4_1_2\E_4_1_2_R_10\via_region_data.json
E_4_1_2_L_M_N_N_1996_9_2017.bmp308278,Alcohol,C:\PycharmProjects\Alcohol Detection\dataset\Grupo_4\E_4_1\LG\E_4_1_2\E_4_1_2_R_10\via_region_data.json
E_4_1_2_R_M_N_N_1996_0_2017.bmp308278,Non-Alcohol,C:\PycharmProjects\Alcohol Detection\dataset\Grupo_4\E_4_1\LG\E_4_1_2\E_4_1_2_R_10\via_region_data.json
E_4_1_2_R_M_N_N_1996_1_2017.bmp308278,Alcohol,C:\PycharmProjects\Alcohol Detection\dataset\Grupo_4\E_4_1\LG\E_4_1_2\E_4_1_2_R_10\via_region_data.json
E_4_1_2_R_M_N_N_1996_2_2017.bmp308278,Alcohol,C:\PycharmProjects\Alcohol Detection\dataset\Grupo_4\E_4_1\LG\E_4_1_2\E_4_1_2_R_10\via_region_data.json
E_4_1_2_R_M_N_N_1996_3_2017.bmp308278,Alcohol,C:\PycharmProjects\Alcohol Detection\dataset\Grupo_4\E_4_1\LG\E_4_1_2\E_4_1_2_R_10\via_region_data.json
E_4_1_2_R_M_N_N_1996_4_2017.bmp308278,Alcohol,C:\PycharmProjects\Alcohol Detection\dataset\Grupo_4\E_4_1\LG\E_4_1_2\E_4_1_2_R_10\via_region_data.json
E_4_1_2_R_M_N_N_1996_5_2017.bmp308278,Alcohol,C:\PycharmProjects\Alcohol Detection\dataset\Grupo_4\E_4_1\LG\E_4_1_2\E_4_1_2_R_10\via_region_data.json
E_4_1_2_R_M_N_N_1996_6_2017.bmp308278,Alcohol,C:\PycharmProjects\Alcohol Detection\dataset\Grupo_4\E_4_1\LG\E_4_1_2\E_4_1_2_R_10\via_region_data.json
E_4_1_2_R_M_N_N_1996_7_2017.bmp308278,Alcohol,C:\PycharmProjects\Alcohol Detection\dataset\Grupo_4\E_4_1\LG\E_4_1_2\E_4_1_2_R_10\via_region_data.json
E_4_1_2_R_M_N_N_1996_8_2017.bmp308278,Alcohol,C:\PycharmProjects\Alcohol Detection\dataset\Grupo_4\E_4_1\LG\E_4_1_2\E_4_1_2_R_10\via_region_data.json
E_4_1_2_R_M_N_N_1996_9_2017.bmp308278,Alcohol,C:\PycharmProjects\Alcohol Detection\dataset\Grupo_4\E_4_1\LG\E_4_1_2\E_4_1_2_R_10\via_region_data.json
E_4_1_3_L_M_N_N_1997_0_2017.bmp308278,Non-Alcohol,C:\PycharmProjects\Alcohol Detection\dataset\Grupo_4\E_4_1\LG\E_4_1_3\E_4_1_3_R_10\via_region_data.json
E_4_1_3_L_M_N_N_1997_1_2017.bmp308278,Alcohol,C:\PycharmProjects\Alcohol Detection\dataset\Grupo_4\E_4_1\LG\E_4_1_3\E_4_1_3_R_10\via_region_data.json
E_4_1_3_L_M_N_N_1997_2_2017.bmp308278,Alcohol,C:\PycharmProjects\Alcohol Detection\dataset\Grupo_4\E_4_1\LG\E_4_1_3\E_4_1_3_R_10\via_region_data.json
E_4_1_3_L_M_N_N_1997_3_2017.bmp308278,Alcohol,C:\PycharmProjects\Alcohol Detection\dataset\Grupo_4\E_4_1\LG\E_4_1_3\E_4_1_3_R_10\via_region_data.json
E_4_1_3_L_M_N_N_1997_4_2017.bmp308278,Alcohol,C:\PycharmProjects\Alcohol Detection\dataset\Grupo_4\E_4_1\LG\E_4_1_3\E_4_1_3_R_10\via_region_data.json
E_4_1_3_L_M_N_N_1997_5_2017.bmp308278,Alcohol,C:\PycharmProjects\Alcohol Detection\dataset\Grupo_4\E_4_1\LG\E_4_1_3\E_4_1_3_R_10\via_region_data.json
E_4_1_3_L_M_N_N_1997_6_2017.bmp308278,Alcohol,C:\PycharmProjects\Alcohol Detection\dataset\Grupo_4\E_4_1\LG\E_4_1_3\E_4_1_3_R_10\via_region_data.json
E_4_1_3_L_M_N_N_1997_7_2017.bmp308278,Alcohol,C:\PycharmProjects\Alcohol Detection\dataset\Grupo_4\E_4_1\LG\E_4_1_3\E_4_1_3_R_10\via_region_data.json
E_4_1_3_L_M_N_N_1997_8_2017.bmp308278,Alcohol,C:\PycharmProjects\Alcohol Detection\dataset\Grupo_4\E_4_1\LG\E_4_1_3\E_4_1_3_R_10\via_region_data.json
E_4_1_3_L_M_N_N_1997_9_2017.bmp308278,Alcohol,C:\PycharmProjects\Alcohol Detection\dataset\Grupo_4\E_4_1\LG\E_4_1_3\E_4_1_3_R_10\via_region_data.json
E_4_1_3_R_M_N_N_1997_0_2017.bmp308278,Non-Alcohol,C:\PycharmProjects\Alcohol Detection\dataset\Grupo_4\E_4_1\LG\E_4_1_3\E_4_1_3_R_10\via_region_data.json
E_4_1_3_R_M_N_N_1997_1_2017.bmp308278,Alcohol,C:\PycharmProjects\Alcohol Detection\dataset\Grupo_4\E_4_1\LG\E_4_1_3\E_4_1_3_R_10\via_region_data.json
E_4_1_3_R_M_N_N_1997_2_2017.bmp308278,Alcohol,C:\PycharmProjects\Alcohol Detection\dataset\Grupo_4\E_4_1\LG\E_4_1_3\E_4_1_3_R_10\via_region_data.json
E_4_1_3_R_M_N_N_1997_3_2017.bmp308278,Alcohol,C:\PycharmProjects\Alcohol Detection\dataset\Grupo_4\E_4_1\LG\E_4_1_3\E_4_1_3_R_10\via_region_data.json
E_4_1_3_R_M_N_N_1997_4_2017.bmp308278,Alcohol,C:\PycharmProjects\Alcohol Detection\dataset\Grupo_4\E_4_1\LG\E_4_1_3\E_4_1_3_R_10\via_region_data.json
E_4_1_3_R_M_N_N_1997_5_2017.bmp308278,Alcohol,C:\PycharmProjects\Alcohol Detection\dataset\Grupo_4\E_4_1\LG\E_4_1_3\E_4_1_3_R_10\via_region_data.json
E_4_1_3_R_M_N_N_1997_6_2017.bmp308278,Alcohol,C:\PycharmProjects\Alcohol Detection\dataset\Grupo_4\E_4_1\LG\E_4_1_3\E_4_1_3_R_10\via_region_data.json
E_4_1_3_R_M_N_N_1997_7_2017.bmp308278,Alcohol,C:\PycharmProjects\Alcohol Detection\dataset\Grupo_4\E_4_1\LG\E_4_1_3\E_4_1_3_R_10\via_region_data.json
E_4_1_3_R_M_N_N_1997_8_2017.bmp308278,Alcohol,C:\PycharmProjects\Alcohol Detection\dataset\Grupo_4\E_4_1\LG\E_4_1_3\E_4_1_3_R_10\via_region_data.json
E_4_1_3_R_M_N_N_1997_9_2017.bmp308278,Alcohol,C:\PycharmProjects\Alcohol Detection\dataset\Grupo_4\E_4_1\LG\E_4_1_3\E_4_1_3_R_10\via_region_data.json
E_4_1_4_L_M_N_N_1996_0_2017.bmp308278,Non-Alcohol,C:\PycharmProjects\Alcohol Detection\dataset\Grupo_4\E_4_1\LG\E_4_1_4\E_4_1_4_R_10\via_region_data.json
E_4_1_4_L_M_N_N_1996_1_2017.bmp308278,Alcohol,C:\PycharmProjects\Alcohol Detection\dataset\Grupo_4\E_4_1\LG\E_4_1_4\E_4_1_4_R_10\via_region_data.json
E_4_1_4_L_M_N_N_1996_2_2017.bmp308278,Alcohol,C:\PycharmProjects\Alcohol Detection\dataset\Grupo_4\E_4_1\LG\E_4_1_4\E_4_1_4_R_10\via_region_data.json
E_4_1_4_L_M_N_N_1996_3_2017.bmp308278,Alcohol,C:\PycharmProjects\Alcohol Detection\dataset\Grupo_4\E_4_1\LG\E_4_1_4\E_4_1_4_R_10\via_region_data.json
E_4_1_4_L_M_N_N_1996_4_2017.bmp308278,Alcohol,C:\PycharmProjects\Alcohol Detection\dataset\Grupo_4\E_4_1\LG\E_4_1_4\E_4_1_4_R_10\via_region_data.json
E_4_1_4_L_M_N_N_1996_5_2017.bmp308278,Alcohol,C:\PycharmProjects\Alcohol Detection\dataset\Grupo_4\E_4_1\LG\E_4_1_4\E_4_1_4_R_10\via_region_data.json
E_4_1_4_L_M_N_N_1996_6_2017.bmp308278,Alcohol,C:\PycharmProjects\Alcohol Detection\dataset\Grupo_4\E_4_1\LG\E_4_1_4\E_4_1_4_R_10\via_region_data.json
E_4_1_4_L_M_N_N_1996_7_2017.bmp308278,Alcohol,C:\PycharmProjects\Alcohol Detection\dataset\Grupo_4\E_4_1\LG\E_4_1_4\E_4_1_4_R_10\via_region_data.json
E_4_1_4_L_M_N_N_1996_8_2017.bmp308278,Alcohol,C:\PycharmProjects\Alcohol Detection\dataset\Grupo_4\E_4_1\LG\E_4_1_4\E_4_1_4_R_10\via_region_data.json
E_4_1_4_L_M_N_N_1996_9_2017.bmp308278,Alcohol,C:\PycharmProjects\Alcohol Detection\dataset\Grupo_4\E_4_1\LG\E_4_1_4\E_4_1_4_R_10\via_region_data.json
E_4_1_4_R_M_N_N_1996_0_2017.bmp308278,Non-Alcohol,C:\PycharmProjects\Alcohol Detection\dataset\Grupo_4\E_4_1\LG\E_4_1_4\E_4_1_4_R_10\via_region_data.json
E_4_1_4_R_M_N_N_1996_1_2017.bmp308278,Alcohol,C:\PycharmProjects\Alcohol Detection\dataset\Grupo_4\E_4_1\LG\E_4_1_4\E_4_1_4_R_10\via_region_data.json
E_4_1_4_R_M_N_N_1996_2_2017.bmp308278,Alcohol,C:\PycharmProjects\Alcohol Detection\dataset\Grupo_4\E_4_1\LG\E_4_1_4\E_4_1_4_R_10\via_region_data.json
E_4_1_4_R_M_N_N_1996_3_2017.bmp308278,Alcohol,C:\PycharmProjects\Alcohol Detection\dataset\Grupo_4\E_4_1\LG\E_4_1_4\E_4_1_4_R_10\via_region_data.json
E_4_1_4_R_M_N_N_1996_4_2017.bmp308278,Alcohol,C:\PycharmProjects\Alcohol Detection\dataset\Grupo_4\E_4_1\LG\E_4_1_4\E_4_1_4_R_10\via_region_data.json
E_4_1_4_R_M_N_N_1996_5_2017.bmp308278,Alcohol,C:\PycharmProjects\Alcohol Detection\dataset\Grupo_4\E_4_1\LG\E_4_1_4\E_4_1_4_R_10\via_region_data.json
E_4_1_4_R_M_N_N_1996_6_2017.bmp308278,Alcohol,C:\PycharmProjects\Alcohol Detection\dataset\Grupo_4\E_4_1\LG\E_4_1_4\E_4_1_4_R_10\via_region_data.json
E_4_1_4_R_M_N_N_1996_7_2017.bmp308278,Alcohol,C:\PycharmProjects\Alcohol Detection\dataset\Grupo_4\E_4_1\LG\E_4_1_4\E_4_1_4_R_10\via_region_data.json
E_4_1_4_R_M_N_N_1996_8_2017.bmp308278,Alcohol,C:\PycharmProjects\Alcohol Detection\dataset\Grupo_4\E_4_1\LG\E_4_1_4\E_4_1_4_R_10\via_region_data.json
E_4_1_4_R_M_N_N_1996_9_2017.bmp308278,Alcohol,C:\PycharmProjects\Alcohol Detection\dataset\Grupo_4\E_4_1\LG\E_4_1_4\E_4_1_4_R_10\via_region_data.json
E_4_2_0_L_M_N_N_1996_0_2017.bmp308278,Non-Alcohol,C:\PycharmProjects\Alcohol Detection\dataset\Grupo_4\E_4_2\Iritech\E_4_2_0\via_region_data.json
E_4_2_0_R_M_N_N_1996_0_2017.bmp308278,Non-Alcohol,C:\PycharmProjects\Alcohol Detection\dataset\Grupo_4\E_4_2\Iritech\E_4_2_0\via_region_data.json
E_4_2_1_L_M_N_N_1996_0_2017.bmp308278,Non-Alcohol,C:\PycharmProjects\Alcohol Detection\dataset\Grupo_4\E_4_2\Iritech\E_4_2_1\via_region_data.json
E_4_2_1_R_M_N_N_1996_0_2017.bmp308278,Non-Alcohol,C:\PycharmProjects\Alcohol Detection\dataset\Grupo_4\E_4_2\Iritech\E_4_2_1\via_region_data.json
E_4_2_2_L_M_N_N_1996_0_2017.bmp308278,Non-Alcohol,C:\PycharmProjects\Alcohol Detection\dataset\Grupo_4\E_4_2\Iritech\E_4_2_2\via_region_data.json
E_4_2_2_R_M_N_N_1996_0_2017.bmp308278,Non-Alcohol,C:\PycharmProjects\Alcohol Detection\dataset\Grupo_4\E_4_2\Iritech\E_4_2_2\via_region_data.json
E_4_2_3_L_M_N_N_1996_0_2017.bmp308278,Non-Alcohol,C:\PycharmProjects\Alcohol Detection\dataset\Grupo_4\E_4_2\Iritech\E_4_2_3\via_region_data.json
E_4_2_3_R_M_N_N_1996_0_2017.bmp308278,Non-Alcohol,C:\PycharmProjects\Alcohol Detection\dataset\Grupo_4\E_4_2\Iritech\E_4_2_3\via_region_data.json
E_4_2_4_L_M_N_N_1996_0_2017.bmp308278,Non-Alcohol,C:\PycharmProjects\Alcohol Detection\dataset\Grupo_4\E_4_2\Iritech\E_4_2_4\via_region_data.json
E_4_2_4_R_M_N_N_1996_0_2017.bmp308278,Non-Alcohol,C:\PycharmProjects\Alcohol Detection\dataset\Grupo_4\E_4_2\Iritech\E_4_2_4\via_region_data.json
E_4_2_0_L_M_N_N_1996_0_2017.bmp308278,Non-Alcohol,C:\PycharmProjects\Alcohol Detection\dataset\Grupo_4\E_4_2\LG\E_4_2_0\E_4_2_0_R_10\via_region_data.json
E_4_2_0_L_M_N_N_1996_1_2017.bmp308278,Non-Alcohol,C:\PycharmProjects\Alcohol Detection\dataset\Grupo_4\E_4_2\LG\E_4_2_0\E_4_2_0_R_10\via_region_data.json
E_4_2_0_L_M_N_N_1996_2_2017.bmp308278,Non-Alcohol,C:\PycharmProjects\Alcohol Detection\dataset\Grupo_4\E_4_2\LG\E_4_2_0\E_4_2_0_R_10\via_region_data.json
E_4_2_0_L_M_N_N_1996_3_2017.bmp308278,Non-Alcohol,C:\PycharmProjects\Alcohol Detection\dataset\Grupo_4\E_4_2\LG\E_4_2_0\E_4_2_0_R_10\via_region_data.json
E_4_2_0_L_M_N_N_1996_4_2017.bmp308278,Non-Alcohol,C:\PycharmProjects\Alcohol Detection\dataset\Grupo_4\E_4_2\LG\E_4_2_0\E_4_2_0_R_10\via_region_data.json
E_4_2_0_L_M_N_N_1996_5_2017.bmp308278,Non-Alcohol,C:\PycharmProjects\Alcohol Detection\dataset\Grupo_4\E_4_2\LG\E_4_2_0\E_4_2_0_R_10\via_region_data.json
E_4_2_0_L_M_N_N_1996_6_2017.bmp308278,Non-Alcohol,C:\PycharmProjects\Alcohol Detection\dataset\Grupo_4\E_4_2\LG\E_4_2_0\E_4_2_0_R_10\via_region_data.json
E_4_2_0_L_M_N_N_1996_7_2017.bmp308278,Non-Alcohol,C:\PycharmProjects\Alcohol Detection\dataset\Grupo_4\E_4_2\LG\E_4_2_0\E_4_2_0_R_10\via_region_data.json
E_4_2_0_L_M_N_N_1996_8_2017.bmp308278,Non-Alcohol,C:\PycharmProjects\Alcohol Detection\dataset\Grupo_4\E_4_2\LG\E_4_2_0\E_4_2_0_R_10\via_region_data.json
E_4_2_0_L_M_N_N_1996_9_2017.bmp308278,Non-Alcohol,C:\PycharmProjects\Alcohol Detection\dataset\Grupo_4\E_4_2\LG\E_4_2_0\E_4_2_0_R_10\via_region_data.json
E_4_2_0_R_M_N_N_1996_0_2017.bmp308278,Non-Alcohol,C:\PycharmProjects\Alcohol Detection\dataset\Grupo_4\E_4_2\LG\E_4_2_0\E_4_2_0_R_10\via_region_data.json
E_4_2_0_R_M_N_N_1996_1_2017.bmp308278,Non-Alcohol,C:\PycharmProjects\Alcohol Detection\dataset\Grupo_4\E_4_2\LG\E_4_2_0\E_4_2_0_R_10\via_region_data.json
E_4_2_0_R_M_N_N_1996_2_2017.bmp308278,Non-Alcohol,C:\PycharmProjects\Alcohol Detection\dataset\Grupo_4\E_4_2\LG\E_4_2_0\E_4_2_0_R_10\via_region_data.json
E_4_2_0_R_M_N_N_1996_3_2017.bmp308278,Non-Alcohol,C:\PycharmProjects\Alcohol Detection\dataset\Grupo_4\E_4_2\LG\E_4_2_0\E_4_2_0_R_10\via_region_data.json
E_4_2_0_R_M_N_N_1996_4_2017.bmp308278,Non-Alcohol,C:\PycharmProjects\Alcohol Detection\dataset\Grupo_4\E_4_2\LG\E_4_2_0\E_4_2_0_R_10\via_region_data.json
E_4_2_0_R_M_N_N_1996_5_2017.bmp308278,Non-Alcohol,C:\PycharmProjects\Alcohol Detection\dataset\Grupo_4\E_4_2\LG\E_4_2_0\E_4_2_0_R_10\via_region_data.json
E_4_2_0_R_M_N_N_1996_6_2017.bmp308278,Non-Alcohol,C:\PycharmProjects\Alcohol Detection\dataset\Grupo_4\E_4_2\LG\E_4_2_0\E_4_2_0_R_10\via_region_data.json
E_4_2_0_R_M_N_N_1996_7_2017.bmp308278,Non-Alcohol,C:\PycharmProjects\Alcohol Detection\dataset\Grupo_4\E_4_2\LG\E_4_2_0\E_4_2_0_R_10\via_region_data.json
E_4_2_0_R_M_N_N_1996_8_2017.bmp308278,Non-Alcohol,C:\PycharmProjects\Alcohol Detection\dataset\Grupo_4\E_4_2\LG\E_4_2_0\E_4_2_0_R_10\via_region_data.json
E_4_2_0_R_M_N_N_1996_9_2017.bmp308278,Non-Alcohol,C:\PycharmProjects\Alcohol Detection\dataset\Grupo_4\E_4_2\LG\E_4_2_0\E_4_2_0_R_10\via_region_data.json
E_4_2_1_L_M_N_N_1996_0_2017.bmp308278,Non-Alcohol,C:\PycharmProjects\Alcohol Detection\dataset\Grupo_4\E_4_2\LG\E_4_2_1\E_4_2_1_R_10\via_region_data.json
E_4_2_1_L_M_N_N_1996_1_2017.bmp308278,Alcohol,C:\PycharmProjects\Alcohol Detection\dataset\Grupo_4\E_4_2\LG\E_4_2_1\E_4_2_1_R_10\via_region_data.json
E_4_2_1_L_M_N_N_1996_2_2017.bmp308278,Alcohol,C:\PycharmProjects\Alcohol Detection\dataset\Grupo_4\E_4_2\LG\E_4_2_1\E_4_2_1_R_10\via_region_data.json
E_4_2_1_L_M_N_N_1996_3_2017.bmp308278,Alcohol,C:\PycharmProjects\Alcohol Detection\dataset\Grupo_4\E_4_2\LG\E_4_2_1\E_4_2_1_R_10\via_region_data.json
E_4_2_1_L_M_N_N_1996_4_2017.bmp308278,Alcohol,C:\PycharmProjects\Alcohol Detection\dataset\Grupo_4\E_4_2\LG\E_4_2_1\E_4_2_1_R_10\via_region_data.json
E_4_2_1_L_M_N_N_1996_5_2017.bmp308278,Alcohol,C:\PycharmProjects\Alcohol Detection\dataset\Grupo_4\E_4_2\LG\E_4_2_1\E_4_2_1_R_10\via_region_data.json
E_4_2_1_L_M_N_N_1996_6_2017.bmp308278,Alcohol,C:\PycharmProjects\Alcohol Detection\dataset\Grupo_4\E_4_2\LG\E_4_2_1\E_4_2_1_R_10\via_region_data.json
E_4_2_1_L_M_N_N_1996_7_2017.bmp308278,Alcohol,C:\PycharmProjects\Alcohol Detection\dataset\Grupo_4\E_4_2\LG\E_4_2_1\E_4_2_1_R_10\via_region_data.json
E_4_2_1_L_M_N_N_1996_8_2017.bmp308278,Alcohol,C:\PycharmProjects\Alcohol Detection\dataset\Grupo_4\E_4_2\LG\E_4_2_1\E_4_2_1_R_10\via_region_data.json
E_4_2_1_L_M_N_N_1996_9_2017.bmp308278,Alcohol,C:\PycharmProjects\Alcohol Detection\dataset\Grupo_4\E_4_2\LG\E_4_2_1\E_4_2_1_R_10\via_region_data.json
E_4_2_1_R_M_N_N_1996_0_2017.bmp308278,Non-Alcohol,C:\PycharmProjects\Alcohol Detection\dataset\Grupo_4\E_4_2\LG\E_4_2_1\E_4_2_1_R_10\via_region_data.json
E_4_2_1_R_M_N_N_1996_1_2017.bmp308278,Alcohol,C:\PycharmProjects\Alcohol Detection\dataset\Grupo_4\E_4_2\LG\E_4_2_1\E_4_2_1_R_10\via_region_data.json
E_4_2_1_R_M_N_N_1996_2_2017.bmp308278,Alcohol,C:\PycharmProjects\Alcohol Detection\dataset\Grupo_4\E_4_2\LG\E_4_2_1\E_4_2_1_R_10\via_region_data.json
E_4_2_1_R_M_N_N_1996_3_2017.bmp308278,Alcohol,C:\PycharmProjects\Alcohol Detection\dataset\Grupo_4\E_4_2\LG\E_4_2_1\E_4_2_1_R_10\via_region_data.json
E_4_2_1_R_M_N_N_1996_4_2017.bmp308278,Alcohol,C:\PycharmProjects\Alcohol Detection\dataset\Grupo_4\E_4_2\LG\E_4_2_1\E_4_2_1_R_10\via_region_data.json
E_4_2_1_R_M_N_N_1996_5_2017.bmp308278,Alcohol,C:\PycharmProjects\Alcohol Detection\dataset\Grupo_4\E_4_2\LG\E_4_2_1\E_4_2_1_R_10\via_region_data.json
E_4_2_1_R_M_N_N_1996_6_2017.bmp308278,Alcohol,C:\PycharmProjects\Alcohol Detection\dataset\Grupo_4\E_4_2\LG\E_4_2_1\E_4_2_1_R_10\via_region_data.json
E_4_2_1_R_M_N_N_1996_7_2017.bmp308278,Alcohol,C:\PycharmProjects\Alcohol Detection\dataset\Grupo_4\E_4_2\LG\E_4_2_1\E_4_2_1_R_10\via_region_data.json
E_4_2_1_R_M_N_N_1996_8_2017.bmp308278,Alcohol,C:\PycharmProjects\Alcohol Detection\dataset\Grupo_4\E_4_2\LG\E_4_2_1\E_4_2_1_R_10\via_region_data.json
E_4_2_1_R_M_N_N_1996_9_2017.bmp308278,Alcohol,C:\PycharmProjects\Alcohol Detection\dataset\Grupo_4\E_4_2\LG\E_4_2_1\E_4_2_1_R_10\via_region_data.json
E_4_2_2_L_M_N_N_1996_0_2017.bmp308278,Non-Alcohol,C:\PycharmProjects\Alcohol Detection\dataset\Grupo_4\E_4_2\LG\E_4_2_2\E_4_2_2_R_10\via_region_data.json
E_4_2_2_L_M_N_N_1996_1_2017.bmp308278,Alcohol,C:\PycharmProjects\Alcohol Detection\dataset\Grupo_4\E_4_2\LG\E_4_2_2\E_4_2_2_R_10\via_region_data.json
E_4_2_2_L_M_N_N_1996_2_2017.bmp308278,Alcohol,C:\PycharmProjects\Alcohol Detection\dataset\Grupo_4\E_4_2\LG\E_4_2_2\E_4_2_2_R_10\via_region_data.json
E_4_2_2_L_M_N_N_1996_3_2017.bmp308278,Alcohol,C:\PycharmProjects\Alcohol Detection\dataset\Grupo_4\E_4_2\LG\E_4_2_2\E_4_2_2_R_10\via_region_data.json
E_4_2_2_L_M_N_N_1996_4_2017.bmp308278,Alcohol,C:\PycharmProjects\Alcohol Detection\dataset\Grupo_4\E_4_2\LG\E_4_2_2\E_4_2_2_R_10\via_region_data.json
E_4_2_2_L_M_N_N_1996_5_2017.bmp308278,Alcohol,C:\PycharmProjects\Alcohol Detection\dataset\Grupo_4\E_4_2\LG\E_4_2_2\E_4_2_2_R_10\via_region_data.json
E_4_2_2_L_M_N_N_1996_6_2017.bmp308278,Alcohol,C:\PycharmProjects\Alcohol Detection\dataset\Grupo_4\E_4_2\LG\E_4_2_2\E_4_2_2_R_10\via_region_data.json
E_4_2_2_L_M_N_N_1996_7_2017.bmp308278,Alcohol,C:\PycharmProjects\Alcohol Detection\dataset\Grupo_4\E_4_2\LG\E_4_2_2\E_4_2_2_R_10\via_region_data.json
E_4_2_2_L_M_N_N_1996_8_2017.bmp308278,Alcohol,C:\PycharmProjects\Alcohol Detection\dataset\Grupo_4\E_4_2\LG\E_4_2_2\E_4_2_2_R_10\via_region_data.json
E_4_2_2_L_M_N_N_1996_9_2017.bmp308278,Alcohol,C:\PycharmProjects\Alcohol Detection\dataset\Grupo_4\E_4_2\LG\E_4_2_2\E_4_2_2_R_10\via_region_data.json
E_4_2_2_R_M_N_N_1996_0_2017.bmp308278,Non-Alcohol,C:\PycharmProjects\Alcohol Detection\dataset\Grupo_4\E_4_2\LG\E_4_2_2\E_4_2_2_R_10\via_region_data.json
E_4_2_2_R_M_N_N_1996_1_2017.bmp308278,Alcohol,C:\PycharmProjects\Alcohol Detection\dataset\Grupo_4\E_4_2\LG\E_4_2_2\E_4_2_2_R_10\via_region_data.json
E_4_2_2_R_M_N_N_1996_2_2017.bmp308278,Alcohol,C:\PycharmProjects\Alcohol Detection\dataset\Grupo_4\E_4_2\LG\E_4_2_2\E_4_2_2_R_10\via_region_data.json
E_4_2_2_R_M_N_N_1996_3_2017.bmp308278,Alcohol,C:\PycharmProjects\Alcohol Detection\dataset\Grupo_4\E_4_2\LG\E_4_2_2\E_4_2_2_R_10\via_region_data.json
E_4_2_2_R_M_N_N_1996_4_2017.bmp308278,Alcohol,C:\PycharmProjects\Alcohol Detection\dataset\Grupo_4\E_4_2\LG\E_4_2_2\E_4_2_2_R_10\via_region_data.json
E_4_2_2_R_M_N_N_1996_5_2017.bmp308278,Alcohol,C:\PycharmProjects\Alcohol Detection\dataset\Grupo_4\E_4_2\LG\E_4_2_2\E_4_2_2_R_10\via_region_data.json
E_4_2_2_R_M_N_N_1996_6_2017.bmp308278,Alcohol,C:\PycharmProjects\Alcohol Detection\dataset\Grupo_4\E_4_2\LG\E_4_2_2\E_4_2_2_R_10\via_region_data.json
E_4_2_2_R_M_N_N_1996_7_2017.bmp308278,Alcohol,C:\PycharmProjects\Alcohol Detection\dataset\Grupo_4\E_4_2\LG\E_4_2_2\E_4_2_2_R_10\via_region_data.json
E_4_2_2_R_M_N_N_1996_8_2017.bmp308278,Alcohol,C:\PycharmProjects\Alcohol Detection\dataset\Grupo_4\E_4_2\LG\E_4_2_2\E_4_2_2_R_10\via_region_data.json
E_4_2_2_R_M_N_N_1996_9_2017.bmp308278,Alcohol,C:\PycharmProjects\Alcohol Detection\dataset\Grupo_4\E_4_2\LG\E_4_2_2\E_4_2_2_R_10\via_region_data.json
E_4_2_3_L_M_N_N_1996_0_2017.bmp308278,Non-Alcohol,C:\PycharmProjects\Alcohol Detection\dataset\Grupo_4\E_4_2\LG\E_4_2_3\E_4_2_3_R_10\via_region_data.json
E_4_2_3_L_M_N_N_1996_1_2017.bmp308278,Alcohol,C:\PycharmProjects\Alcohol Detection\dataset\Grupo_4\E_4_2\LG\E_4_2_3\E_4_2_3_R_10\via_region_data.json
E_4_2_3_L_M_N_N_1996_2_2017.bmp308278,Alcohol,C:\PycharmProjects\Alcohol Detection\dataset\Grupo_4\E_4_2\LG\E_4_2_3\E_4_2_3_R_10\via_region_data.json
E_4_2_3_L_M_N_N_1996_3_2017.bmp308278,Alcohol,C:\PycharmProjects\Alcohol Detection\dataset\Grupo_4\E_4_2\LG\E_4_2_3\E_4_2_3_R_10\via_region_data.json
E_4_2_3_L_M_N_N_1996_4_2017.bmp308278,Alcohol,C:\PycharmProjects\Alcohol Detection\dataset\Grupo_4\E_4_2\LG\E_4_2_3\E_4_2_3_R_10\via_region_data.json
E_4_2_3_L_M_N_N_1996_5_2017.bmp308278,Alcohol,C:\PycharmProjects\Alcohol Detection\dataset\Grupo_4\E_4_2\LG\E_4_2_3\E_4_2_3_R_10\via_region_data.json
E_4_2_3_L_M_N_N_1996_6_2017.bmp308278,Alcohol,C:\PycharmProjects\Alcohol Detection\dataset\Grupo_4\E_4_2\LG\E_4_2_3\E_4_2_3_R_10\via_region_data.json
E_4_2_3_L_M_N_N_1996_7_2017.bmp308278,Alcohol,C:\PycharmProjects\Alcohol Detection\dataset\Grupo_4\E_4_2\LG\E_4_2_3\E_4_2_3_R_10\via_region_data.json
E_4_2_3_L_M_N_N_1996_8_2017.bmp308278,Alcohol,C:\PycharmProjects\Alcohol Detection\dataset\Grupo_4\E_4_2\LG\E_4_2_3\E_4_2_3_R_10\via_region_data.json
E_4_2_3_L_M_N_N_1996_9_2017.bmp308278,Alcohol,C:\PycharmProjects\Alcohol Detection\dataset\Grupo_4\E_4_2\LG\E_4_2_3\E_4_2_3_R_10\via_region_data.json
E_4_2_3_R_M_N_N_1996_0_2017.bmp308278,Non-Alcohol,C:\PycharmProjects\Alcohol Detection\dataset\Grupo_4\E_4_2\LG\E_4_2_3\E_4_2_3_R_10\via_region_data.json
E_4_2_3_R_M_N_N_1996_1_2017.bmp308278,Alcohol,C:\PycharmProjects\Alcohol Detection\dataset\Grupo_4\E_4_2\LG\E_4_2_3\E_4_2_3_R_10\via_region_data.json
E_4_2_3_R_M_N_N_1996_2_2017.bmp308278,Alcohol,C:\PycharmProjects\Alcohol Detection\dataset\Grupo_4\E_4_2\LG\E_4_2_3\E_4_2_3_R_10\via_region_data.json
E_4_2_3_R_M_N_N_1996_3_2017.bmp308278,Alcohol,C:\PycharmProjects\Alcohol Detection\dataset\Grupo_4\E_4_2\LG\E_4_2_3\E_4_2_3_R_10\via_region_data.json
E_4_2_3_R_M_N_N_1996_4_2017.bmp308278,Alcohol,C:\PycharmProjects\Alcohol Detection\dataset\Grupo_4\E_4_2\LG\E_4_2_3\E_4_2_3_R_10\via_region_data.json
E_4_2_3_R_M_N_N_1996_5_2017.bmp308278,Alcohol,C:\PycharmProjects\Alcohol Detection\dataset\Grupo_4\E_4_2\LG\E_4_2_3\E_4_2_3_R_10\via_region_data.json
E_4_2_3_R_M_N_N_1996_6_2017.bmp308278,Alcohol,C:\PycharmProjects\Alcohol Detection\dataset\Grupo_4\E_4_2\LG\E_4_2_3\E_4_2_3_R_10\via_region_data.json
E_4_2_3_R_M_N_N_1996_7_2017.bmp308278,Alcohol,C:\PycharmProjects\Alcohol Detection\dataset\Grupo_4\E_4_2\LG\E_4_2_3\E_4_2_3_R_10\via_region_data.json
E_4_2_3_R_M_N_N_1996_8_2017.bmp308278,Alcohol,C:\PycharmProjects\Alcohol Detection\dataset\Grupo_4\E_4_2\LG\E_4_2_3\E_4_2_3_R_10\via_region_data.json
E_4_2_3_R_M_N_N_1996_9_2017.bmp308278,Alcohol,C:\PycharmProjects\Alcohol Detection\dataset\Grupo_4\E_4_2\LG\E_4_2_3\E_4_2_3_R_10\via_region_data.json
E_4_2_4_L_M_N_N_1996_0_2017.bmp308278,Non-Alcohol,C:\PycharmProjects\Alcohol Detection\dataset\Grupo_4\E_4_2\LG\E_4_2_4\E_4_2_4_R_10\via_region_data.json
E_4_2_4_L_M_N_N_1996_1_2017.bmp308278,Alcohol,C:\PycharmProjects\Alcohol Detection\dataset\Grupo_4\E_4_2\LG\E_4_2_4\E_4_2_4_R_10\via_region_data.json
E_4_2_4_L_M_N_N_1996_2_2017.bmp308278,Alcohol,C:\PycharmProjects\Alcohol Detection\dataset\Grupo_4\E_4_2\LG\E_4_2_4\E_4_2_4_R_10\via_region_data.json
E_4_2_4_L_M_N_N_1996_3_2017.bmp308278,Alcohol,C:\PycharmProjects\Alcohol Detection\dataset\Grupo_4\E_4_2\LG\E_4_2_4\E_4_2_4_R_10\via_region_data.json
E_4_2_4_L_M_N_N_1996_4_2017.bmp308278,Alcohol,C:\PycharmProjects\Alcohol Detection\dataset\Grupo_4\E_4_2\LG\E_4_2_4\E_4_2_4_R_10\via_region_data.json
E_4_2_4_L_M_N_N_1996_5_2017.bmp308278,Alcohol,C:\PycharmProjects\Alcohol Detection\dataset\Grupo_4\E_4_2\LG\E_4_2_4\E_4_2_4_R_10\via_region_data.json
E_4_2_4_L_M_N_N_1996_6_2017.bmp308278,Alcohol,C:\PycharmProjects\Alcohol Detection\dataset\Grupo_4\E_4_2\LG\E_4_2_4\E_4_2_4_R_10\via_region_data.json
E_4_2_4_L_M_N_N_1996_7_2017.bmp308278,Alcohol,C:\PycharmProjects\Alcohol Detection\dataset\Grupo_4\E_4_2\LG\E_4_2_4\E_4_2_4_R_10\via_region_data.json
E_4_2_4_L_M_N_N_1996_8_2017.bmp308278,Alcohol,C:\PycharmProjects\Alcohol Detection\dataset\Grupo_4\E_4_2\LG\E_4_2_4\E_4_2_4_R_10\via_region_data.json
E_4_2_4_L_M_N_N_1996_9_2017.bmp308278,Alcohol,C:\PycharmProjects\Alcohol Detection\dataset\Grupo_4\E_4_2\LG\E_4_2_4\E_4_2_4_R_10\via_region_data.json
E_4_2_4_R_M_N_N_1996_0_2017.bmp308278,Non-Alcohol,C:\PycharmProjects\Alcohol Detection\dataset\Grupo_4\E_4_2\LG\E_4_2_4\E_4_2_4_R_10\via_region_data.json
E_4_2_4_R_M_N_N_1996_1_2017.bmp308278,Alcohol,C:\PycharmProjects\Alcohol Detection\dataset\Grupo_4\E_4_2\LG\E_4_2_4\E_4_2_4_R_10\via_region_data.json
E_4_2_4_R_M_N_N_1996_2_2017.bmp308278,Alcohol,C:\PycharmProjects\Alcohol Detection\dataset\Grupo_4\E_4_2\LG\E_4_2_4\E_4_2_4_R_10\via_region_data.json
E_4_2_4_R_M_N_N_1996_3_2017.bmp308278,Alcohol,C:\PycharmProjects\Alcohol Detection\dataset\Grupo_4\E_4_2\LG\E_4_2_4\E_4_2_4_R_10\via_region_data.json
E_4_2_4_R_M_N_N_1996_4_2017.bmp308278,Alcohol,C:\PycharmProjects\Alcohol Detection\dataset\Grupo_4\E_4_2\LG\E_4_2_4\E_4_2_4_R_10\via_region_data.json
E_4_2_4_R_M_N_N_1996_5_2017.bmp308278,Alcohol,C:\PycharmProjects\Alcohol Detection\dataset\Grupo_4\E_4_2\LG\E_4_2_4\E_4_2_4_R_10\via_region_data.json
E_4_2_4_R_M_N_N_1996_6_2017.bmp308278,Alcohol,C:\PycharmProjects\Alcohol Detection\dataset\Grupo_4\E_4_2\LG\E_4_2_4\E_4_2_4_R_10\via_region_data.json
E_4_2_4_R_M_N_N_1996_7_2017.bmp308278,Alcohol,C:\PycharmProjects\Alcohol Detection\dataset\Grupo_4\E_4_2\LG\E_4_2_4\E_4_2_4_R_10\via_region_data.json
E_4_2_4_R_M_N_N_1996_8_2017.bmp308278,Alcohol,C:\PycharmProjects\Alcohol Detection\dataset\Grupo_4\E_4_2\LG\E_4_2_4\E_4_2_4_R_10\via_region_data.json
E_4_2_4_R_M_N_N_1996_9_2017.bmp308278,Alcohol,C:\PycharmProjects\Alcohol Detection\dataset\Grupo_4\E_4_2\LG\E_4_2_4\E_4_2_4_R_10\via_region_data.json
E_4_3_0_L_M_N_N_1997_0_2017.bmp308278,Non-Alcohol,C:\PycharmProjects\Alcohol Detection\dataset\Grupo_4\E_4_3\Iritech\E_4_3_0\via_region_data.json
E_4_3_0_R_M_N_N_1997_0_2017.bmp308278,Non-Alcohol,C:\PycharmProjects\Alcohol Detection\dataset\Grupo_4\E_4_3\Iritech\E_4_3_0\via_region_data.json
E_4_3_1_L_M_N_N_1997_0_2017.bmp308278,Non-Alcohol,C:\PycharmProjects\Alcohol Detection\dataset\Grupo_4\E_4_3\Iritech\E_4_3_1\via_region_data.json
E_4_3_1_R_M_N_N_1997_0_2017.bmp308278,Non-Alcohol,C:\PycharmProjects\Alcohol Detection\dataset\Grupo_4\E_4_3\Iritech\E_4_3_1\via_region_data.json
E_4_3_2_L_M_N_N_1997_0_2017.bmp308278,Non-Alcohol,C:\PycharmProjects\Alcohol Detection\dataset\Grupo_4\E_4_3\Iritech\E_4_3_2\via_region_data.json
E_4_3_2_R_M_N_N_1997_0_2017.bmp308278,Non-Alcohol,C:\PycharmProjects\Alcohol Detection\dataset\Grupo_4\E_4_3\Iritech\E_4_3_2\via_region_data.json
E_4_3_3_L_M_N_N_1997_0_2017.bmp308278,Non-Alcohol,C:\PycharmProjects\Alcohol Detection\dataset\Grupo_4\E_4_3\Iritech\E_4_3_3\via_region_data.json
E_4_3_3_R_M_N_N_1997_0_2017.bmp308278,Non-Alcohol,C:\PycharmProjects\Alcohol Detection\dataset\Grupo_4\E_4_3\Iritech\E_4_3_3\via_region_data.json
E_4_3_4_L_M_N_N_1997_0_2017.bmp308278,Non-Alcohol,C:\PycharmProjects\Alcohol Detection\dataset\Grupo_4\E_4_3\Iritech\E_4_3_4\via_region_data.json
E_4_3_4_R_M_N_N_1997_0_2017.bmp308278,Non-Alcohol,C:\PycharmProjects\Alcohol Detection\dataset\Grupo_4\E_4_3\Iritech\E_4_3_4\via_region_data.json
E_4_3_0_L_M_N_N_1997_0_2017.bmp308278,Non-Alcohol,C:\PycharmProjects\Alcohol Detection\dataset\Grupo_4\E_4_3\LG\E_4_3_0\E_4_3_0_R_10\via_region_data.json
E_4_3_0_L_M_N_N_1997_1_2017.bmp308278,Non-Alcohol,C:\PycharmProjects\Alcohol Detection\dataset\Grupo_4\E_4_3\LG\E_4_3_0\E_4_3_0_R_10\via_region_data.json
E_4_3_0_L_M_N_N_1997_2_2017.bmp308278,Non-Alcohol,C:\PycharmProjects\Alcohol Detection\dataset\Grupo_4\E_4_3\LG\E_4_3_0\E_4_3_0_R_10\via_region_data.json
E_4_3_0_L_M_N_N_1997_3_2017.bmp308278,Non-Alcohol,C:\PycharmProjects\Alcohol Detection\dataset\Grupo_4\E_4_3\LG\E_4_3_0\E_4_3_0_R_10\via_region_data.json
E_4_3_0_L_M_N_N_1997_4_2017.bmp308278,Non-Alcohol,C:\PycharmProjects\Alcohol Detection\dataset\Grupo_4\E_4_3\LG\E_4_3_0\E_4_3_0_R_10\via_region_data.json
E_4_3_0_L_M_N_N_1997_5_2017.bmp308278,Non-Alcohol,C:\PycharmProjects\Alcohol Detection\dataset\Grupo_4\E_4_3\LG\E_4_3_0\E_4_3_0_R_10\via_region_data.json
E_4_3_0_L_M_N_N_1997_6_2017.bmp308278,Non-Alcohol,C:\PycharmProjects\Alcohol Detection\dataset\Grupo_4\E_4_3\LG\E_4_3_0\E_4_3_0_R_10\via_region_data.json
E_4_3_0_L_M_N_N_1997_7_2017.bmp308278,Non-Alcohol,C:\PycharmProjects\Alcohol Detection\dataset\Grupo_4\E_4_3\LG\E_4_3_0\E_4_3_0_R_10\via_region_data.json
E_4_3_0_L_M_N_N_1997_8_2017.bmp308278,Non-Alcohol,C:\PycharmProjects\Alcohol Detection\dataset\Grupo_4\E_4_3\LG\E_4_3_0\E_4_3_0_R_10\via_region_data.json
E_4_3_0_L_M_N_N_1997_9_2017.bmp308278,Non-Alcohol,C:\PycharmProjects\Alcohol Detection\dataset\Grupo_4\E_4_3\LG\E_4_3_0\E_4_3_0_R_10\via_region_data.json
E_4_3_0_R_M_N_N_1997_0_2017.bmp308278,Non-Alcohol,C:\PycharmProjects\Alcohol Detection\dataset\Grupo_4\E_4_3\LG\E_4_3_0\E_4_3_0_R_10\via_region_data.json
E_4_3_0_R_M_N_N_1997_1_2017.bmp308278,Non-Alcohol,C:\PycharmProjects\Alcohol Detection\dataset\Grupo_4\E_4_3\LG\E_4_3_0\E_4_3_0_R_10\via_region_data.json
E_4_3_0_R_M_N_N_1997_2_2017.bmp308278,Non-Alcohol,C:\PycharmProjects\Alcohol Detection\dataset\Grupo_4\E_4_3\LG\E_4_3_0\E_4_3_0_R_10\via_region_data.json
E_4_3_0_R_M_N_N_1997_3_2017.bmp308278,Non-Alcohol,C:\PycharmProjects\Alcohol Detection\dataset\Grupo_4\E_4_3\LG\E_4_3_0\E_4_3_0_R_10\via_region_data.json
E_4_3_0_R_M_N_N_1997_4_2017.bmp308278,Non-Alcohol,C:\PycharmProjects\Alcohol Detection\dataset\Grupo_4\E_4_3\LG\E_4_3_0\E_4_3_0_R_10\via_region_data.json
E_4_3_0_R_M_N_N_1997_5_2017.bmp308278,Non-Alcohol,C:\PycharmProjects\Alcohol Detection\dataset\Grupo_4\E_4_3\LG\E_4_3_0\E_4_3_0_R_10\via_region_data.json
E_4_3_0_R_M_N_N_1997_6_2017.bmp308278,Non-Alcohol,C:\PycharmProjects\Alcohol Detection\dataset\Grupo_4\E_4_3\LG\E_4_3_0\E_4_3_0_R_10\via_region_data.json
E_4_3_0_R_M_N_N_1997_7_2017.bmp308278,Non-Alcohol,C:\PycharmProjects\Alcohol Detection\dataset\Grupo_4\E_4_3\LG\E_4_3_0\E_4_3_0_R_10\via_region_data.json
E_4_3_0_R_M_N_N_1997_8_2017.bmp308278,Non-Alcohol,C:\PycharmProjects\Alcohol Detection\dataset\Grupo_4\E_4_3\LG\E_4_3_0\E_4_3_0_R_10\via_region_data.json
E_4_3_0_R_M_N_N_1997_9_2017.bmp308278,Non-Alcohol,C:\PycharmProjects\Alcohol Detection\dataset\Grupo_4\E_4_3\LG\E_4_3_0\E_4_3_0_R_10\via_region_data.json
E_4_3_1_L_M_N_N_1997_0_2017.bmp308278,Non-Alcohol,C:\PycharmProjects\Alcohol Detection\dataset\Grupo_4\E_4_3\LG\E_4_3_1\E_4_3_1_R_10\via_region_data.json
E_4_3_1_L_M_N_N_1997_1_2017.bmp308278,Alcohol,C:\PycharmProjects\Alcohol Detection\dataset\Grupo_4\E_4_3\LG\E_4_3_1\E_4_3_1_R_10\via_region_data.json
E_4_3_1_L_M_N_N_1997_2_2017.bmp308278,Alcohol,C:\PycharmProjects\Alcohol Detection\dataset\Grupo_4\E_4_3\LG\E_4_3_1\E_4_3_1_R_10\via_region_data.json
E_4_3_1_L_M_N_N_1997_3_2017.bmp308278,Alcohol,C:\PycharmProjects\Alcohol Detection\dataset\Grupo_4\E_4_3\LG\E_4_3_1\E_4_3_1_R_10\via_region_data.json
E_4_3_1_L_M_N_N_1997_4_2017.bmp308278,Alcohol,C:\PycharmProjects\Alcohol Detection\dataset\Grupo_4\E_4_3\LG\E_4_3_1\E_4_3_1_R_10\via_region_data.json
E_4_3_1_L_M_N_N_1997_5_2017.bmp308278,Alcohol,C:\PycharmProjects\Alcohol Detection\dataset\Grupo_4\E_4_3\LG\E_4_3_1\E_4_3_1_R_10\via_region_data.json
E_4_3_1_L_M_N_N_1997_6_2017.bmp308278,Alcohol,C:\PycharmProjects\Alcohol Detection\dataset\Grupo_4\E_4_3\LG\E_4_3_1\E_4_3_1_R_10\via_region_data.json
E_4_3_1_L_M_N_N_1997_7_2017.bmp308278,Alcohol,C:\PycharmProjects\Alcohol Detection\dataset\Grupo_4\E_4_3\LG\E_4_3_1\E_4_3_1_R_10\via_region_data.json
E_4_3_1_L_M_N_N_1997_8_2017.bmp308278,Alcohol,C:\PycharmProjects\Alcohol Detection\dataset\Grupo_4\E_4_3\LG\E_4_3_1\E_4_3_1_R_10\via_region_data.json
E_4_3_1_L_M_N_N_1997_9_2017.bmp308278,Alcohol,C:\PycharmProjects\Alcohol Detection\dataset\Grupo_4\E_4_3\LG\E_4_3_1\E_4_3_1_R_10\via_region_data.json
E_4_3_1_R_M_N_N_1997_0_2017.bmp308278,Non-Alcohol,C:\PycharmProjects\Alcohol Detection\dataset\Grupo_4\E_4_3\LG\E_4_3_1\E_4_3_1_R_10\via_region_data.json
E_4_3_1_R_M_N_N_1997_1_2017.bmp308278,Alcohol,C:\PycharmProjects\Alcohol Detection\dataset\Grupo_4\E_4_3\LG\E_4_3_1\E_4_3_1_R_10\via_region_data.json
E_4_3_1_R_M_N_N_1997_2_2017.bmp308278,Alcohol,C:\PycharmProjects\Alcohol Detection\dataset\Grupo_4\E_4_3\LG\E_4_3_1\E_4_3_1_R_10\via_region_data.json
E_4_3_1_R_M_N_N_1997_3_2017.bmp308278,Alcohol,C:\PycharmProjects\Alcohol Detection\dataset\Grupo_4\E_4_3\LG\E_4_3_1\E_4_3_1_R_10\via_region_data.json
E_4_3_1_R_M_N_N_1997_4_2017.bmp308278,Alcohol,C:\PycharmProjects\Alcohol Detection\dataset\Grupo_4\E_4_3\LG\E_4_3_1\E_4_3_1_R_10\via_region_data.json
E_4_3_1_R_M_N_N_1997_5_2017.bmp308278,Alcohol,C:\PycharmProjects\Alcohol Detection\dataset\Grupo_4\E_4_3\LG\E_4_3_1\E_4_3_1_R_10\via_region_data.json
E_4_3_1_R_M_N_N_1997_6_2017.bmp308278,Alcohol,C:\PycharmProjects\Alcohol Detection\dataset\Grupo_4\E_4_3\LG\E_4_3_1\E_4_3_1_R_10\via_region_data.json
E_4_3_1_R_M_N_N_1997_7_2017.bmp308278,Alcohol,C:\PycharmProjects\Alcohol Detection\dataset\Grupo_4\E_4_3\LG\E_4_3_1\E_4_3_1_R_10\via_region_data.json
E_4_3_1_R_M_N_N_1997_8_2017.bmp308278,Alcohol,C:\PycharmProjects\Alcohol Detection\dataset\Grupo_4\E_4_3\LG\E_4_3_1\E_4_3_1_R_10\via_region_data.json
E_4_3_1_R_M_N_N_1997_9_2017.bmp308278,Alcohol,C:\PycharmProjects\Alcohol Detection\dataset\Grupo_4\E_4_3\LG\E_4_3_1\E_4_3_1_R_10\via_region_data.json
E_4_3_2_L_M_N_N_1997_0_2017.bmp308278,Non-Alcohol,C:\PycharmProjects\Alcohol Detection\dataset\Grupo_4\E_4_3\LG\E_4_3_2\E_4_3_2_R_10\via_region_data.json
E_4_3_2_L_M_N_N_1997_1_2017.bmp308278,Alcohol,C:\PycharmProjects\Alcohol Detection\dataset\Grupo_4\E_4_3\LG\E_4_3_2\E_4_3_2_R_10\via_region_data.json
E_4_3_2_L_M_N_N_1997_2_2017.bmp308278,Alcohol,C:\PycharmProjects\Alcohol Detection\dataset\Grupo_4\E_4_3\LG\E_4_3_2\E_4_3_2_R_10\via_region_data.json
E_4_3_2_L_M_N_N_1997_3_2017.bmp308278,Alcohol,C:\PycharmProjects\Alcohol Detection\dataset\Grupo_4\E_4_3\LG\E_4_3_2\E_4_3_2_R_10\via_region_data.json
E_4_3_2_L_M_N_N_1997_4_2017.bmp308278,Alcohol,C:\PycharmProjects\Alcohol Detection\dataset\Grupo_4\E_4_3\LG\E_4_3_2\E_4_3_2_R_10\via_region_data.json
E_4_3_2_L_M_N_N_1997_5_2017.bmp308278,Alcohol,C:\PycharmProjects\Alcohol Detection\dataset\Grupo_4\E_4_3\LG\E_4_3_2\E_4_3_2_R_10\via_region_data.json
E_4_3_2_L_M_N_N_1997_6_2017.bmp308278,Alcohol,C:\PycharmProjects\Alcohol Detection\dataset\Grupo_4\E_4_3\LG\E_4_3_2\E_4_3_2_R_10\via_region_data.json
E_4_3_2_L_M_N_N_1997_7_2017.bmp308278,Alcohol,C:\PycharmProjects\Alcohol Detection\dataset\Grupo_4\E_4_3\LG\E_4_3_2\E_4_3_2_R_10\via_region_data.json
E_4_3_2_L_M_N_N_1997_8_2017.bmp308278,Alcohol,C:\PycharmProjects\Alcohol Detection\dataset\Grupo_4\E_4_3\LG\E_4_3_2\E_4_3_2_R_10\via_region_data.json
E_4_3_2_L_M_N_N_1997_9_2017.bmp308278,Alcohol,C:\PycharmProjects\Alcohol Detection\dataset\Grupo_4\E_4_3\LG\E_4_3_2\E_4_3_2_R_10\via_region_data.json
E_4_3_2_R_M_N_N_1997_0_2017.bmp308278,Non-Alcohol,C:\PycharmProjects\Alcohol Detection\dataset\Grupo_4\E_4_3\LG\E_4_3_2\E_4_3_2_R_10\via_region_data.json
E_4_3_2_R_M_N_N_1997_1_2017.bmp308278,Alcohol,C:\PycharmProjects\Alcohol Detection\dataset\Grupo_4\E_4_3\LG\E_4_3_2\E_4_3_2_R_10\via_region_data.json
E_4_3_2_R_M_N_N_1997_2_2017.bmp308278,Alcohol,C:\PycharmProjects\Alcohol Detection\dataset\Grupo_4\E_4_3\LG\E_4_3_2\E_4_3_2_R_10\via_region_data.json
E_4_3_2_R_M_N_N_1997_3_2017.bmp308278,Alcohol,C:\PycharmProjects\Alcohol Detection\dataset\Grupo_4\E_4_3\LG\E_4_3_2\E_4_3_2_R_10\via_region_data.json
E_4_3_2_R_M_N_N_1997_4_2017.bmp308278,Alcohol,C:\PycharmProjects\Alcohol Detection\dataset\Grupo_4\E_4_3\LG\E_4_3_2\E_4_3_2_R_10\via_region_data.json
E_4_3_2_R_M_N_N_1997_5_2017.bmp308278,Alcohol,C:\PycharmProjects\Alcohol Detection\dataset\Grupo_4\E_4_3\LG\E_4_3_2\E_4_3_2_R_10\via_region_data.json
E_4_3_2_R_M_N_N_1997_6_2017.bmp308278,Alcohol,C:\PycharmProjects\Alcohol Detection\dataset\Grupo_4\E_4_3\LG\E_4_3_2\E_4_3_2_R_10\via_region_data.json
E_4_3_2_R_M_N_N_1997_7_2017.bmp308278,Alcohol,C:\PycharmProjects\Alcohol Detection\dataset\Grupo_4\E_4_3\LG\E_4_3_2\E_4_3_2_R_10\via_region_data.json
E_4_3_2_R_M_N_N_1997_8_2017.bmp308278,Alcohol,C:\PycharmProjects\Alcohol Detection\dataset\Grupo_4\E_4_3\LG\E_4_3_2\E_4_3_2_R_10\via_region_data.json
E_4_3_2_R_M_N_N_1997_9_2017.bmp308278,Alcohol,C:\PycharmProjects\Alcohol Detection\dataset\Grupo_4\E_4_3\LG\E_4_3_2\E_4_3_2_R_10\via_region_data.json
E_4_3_3_L_M_N_N_1997_0_2017.bmp308278,Non-Alcohol,C:\PycharmProjects\Alcohol Detection\dataset\Grupo_4\E_4_3\LG\E_4_3_3\E_4_3_3_R_10\via_region_data.json
E_4_3_3_L_M_N_N_1997_1_2017.bmp308278,Alcohol,C:\PycharmProjects\Alcohol Detection\dataset\Grupo_4\E_4_3\LG\E_4_3_3\E_4_3_3_R_10\via_region_data.json
E_4_3_3_L_M_N_N_1997_2_2017.bmp308278,Alcohol,C:\PycharmProjects\Alcohol Detection\dataset\Grupo_4\E_4_3\LG\E_4_3_3\E_4_3_3_R_10\via_region_data.json
E_4_3_3_L_M_N_N_1997_3_2017.bmp308278,Alcohol,C:\PycharmProjects\Alcohol Detection\dataset\Grupo_4\E_4_3\LG\E_4_3_3\E_4_3_3_R_10\via_region_data.json
E_4_3_3_L_M_N_N_1997_4_2017.bmp308278,Alcohol,C:\PycharmProjects\Alcohol Detection\dataset\Grupo_4\E_4_3\LG\E_4_3_3\E_4_3_3_R_10\via_region_data.json
E_4_3_3_L_M_N_N_1997_5_2017.bmp308278,Alcohol,C:\PycharmProjects\Alcohol Detection\dataset\Grupo_4\E_4_3\LG\E_4_3_3\E_4_3_3_R_10\via_region_data.json
E_4_3_3_L_M_N_N_1997_6_2017.bmp308278,Alcohol,C:\PycharmProjects\Alcohol Detection\dataset\Grupo_4\E_4_3\LG\E_4_3_3\E_4_3_3_R_10\via_region_data.json
E_4_3_3_L_M_N_N_1997_7_2017.bmp308278,Alcohol,C:\PycharmProjects\Alcohol Detection\dataset\Grupo_4\E_4_3\LG\E_4_3_3\E_4_3_3_R_10\via_region_data.json
E_4_3_3_L_M_N_N_1997_8_2017.bmp308278,Alcohol,C:\PycharmProjects\Alcohol Detection\dataset\Grupo_4\E_4_3\LG\E_4_3_3\E_4_3_3_R_10\via_region_data.json
E_4_3_3_L_M_N_N_1997_9_2017.bmp308278,Alcohol,C:\PycharmProjects\Alcohol Detection\dataset\Grupo_4\E_4_3\LG\E_4_3_3\E_4_3_3_R_10\via_region_data.json
E_4_3_3_R_M_N_N_1997_0_2017.bmp308278,Non-Alcohol,C:\PycharmProjects\Alcohol Detection\dataset\Grupo_4\E_4_3\LG\E_4_3_3\E_4_3_3_R_10\via_region_data.json
E_4_3_3_R_M_N_N_1997_1_2017.bmp308278,Alcohol,C:\PycharmProjects\Alcohol Detection\dataset\Grupo_4\E_4_3\LG\E_4_3_3\E_4_3_3_R_10\via_region_data.json
E_4_3_3_R_M_N_N_1997_2_2017.bmp308278,Alcohol,C:\PycharmProjects\Alcohol Detection\dataset\Grupo_4\E_4_3\LG\E_4_3_3\E_4_3_3_R_10\via_region_data.json
E_4_3_3_R_M_N_N_1997_3_2017.bmp308278,Alcohol,C:\PycharmProjects\Alcohol Detection\dataset\Grupo_4\E_4_3\LG\E_4_3_3\E_4_3_3_R_10\via_region_data.json
E_4_3_3_R_M_N_N_1997_4_2017.bmp308278,Alcohol,C:\PycharmProjects\Alcohol Detection\dataset\Grupo_4\E_4_3\LG\E_4_3_3\E_4_3_3_R_10\via_region_data.json
E_4_3_3_R_M_N_N_1997_5_2017.bmp308278,Alcohol,C:\PycharmProjects\Alcohol Detection\dataset\Grupo_4\E_4_3\LG\E_4_3_3\E_4_3_3_R_10\via_region_data.json
E_4_3_3_R_M_N_N_1997_6_2017.bmp308278,Alcohol,C:\PycharmProjects\Alcohol Detection\dataset\Grupo_4\E_4_3\LG\E_4_3_3\E_4_3_3_R_10\via_region_data.json
E_4_3_3_R_M_N_N_1997_7_2017.bmp308278,Alcohol,C:\PycharmProjects\Alcohol Detection\dataset\Grupo_4\E_4_3\LG\E_4_3_3\E_4_3_3_R_10\via_region_data.json
E_4_3_3_R_M_N_N_1997_8_2017.bmp308278,Alcohol,C:\PycharmProjects\Alcohol Detection\dataset\Grupo_4\E_4_3\LG\E_4_3_3\E_4_3_3_R_10\via_region_data.json
E_4_3_3_R_M_N_N_1997_9_2017.bmp308278,Alcohol,C:\PycharmProjects\Alcohol Detection\dataset\Grupo_4\E_4_3\LG\E_4_3_3\E_4_3_3_R_10\via_region_data.json
E_4_3_4_L_M_N_N_1997_0_2017.bmp308278,Non-Alcohol,C:\PycharmProjects\Alcohol Detection\dataset\Grupo_4\E_4_3\LG\E_4_3_4\E_4_3_4_R_10\via_region_data.json
E_4_3_4_L_M_N_N_1997_1_2017.bmp308278,Alcohol,C:\PycharmProjects\Alcohol Detection\dataset\Grupo_4\E_4_3\LG\E_4_3_4\E_4_3_4_R_10\via_region_data.json
E_4_3_4_L_M_N_N_1997_2_2017.bmp308278,Alcohol,C:\PycharmProjects\Alcohol Detection\dataset\Grupo_4\E_4_3\LG\E_4_3_4\E_4_3_4_R_10\via_region_data.json
E_4_3_4_L_M_N_N_1997_3_2017.bmp308278,Alcohol,C:\PycharmProjects\Alcohol Detection\dataset\Grupo_4\E_4_3\LG\E_4_3_4\E_4_3_4_R_10\via_region_data.json
E_4_3_4_L_M_N_N_1997_4_2017.bmp308278,Alcohol,C:\PycharmProjects\Alcohol Detection\dataset\Grupo_4\E_4_3\LG\E_4_3_4\E_4_3_4_R_10\via_region_data.json
E_4_3_4_L_M_N_N_1997_5_2017.bmp308278,Alcohol,C:\PycharmProjects\Alcohol Detection\dataset\Grupo_4\E_4_3\LG\E_4_3_4\E_4_3_4_R_10\via_region_data.json
E_4_3_4_L_M_N_N_1997_6_2017.bmp308278,Alcohol,C:\PycharmProjects\Alcohol Detection\dataset\Grupo_4\E_4_3\LG\E_4_3_4\E_4_3_4_R_10\via_region_data.json
E_4_3_4_L_M_N_N_1997_7_2017.bmp308278,Alcohol,C:\PycharmProjects\Alcohol Detection\dataset\Grupo_4\E_4_3\LG\E_4_3_4\E_4_3_4_R_10\via_region_data.json
E_4_3_4_L_M_N_N_1997_8_2017.bmp308278,Alcohol,C:\PycharmProjects\Alcohol Detection\dataset\Grupo_4\E_4_3\LG\E_4_3_4\E_4_3_4_R_10\via_region_data.json
E_4_3_4_L_M_N_N_1997_9_2017.bmp308278,Alcohol,C:\PycharmProjects\Alcohol Detection\dataset\Grupo_4\E_4_3\LG\E_4_3_4\E_4_3_4_R_10\via_region_data.json
E_4_3_4_R_M_N_N_1997_0_2017.bmp308278,Non-Alcohol,C:\PycharmProjects\Alcohol Detection\dataset\Grupo_4\E_4_3\LG\E_4_3_4\E_4_3_4_R_10\via_region_data.json
E_4_3_4_R_M_N_N_1997_1_2017.bmp308278,Alcohol,C:\PycharmProjects\Alcohol Detection\dataset\Grupo_4\E_4_3\LG\E_4_3_4\E_4_3_4_R_10\via_region_data.json
E_4_3_4_R_M_N_N_1997_2_2017.bmp308278,Alcohol,C:\PycharmProjects\Alcohol Detection\dataset\Grupo_4\E_4_3\LG\E_4_3_4\E_4_3_4_R_10\via_region_data.json
E_4_3_4_R_M_N_N_1997_3_2017.bmp308278,Alcohol,C:\PycharmProjects\Alcohol Detection\dataset\Grupo_4\E_4_3\LG\E_4_3_4\E_4_3_4_R_10\via_region_data.json
E_4_3_4_R_M_N_N_1997_4_2017.bmp308278,Alcohol,C:\PycharmProjects\Alcohol Detection\dataset\Grupo_4\E_4_3\LG\E_4_3_4\E_4_3_4_R_10\via_region_data.json
E_4_3_4_R_M_N_N_1997_5_2017.bmp308278,Alcohol,C:\PycharmProjects\Alcohol Detection\dataset\Grupo_4\E_4_3\LG\E_4_3_4\E_4_3_4_R_10\via_region_data.json
E_4_3_4_R_M_N_N_1997_6_2017.bmp308278,Alcohol,C:\PycharmProjects\Alcohol Detection\dataset\Grupo_4\E_4_3\LG\E_4_3_4\E_4_3_4_R_10\via_region_data.json
E_4_3_4_R_M_N_N_1997_7_2017.bmp308278,Alcohol,C:\PycharmProjects\Alcohol Detection\dataset\Grupo_4\E_4_3\LG\E_4_3_4\E_4_3_4_R_10\via_region_data.json
E_4_3_4_R_M_N_N_1997_8_2017.bmp308278,Alcohol,C:\PycharmProjects\Alcohol Detection\dataset\Grupo_4\E_4_3\LG\E_4_3_4\E_4_3_4_R_10\via_region_data.json
E_4_3_4_R_M_N_N_1997_9_2017.bmp308278,Alcohol,C:\PycharmProjects\Alcohol Detection\dataset\Grupo_4\E_4_3\LG\E_4_3_4\E_4_3_4_R_10\via_region_data.json
E_4_4_0_L_F_Y_Y_1993_0_2017.bmp308278,Non-Alcohol,C:\PycharmProjects\Alcohol Detection\dataset\Grupo_4\E_4_4\Iritech\E_4_4_0\via_region_data.json
E_4_4_0_R_F_Y_Y_1993_0_2017.bmp308278,Non-Alcohol,C:\PycharmProjects\Alcohol Detection\dataset\Grupo_4\E_4_4\Iritech\E_4_4_0\via_region_data.json
E_4_4_1_L_F_Y_Y_1993_0_2017.bmp308278,Non-Alcohol,C:\PycharmProjects\Alcohol Detection\dataset\Grupo_4\E_4_4\Iritech\E_4_4_1\via_region_data.json
E_4_4_1_R_F_Y_Y_1993_0_2017.bmp308278,Non-Alcohol,C:\PycharmProjects\Alcohol Detection\dataset\Grupo_4\E_4_4\Iritech\E_4_4_1\via_region_data.json
E_4_4_2_L_F_Y_Y_1993_0_2017.bmp308278,Non-Alcohol,C:\PycharmProjects\Alcohol Detection\dataset\Grupo_4\E_4_4\Iritech\E_4_4_2\via_region_data.json
E_4_4_2_R_F_Y_Y_1993_0_2017.bmp308278,Non-Alcohol,C:\PycharmProjects\Alcohol Detection\dataset\Grupo_4\E_4_4\Iritech\E_4_4_2\via_region_data.json
E_4_4_3_L_F_N_N_1993_0_2017.bmp308278,Non-Alcohol,C:\PycharmProjects\Alcohol Detection\dataset\Grupo_4\E_4_4\Iritech\E_4_4_3\via_region_data.json
E_4_4_3_R_F_N_N_1993_0_2017.bmp308278,Non-Alcohol,C:\PycharmProjects\Alcohol Detection\dataset\Grupo_4\E_4_4\Iritech\E_4_4_3\via_region_data.json
E_4_4_4_L_F_Y_Y_1993_0_2017.bmp308278,Non-Alcohol,C:\PycharmProjects\Alcohol Detection\dataset\Grupo_4\E_4_4\Iritech\E_4_4_4\via_region_data.json
E_4_4_4_R_F_Y_Y_1993_0_2017.bmp308278,Non-Alcohol,C:\PycharmProjects\Alcohol Detection\dataset\Grupo_4\E_4_4\Iritech\E_4_4_4\via_region_data.json
E_4_4_0_L_F_Y_Y_1993_0_2017.bmp308278,Non-Alcohol,C:\PycharmProjects\Alcohol Detection\dataset\Grupo_4\E_4_4\LG\E_4_4_0\E_4_4_0_R_10\via_region_data.json
E_4_4_0_L_F_Y_Y_1993_1_2017.bmp308278,Non-Alcohol,C:\PycharmProjects\Alcohol Detection\dataset\Grupo_4\E_4_4\LG\E_4_4_0\E_4_4_0_R_10\via_region_data.json
E_4_4_0_L_F_Y_Y_1993_2_2017.bmp308278,Non-Alcohol,C:\PycharmProjects\Alcohol Detection\dataset\Grupo_4\E_4_4\LG\E_4_4_0\E_4_4_0_R_10\via_region_data.json
E_4_4_0_L_F_Y_Y_1993_3_2017.bmp308278,Non-Alcohol,C:\PycharmProjects\Alcohol Detection\dataset\Grupo_4\E_4_4\LG\E_4_4_0\E_4_4_0_R_10\via_region_data.json
E_4_4_0_L_F_Y_Y_1993_4_2017.bmp308278,Non-Alcohol,C:\PycharmProjects\Alcohol Detection\dataset\Grupo_4\E_4_4\LG\E_4_4_0\E_4_4_0_R_10\via_region_data.json
E_4_4_0_L_F_Y_Y_1993_5_2017.bmp308278,Non-Alcohol,C:\PycharmProjects\Alcohol Detection\dataset\Grupo_4\E_4_4\LG\E_4_4_0\E_4_4_0_R_10\via_region_data.json
E_4_4_0_L_F_Y_Y_1993_6_2017.bmp308278,Non-Alcohol,C:\PycharmProjects\Alcohol Detection\dataset\Grupo_4\E_4_4\LG\E_4_4_0\E_4_4_0_R_10\via_region_data.json
E_4_4_0_L_F_Y_Y_1993_7_2017.bmp308278,Non-Alcohol,C:\PycharmProjects\Alcohol Detection\dataset\Grupo_4\E_4_4\LG\E_4_4_0\E_4_4_0_R_10\via_region_data.json
E_4_4_0_L_F_Y_Y_1993_8_2017.bmp308278,Non-Alcohol,C:\PycharmProjects\Alcohol Detection\dataset\Grupo_4\E_4_4\LG\E_4_4_0\E_4_4_0_R_10\via_region_data.json
E_4_4_0_L_F_Y_Y_1993_9_2017.bmp308278,Non-Alcohol,C:\PycharmProjects\Alcohol Detection\dataset\Grupo_4\E_4_4\LG\E_4_4_0\E_4_4_0_R_10\via_region_data.json
E_4_4_0_R_F_Y_Y_1993_0_2017.bmp308278,Non-Alcohol,C:\PycharmProjects\Alcohol Detection\dataset\Grupo_4\E_4_4\LG\E_4_4_0\E_4_4_0_R_10\via_region_data.json
E_4_4_0_R_F_Y_Y_1993_1_2017.bmp308278,Non-Alcohol,C:\PycharmProjects\Alcohol Detection\dataset\Grupo_4\E_4_4\LG\E_4_4_0\E_4_4_0_R_10\via_region_data.json
E_4_4_0_R_F_Y_Y_1993_2_2017.bmp308278,Non-Alcohol,C:\PycharmProjects\Alcohol Detection\dataset\Grupo_4\E_4_4\LG\E_4_4_0\E_4_4_0_R_10\via_region_data.json
E_4_4_0_R_F_Y_Y_1993_3_2017.bmp308278,Non-Alcohol,C:\PycharmProjects\Alcohol Detection\dataset\Grupo_4\E_4_4\LG\E_4_4_0\E_4_4_0_R_10\via_region_data.json
E_4_4_0_R_F_Y_Y_1993_4_2017.bmp308278,Non-Alcohol,C:\PycharmProjects\Alcohol Detection\dataset\Grupo_4\E_4_4\LG\E_4_4_0\E_4_4_0_R_10\via_region_data.json
E_4_4_0_R_F_Y_Y_1993_5_2017.bmp308278,Non-Alcohol,C:\PycharmProjects\Alcohol Detection\dataset\Grupo_4\E_4_4\LG\E_4_4_0\E_4_4_0_R_10\via_region_data.json
E_4_4_0_R_F_Y_Y_1993_6_2017.bmp308278,Non-Alcohol,C:\PycharmProjects\Alcohol Detection\dataset\Grupo_4\E_4_4\LG\E_4_4_0\E_4_4_0_R_10\via_region_data.json
E_4_4_0_R_F_Y_Y_1993_7_2017.bmp308278,Non-Alcohol,C:\PycharmProjects\Alcohol Detection\dataset\Grupo_4\E_4_4\LG\E_4_4_0\E_4_4_0_R_10\via_region_data.json
E_4_4_0_R_F_Y_Y_1993_8_2017.bmp308278,Non-Alcohol,C:\PycharmProjects\Alcohol Detection\dataset\Grupo_4\E_4_4\LG\E_4_4_0\E_4_4_0_R_10\via_region_data.json
E_4_4_0_R_F_Y_Y_1993_9_2017.bmp308278,Non-Alcohol,C:\PycharmProjects\Alcohol Detection\dataset\Grupo_4\E_4_4\LG\E_4_4_0\E_4_4_0_R_10\via_region_data.json
E_4_4_1_L_F_Y_Y_1993_0_2017.bmp308278,Non-Alcohol,C:\PycharmProjects\Alcohol Detection\dataset\Grupo_4\E_4_4\LG\E_4_4_1\E_4_4_1_R_10\via_region_data.json
E_4_4_1_L_F_Y_Y_1993_1_2017.bmp308278,Alcohol,C:\PycharmProjects\Alcohol Detection\dataset\Grupo_4\E_4_4\LG\E_4_4_1\E_4_4_1_R_10\via_region_data.json
E_4_4_1_L_F_Y_Y_1993_2_2017.bmp308278,Alcohol,C:\PycharmProjects\Alcohol Detection\dataset\Grupo_4\E_4_4\LG\E_4_4_1\E_4_4_1_R_10\via_region_data.json
E_4_4_1_L_F_Y_Y_1993_3_2017.bmp308278,Alcohol,C:\PycharmProjects\Alcohol Detection\dataset\Grupo_4\E_4_4\LG\E_4_4_1\E_4_4_1_R_10\via_region_data.json
E_4_4_1_L_F_Y_Y_1993_4_2017.bmp308278,Alcohol,C:\PycharmProjects\Alcohol Detection\dataset\Grupo_4\E_4_4\LG\E_4_4_1\E_4_4_1_R_10\via_region_data.json
E_4_4_1_L_F_Y_Y_1993_5_2017.bmp308278,Alcohol,C:\PycharmProjects\Alcohol Detection\dataset\Grupo_4\E_4_4\LG\E_4_4_1\E_4_4_1_R_10\via_region_data.json
E_4_4_1_L_F_Y_Y_1993_6_2017.bmp308278,Alcohol,C:\PycharmProjects\Alcohol Detection\dataset\Grupo_4\E_4_4\LG\E_4_4_1\E_4_4_1_R_10\via_region_data.json
E_4_4_1_L_F_Y_Y_1993_7_2017.bmp308278,Alcohol,C:\PycharmProjects\Alcohol Detection\dataset\Grupo_4\E_4_4\LG\E_4_4_1\E_4_4_1_R_10\via_region_data.json
E_4_4_1_L_F_Y_Y_1993_8_2017.bmp308278,Alcohol,C:\PycharmProjects\Alcohol Detection\dataset\Grupo_4\E_4_4\LG\E_4_4_1\E_4_4_1_R_10\via_region_data.json
E_4_4_1_L_F_Y_Y_1993_9_2017.bmp308278,Alcohol,C:\PycharmProjects\Alcohol Detection\dataset\Grupo_4\E_4_4\LG\E_4_4_1\E_4_4_1_R_10\via_region_data.json
E_4_4_1_R_F_Y_Y_1993_0_2017.bmp308278,Non-Alcohol,C:\PycharmProjects\Alcohol Detection\dataset\Grupo_4\E_4_4\LG\E_4_4_1\E_4_4_1_R_10\via_region_data.json
E_4_4_1_R_F_Y_Y_1993_1_2017.bmp308278,Alcohol,C:\PycharmProjects\Alcohol Detection\dataset\Grupo_4\E_4_4\LG\E_4_4_1\E_4_4_1_R_10\via_region_data.json
E_4_4_1_R_F_Y_Y_1993_2_2017.bmp308278,Alcohol,C:\PycharmProjects\Alcohol Detection\dataset\Grupo_4\E_4_4\LG\E_4_4_1\E_4_4_1_R_10\via_region_data.json
E_4_4_1_R_F_Y_Y_1993_3_2017.bmp308278,Alcohol,C:\PycharmProjects\Alcohol Detection\dataset\Grupo_4\E_4_4\LG\E_4_4_1\E_4_4_1_R_10\via_region_data.json
E_4_4_1_R_F_Y_Y_1993_4_2017.bmp308278,Alcohol,C:\PycharmProjects\Alcohol Detection\dataset\Grupo_4\E_4_4\LG\E_4_4_1\E_4_4_1_R_10\via_region_data.json
E_4_4_1_R_F_Y_Y_1993_5_2017.bmp308278,Alcohol,C:\PycharmProjects\Alcohol Detection\dataset\Grupo_4\E_4_4\LG\E_4_4_1\E_4_4_1_R_10\via_region_data.json
E_4_4_1_R_F_Y_Y_1993_6_2017.bmp308278,Alcohol,C:\PycharmProjects\Alcohol Detection\dataset\Grupo_4\E_4_4\LG\E_4_4_1\E_4_4_1_R_10\via_region_data.json
E_4_4_1_R_F_Y_Y_1993_7_2017.bmp308278,Alcohol,C:\PycharmProjects\Alcohol Detection\dataset\Grupo_4\E_4_4\LG\E_4_4_1\E_4_4_1_R_10\via_region_data.json
E_4_4_1_R_F_Y_Y_1993_8_2017.bmp308278,Alcohol,C:\PycharmProjects\Alcohol Detection\dataset\Grupo_4\E_4_4\LG\E_4_4_1\E_4_4_1_R_10\via_region_data.json
E_4_4_1_R_F_Y_Y_1993_9_2017.bmp308278,Alcohol,C:\PycharmProjects\Alcohol Detection\dataset\Grupo_4\E_4_4\LG\E_4_4_1\E_4_4_1_R_10\via_region_data.json
E_4_4_2_L_F_Y_Y_1993_0_2017.bmp308278,Non-Alcohol,C:\PycharmProjects\Alcohol Detection\dataset\Grupo_4\E_4_4\LG\E_4_4_2\E_4_4_2_R_10\via_region_data.json
E_4_4_2_L_F_Y_Y_1993_1_2017.bmp308278,Alcohol,C:\PycharmProjects\Alcohol Detection\dataset\Grupo_4\E_4_4\LG\E_4_4_2\E_4_4_2_R_10\via_region_data.json
E_4_4_2_L_F_Y_Y_1993_2_2017.bmp308278,Alcohol,C:\PycharmProjects\Alcohol Detection\dataset\Grupo_4\E_4_4\LG\E_4_4_2\E_4_4_2_R_10\via_region_data.json
E_4_4_2_L_F_Y_Y_1993_3_2017.bmp308278,Alcohol,C:\PycharmProjects\Alcohol Detection\dataset\Grupo_4\E_4_4\LG\E_4_4_2\E_4_4_2_R_10\via_region_data.json
E_4_4_2_L_F_Y_Y_1993_4_2017.bmp308278,Alcohol,C:\PycharmProjects\Alcohol Detection\dataset\Grupo_4\E_4_4\LG\E_4_4_2\E_4_4_2_R_10\via_region_data.json
E_4_4_2_L_F_Y_Y_1993_5_2017.bmp308278,Alcohol,C:\PycharmProjects\Alcohol Detection\dataset\Grupo_4\E_4_4\LG\E_4_4_2\E_4_4_2_R_10\via_region_data.json
E_4_4_2_L_F_Y_Y_1993_6_2017.bmp308278,Alcohol,C:\PycharmProjects\Alcohol Detection\dataset\Grupo_4\E_4_4\LG\E_4_4_2\E_4_4_2_R_10\via_region_data.json
E_4_4_2_L_F_Y_Y_1993_7_2017.bmp308278,Alcohol,C:\PycharmProjects\Alcohol Detection\dataset\Grupo_4\E_4_4\LG\E_4_4_2\E_4_4_2_R_10\via_region_data.json
E_4_4_2_L_F_Y_Y_1993_8_2017.bmp308278,Alcohol,C:\PycharmProjects\Alcohol Detection\dataset\Grupo_4\E_4_4\LG\E_4_4_2\E_4_4_2_R_10\via_region_data.json
E_4_4_2_L_F_Y_Y_1993_9_2017.bmp308278,Alcohol,C:\PycharmProjects\Alcohol Detection\dataset\Grupo_4\E_4_4\LG\E_4_4_2\E_4_4_2_R_10\via_region_data.json
E_4_4_2_R_F_Y_Y_1993_0_2017.bmp308278,Non-Alcohol,C:\PycharmProjects\Alcohol Detection\dataset\Grupo_4\E_4_4\LG\E_4_4_2\E_4_4_2_R_10\via_region_data.json
E_4_4_2_R_F_Y_Y_1993_1_2017.bmp308278,Alcohol,C:\PycharmProjects\Alcohol Detection\dataset\Grupo_4\E_4_4\LG\E_4_4_2\E_4_4_2_R_10\via_region_data.json
E_4_4_2_R_F_Y_Y_1993_2_2017.bmp308278,Alcohol,C:\PycharmProjects\Alcohol Detection\dataset\Grupo_4\E_4_4\LG\E_4_4_2\E_4_4_2_R_10\via_region_data.json
E_4_4_2_R_F_Y_Y_1993_3_2017.bmp308278,Alcohol,C:\PycharmProjects\Alcohol Detection\dataset\Grupo_4\E_4_4\LG\E_4_4_2\E_4_4_2_R_10\via_region_data.json
E_4_4_2_R_F_Y_Y_1993_4_2017.bmp308278,Alcohol,C:\PycharmProjects\Alcohol Detection\dataset\Grupo_4\E_4_4\LG\E_4_4_2\E_4_4_2_R_10\via_region_data.json
E_4_4_2_R_F_Y_Y_1993_5_2017.bmp308278,Alcohol,C:\PycharmProjects\Alcohol Detection\dataset\Grupo_4\E_4_4\LG\E_4_4_2\E_4_4_2_R_10\via_region_data.json
E_4_4_2_R_F_Y_Y_1993_6_2017.bmp308278,Alcohol,C:\PycharmProjects\Alcohol Detection\dataset\Grupo_4\E_4_4\LG\E_4_4_2\E_4_4_2_R_10\via_region_data.json
E_4_4_2_R_F_Y_Y_1993_7_2017.bmp308278,Alcohol,C:\PycharmProjects\Alcohol Detection\dataset\Grupo_4\E_4_4\LG\E_4_4_2\E_4_4_2_R_10\via_region_data.json
E_4_4_2_R_F_Y_Y_1993_8_2017.bmp308278,Alcohol,C:\PycharmProjects\Alcohol Detection\dataset\Grupo_4\E_4_4\LG\E_4_4_2\E_4_4_2_R_10\via_region_data.json
E_4_4_2_R_F_Y_Y_1993_9_2017.bmp308278,Alcohol,C:\PycharmProjects\Alcohol Detection\dataset\Grupo_4\E_4_4\LG\E_4_4_2\E_4_4_2_R_10\via_region_data.json
E_4_4_3_L_F_Y_Y_1993_0_2017.bmp308278,Non-Alcohol,C:\PycharmProjects\Alcohol Detection\dataset\Grupo_4\E_4_4\LG\E_4_4_3\E_4_4_3_R_10\via_region_data.json
E_4_4_3_L_F_Y_Y_1993_1_2017.bmp308278,Alcohol,C:\PycharmProjects\Alcohol Detection\dataset\Grupo_4\E_4_4\LG\E_4_4_3\E_4_4_3_R_10\via_region_data.json
E_4_4_3_L_F_Y_Y_1993_2_2017.bmp308278,Alcohol,C:\PycharmProjects\Alcohol Detection\dataset\Grupo_4\E_4_4\LG\E_4_4_3\E_4_4_3_R_10\via_region_data.json
E_4_4_3_L_F_Y_Y_1993_3_2017.bmp308278,Alcohol,C:\PycharmProjects\Alcohol Detection\dataset\Grupo_4\E_4_4\LG\E_4_4_3\E_4_4_3_R_10\via_region_data.json
E_4_4_3_L_F_Y_Y_1993_4_2017.bmp308278,Alcohol,C:\PycharmProjects\Alcohol Detection\dataset\Grupo_4\E_4_4\LG\E_4_4_3\E_4_4_3_R_10\via_region_data.json
E_4_4_3_L_F_Y_Y_1993_5_2017.bmp308278,Alcohol,C:\PycharmProjects\Alcohol Detection\dataset\Grupo_4\E_4_4\LG\E_4_4_3\E_4_4_3_R_10\via_region_data.json
E_4_4_3_L_F_Y_Y_1993_6_2017.bmp308278,Alcohol,C:\PycharmProjects\Alcohol Detection\dataset\Grupo_4\E_4_4\LG\E_4_4_3\E_4_4_3_R_10\via_region_data.json
E_4_4_3_L_F_Y_Y_1993_7_2017.bmp308278,Alcohol,C:\PycharmProjects\Alcohol Detection\dataset\Grupo_4\E_4_4\LG\E_4_4_3\E_4_4_3_R_10\via_region_data.json
E_4_4_3_L_F_Y_Y_1993_8_2017.bmp308278,Alcohol,C:\PycharmProjects\Alcohol Detection\dataset\Grupo_4\E_4_4\LG\E_4_4_3\E_4_4_3_R_10\via_region_data.json
E_4_4_3_L_F_Y_Y_1993_9_2017.bmp308278,Alcohol,C:\PycharmProjects\Alcohol Detection\dataset\Grupo_4\E_4_4\LG\E_4_4_3\E_4_4_3_R_10\via_region_data.json
E_4_4_3_R_F_Y_Y_1993_0_2017.bmp308278,Non-Alcohol,C:\PycharmProjects\Alcohol Detection\dataset\Grupo_4\E_4_4\LG\E_4_4_3\E_4_4_3_R_10\via_region_data.json
E_4_4_3_R_F_Y_Y_1993_1_2017.bmp308278,Alcohol,C:\PycharmProjects\Alcohol Detection\dataset\Grupo_4\E_4_4\LG\E_4_4_3\E_4_4_3_R_10\via_region_data.json
E_4_4_3_R_F_Y_Y_1993_2_2017.bmp308278,Alcohol,C:\PycharmProjects\Alcohol Detection\dataset\Grupo_4\E_4_4\LG\E_4_4_3\E_4_4_3_R_10\via_region_data.json
E_4_4_3_R_F_Y_Y_1993_3_2017.bmp308278,Alcohol,C:\PycharmProjects\Alcohol Detection\dataset\Grupo_4\E_4_4\LG\E_4_4_3\E_4_4_3_R_10\via_region_data.json
E_4_4_3_R_F_Y_Y_1993_4_2017.bmp308278,Alcohol,C:\PycharmProjects\Alcohol Detection\dataset\Grupo_4\E_4_4\LG\E_4_4_3\E_4_4_3_R_10\via_region_data.json
E_4_4_3_R_F_Y_Y_1993_5_2017.bmp308278,Alcohol,C:\PycharmProjects\Alcohol Detection\dataset\Grupo_4\E_4_4\LG\E_4_4_3\E_4_4_3_R_10\via_region_data.json
E_4_4_3_R_F_Y_Y_1993_6_2017.bmp308278,Alcohol,C:\PycharmProjects\Alcohol Detection\dataset\Grupo_4\E_4_4\LG\E_4_4_3\E_4_4_3_R_10\via_region_data.json
E_4_4_3_R_F_Y_Y_1993_7_2017.bmp308278,Alcohol,C:\PycharmProjects\Alcohol Detection\dataset\Grupo_4\E_4_4\LG\E_4_4_3\E_4_4_3_R_10\via_region_data.json
E_4_4_3_R_F_Y_Y_1993_8_2017.bmp308278,Alcohol,C:\PycharmProjects\Alcohol Detection\dataset\Grupo_4\E_4_4\LG\E_4_4_3\E_4_4_3_R_10\via_region_data.json
E_4_4_3_R_F_Y_Y_1993_9_2017.bmp308278,Alcohol,C:\PycharmProjects\Alcohol Detection\dataset\Grupo_4\E_4_4\LG\E_4_4_3\E_4_4_3_R_10\via_region_data.json
E_4_4_4_L_F_Y_Y_1993_0_2017.bmp308278,Non-Alcohol,C:\PycharmProjects\Alcohol Detection\dataset\Grupo_4\E_4_4\LG\E_4_4_4\E_4_4_4_R_10\via_region_data.json
E_4_4_4_L_F_Y_Y_1993_1_2017.bmp308278,Alcohol,C:\PycharmProjects\Alcohol Detection\dataset\Grupo_4\E_4_4\LG\E_4_4_4\E_4_4_4_R_10\via_region_data.json
E_4_4_4_L_F_Y_Y_1993_2_2017.bmp308278,Alcohol,C:\PycharmProjects\Alcohol Detection\dataset\Grupo_4\E_4_4\LG\E_4_4_4\E_4_4_4_R_10\via_region_data.json
E_4_4_4_L_F_Y_Y_1993_3_2017.bmp308278,Alcohol,C:\PycharmProjects\Alcohol Detection\dataset\Grupo_4\E_4_4\LG\E_4_4_4\E_4_4_4_R_10\via_region_data.json
E_4_4_4_L_F_Y_Y_1993_4_2017.bmp308278,Alcohol,C:\PycharmProjects\Alcohol Detection\dataset\Grupo_4\E_4_4\LG\E_4_4_4\E_4_4_4_R_10\via_region_data.json
E_4_4_4_L_F_Y_Y_1993_5_2017.bmp308278,Alcohol,C:\PycharmProjects\Alcohol Detection\dataset\Grupo_4\E_4_4\LG\E_4_4_4\E_4_4_4_R_10\via_region_data.json
E_4_4_4_L_F_Y_Y_1993_6_2017.bmp308278,Alcohol,C:\PycharmProjects\Alcohol Detection\dataset\Grupo_4\E_4_4\LG\E_4_4_4\E_4_4_4_R_10\via_region_data.json
E_4_4_4_L_F_Y_Y_1993_7_2017.bmp308278,Alcohol,C:\PycharmProjects\Alcohol Detection\dataset\Grupo_4\E_4_4\LG\E_4_4_4\E_4_4_4_R_10\via_region_data.json
E_4_4_4_L_F_Y_Y_1993_8_2017.bmp308278,Alcohol,C:\PycharmProjects\Alcohol Detection\dataset\Grupo_4\E_4_4\LG\E_4_4_4\E_4_4_4_R_10\via_region_data.json
E_4_4_4_L_F_Y_Y_1993_9_2017.bmp308278,Alcohol,C:\PycharmProjects\Alcohol Detection\dataset\Grupo_4\E_4_4\LG\E_4_4_4\E_4_4_4_R_10\via_region_data.json
E_4_4_4_R_F_Y_Y_1993_0_2017.bmp308278,Non-Alcohol,C:\PycharmProjects\Alcohol Detection\dataset\Grupo_4\E_4_4\LG\E_4_4_4\E_4_4_4_R_10\via_region_data.json
E_4_4_4_R_F_Y_Y_1993_1_2017.bmp308278,Alcohol,C:\PycharmProjects\Alcohol Detection\dataset\Grupo_4\E_4_4\LG\E_4_4_4\E_4_4_4_R_10\via_region_data.json
E_4_4_4_R_F_Y_Y_1993_2_2017.bmp308278,Alcohol,C:\PycharmProjects\Alcohol Detection\dataset\Grupo_4\E_4_4\LG\E_4_4_4\E_4_4_4_R_10\via_region_data.json
E_4_4_4_R_F_Y_Y_1993_3_2017.bmp308278,Alcohol,C:\PycharmProjects\Alcohol Detection\dataset\Grupo_4\E_4_4\LG\E_4_4_4\E_4_4_4_R_10\via_region_data.json
E_4_4_4_R_F_Y_Y_1993_4_2017.bmp308278,Alcohol,C:\PycharmProjects\Alcohol Detection\dataset\Grupo_4\E_4_4\LG\E_4_4_4\E_4_4_4_R_10\via_region_data.json
E_4_4_4_R_F_Y_Y_1993_5_2017.bmp308278,Alcohol,C:\PycharmProjects\Alcohol Detection\dataset\Grupo_4\E_4_4\LG\E_4_4_4\E_4_4_4_R_10\via_region_data.json
E_4_4_4_R_F_Y_Y_1993_6_2017.bmp308278,Alcohol,C:\PycharmProjects\Alcohol Detection\dataset\Grupo_4\E_4_4\LG\E_4_4_4\E_4_4_4_R_10\via_region_data.json
E_4_4_4_R_F_Y_Y_1993_7_2017.bmp308278,Alcohol,C:\PycharmProjects\Alcohol Detection\dataset\Grupo_4\E_4_4\LG\E_4_4_4\E_4_4_4_R_10\via_region_data.json
E_4_4_4_R_F_Y_Y_1993_8_2017.bmp308278,Alcohol,C:\PycharmProjects\Alcohol Detection\dataset\Grupo_4\E_4_4\LG\E_4_4_4\E_4_4_4_R_10\via_region_data.json
E_4_4_4_R_F_Y_Y_1993_9_2017.bmp308278,Alcohol,C:\PycharmProjects\Alcohol Detection\dataset\Grupo_4\E_4_4\LG\E_4_4_4\E_4_4_4_R_10\via_region_data.json
E_4_5_0_L_M_N_N_1989_0_2017.bmp308278,Non-Alcohol,C:\PycharmProjects\Alcohol Detection\dataset\Grupo_4\E_4_5\Iritech\E_4_5_0\via_region_data.json
E_4_5_0_R_M_N_N_1989_0_2017.bmp308278,Non-Alcohol,C:\PycharmProjects\Alcohol Detection\dataset\Grupo_4\E_4_5\Iritech\E_4_5_0\via_region_data.json
E_4_5_1_L_M_N_N_1989_0_2017.bmp308278,Non-Alcohol,C:\PycharmProjects\Alcohol Detection\dataset\Grupo_4\E_4_5\Iritech\E_4_5_1\via_region_data.json
E_4_5_1_R_M_N_N_1989_0_2017.bmp308278,Non-Alcohol,C:\PycharmProjects\Alcohol Detection\dataset\Grupo_4\E_4_5\Iritech\E_4_5_1\via_region_data.json
E_4_5_2_L_M_N_N_1989_0_2017.bmp308278,Non-Alcohol,C:\PycharmProjects\Alcohol Detection\dataset\Grupo_4\E_4_5\Iritech\E_4_5_2\via_region_data.json
E_4_5_2_R_M_N_N_1989_0_2017.bmp308278,Non-Alcohol,C:\PycharmProjects\Alcohol Detection\dataset\Grupo_4\E_4_5\Iritech\E_4_5_2\via_region_data.json
E_4_5_3_L_M_N_N_1989_0_2017.bmp308278,Non-Alcohol,C:\PycharmProjects\Alcohol Detection\dataset\Grupo_4\E_4_5\Iritech\E_4_5_3\via_region_data.json
E_4_5_3_R_M_N_N_1989_0_2017.bmp308278,Non-Alcohol,C:\PycharmProjects\Alcohol Detection\dataset\Grupo_4\E_4_5\Iritech\E_4_5_3\via_region_data.json
E_4_5_4_L_M_N_N_1989_0_2017.bmp308278,Non-Alcohol,C:\PycharmProjects\Alcohol Detection\dataset\Grupo_4\E_4_5\Iritech\E_4_5_4\via_region_data.json
E_4_5_4_R_M_N_N_1989_0_2017.bmp308278,Non-Alcohol,C:\PycharmProjects\Alcohol Detection\dataset\Grupo_4\E_4_5\Iritech\E_4_5_4\via_region_data.json
E_4_5_0_L_M_N_N_1989_0_2017.bmp308278,Non-Alcohol,C:\PycharmProjects\Alcohol Detection\dataset\Grupo_4\E_4_5\LG\E_4_5_0\E_4_5_0_R_10\via_region_data.json
E_4_5_0_L_M_N_N_1989_1_2017.bmp308278,Non-Alcohol,C:\PycharmProjects\Alcohol Detection\dataset\Grupo_4\E_4_5\LG\E_4_5_0\E_4_5_0_R_10\via_region_data.json
E_4_5_0_L_M_N_N_1989_2_2017.bmp308278,Non-Alcohol,C:\PycharmProjects\Alcohol Detection\dataset\Grupo_4\E_4_5\LG\E_4_5_0\E_4_5_0_R_10\via_region_data.json
E_4_5_0_L_M_N_N_1989_3_2017.bmp308278,Non-Alcohol,C:\PycharmProjects\Alcohol Detection\dataset\Grupo_4\E_4_5\LG\E_4_5_0\E_4_5_0_R_10\via_region_data.json
E_4_5_0_L_M_N_N_1989_4_2017.bmp308278,Non-Alcohol,C:\PycharmProjects\Alcohol Detection\dataset\Grupo_4\E_4_5\LG\E_4_5_0\E_4_5_0_R_10\via_region_data.json
E_4_5_0_L_M_N_N_1989_5_2017.bmp308278,Non-Alcohol,C:\PycharmProjects\Alcohol Detection\dataset\Grupo_4\E_4_5\LG\E_4_5_0\E_4_5_0_R_10\via_region_data.json
E_4_5_0_L_M_N_N_1989_6_2017.bmp308278,Non-Alcohol,C:\PycharmProjects\Alcohol Detection\dataset\Grupo_4\E_4_5\LG\E_4_5_0\E_4_5_0_R_10\via_region_data.json
E_4_5_0_L_M_N_N_1989_7_2017.bmp308278,Non-Alcohol,C:\PycharmProjects\Alcohol Detection\dataset\Grupo_4\E_4_5\LG\E_4_5_0\E_4_5_0_R_10\via_region_data.json
E_4_5_0_L_M_N_N_1989_8_2017.bmp308278,Non-Alcohol,C:\PycharmProjects\Alcohol Detection\dataset\Grupo_4\E_4_5\LG\E_4_5_0\E_4_5_0_R_10\via_region_data.json
E_4_5_0_L_M_N_N_1989_9_2017.bmp308278,Non-Alcohol,C:\PycharmProjects\Alcohol Detection\dataset\Grupo_4\E_4_5\LG\E_4_5_0\E_4_5_0_R_10\via_region_data.json
E_4_5_0_R_M_N_N_1989_0_2017.bmp308278,Non-Alcohol,C:\PycharmProjects\Alcohol Detection\dataset\Grupo_4\E_4_5\LG\E_4_5_0\E_4_5_0_R_10\via_region_data.json
E_4_5_0_R_M_N_N_1989_1_2017.bmp308278,Non-Alcohol,C:\PycharmProjects\Alcohol Detection\dataset\Grupo_4\E_4_5\LG\E_4_5_0\E_4_5_0_R_10\via_region_data.json
E_4_5_0_R_M_N_N_1989_2_2017.bmp308278,Non-Alcohol,C:\PycharmProjects\Alcohol Detection\dataset\Grupo_4\E_4_5\LG\E_4_5_0\E_4_5_0_R_10\via_region_data.json
E_4_5_0_R_M_N_N_1989_3_2017.bmp308278,Non-Alcohol,C:\PycharmProjects\Alcohol Detection\dataset\Grupo_4\E_4_5\LG\E_4_5_0\E_4_5_0_R_10\via_region_data.json
E_4_5_0_R_M_N_N_1989_4_2017.bmp308278,Non-Alcohol,C:\PycharmProjects\Alcohol Detection\dataset\Grupo_4\E_4_5\LG\E_4_5_0\E_4_5_0_R_10\via_region_data.json
E_4_5_0_R_M_N_N_1989_5_2017.bmp308278,Non-Alcohol,C:\PycharmProjects\Alcohol Detection\dataset\Grupo_4\E_4_5\LG\E_4_5_0\E_4_5_0_R_10\via_region_data.json
E_4_5_0_R_M_N_N_1989_6_2017.bmp308278,Non-Alcohol,C:\PycharmProjects\Alcohol Detection\dataset\Grupo_4\E_4_5\LG\E_4_5_0\E_4_5_0_R_10\via_region_data.json
E_4_5_0_R_M_N_N_1989_7_2017.bmp308278,Non-Alcohol,C:\PycharmProjects\Alcohol Detection\dataset\Grupo_4\E_4_5\LG\E_4_5_0\E_4_5_0_R_10\via_region_data.json
E_4_5_0_R_M_N_N_1989_8_2017.bmp308278,Non-Alcohol,C:\PycharmProjects\Alcohol Detection\dataset\Grupo_4\E_4_5\LG\E_4_5_0\E_4_5_0_R_10\via_region_data.json
E_4_5_0_R_M_N_N_1989_9_2017.bmp308278,Non-Alcohol,C:\PycharmProjects\Alcohol Detection\dataset\Grupo_4\E_4_5\LG\E_4_5_0\E_4_5_0_R_10\via_region_data.json
E_4_5_1_L_M_N_N_1989_0_2017.bmp308278,Non-Alcohol,C:\PycharmProjects\Alcohol Detection\dataset\Grupo_4\E_4_5\LG\E_4_5_1\E_4_5_1_R_10\via_region_data.json
E_4_5_1_L_M_N_N_1989_1_2017.bmp308278,Alcohol,C:\PycharmProjects\Alcohol Detection\dataset\Grupo_4\E_4_5\LG\E_4_5_1\E_4_5_1_R_10\via_region_data.json
E_4_5_1_L_M_N_N_1989_2_2017.bmp308278,Alcohol,C:\PycharmProjects\Alcohol Detection\dataset\Grupo_4\E_4_5\LG\E_4_5_1\E_4_5_1_R_10\via_region_data.json
E_4_5_1_L_M_N_N_1989_3_2017.bmp308278,Alcohol,C:\PycharmProjects\Alcohol Detection\dataset\Grupo_4\E_4_5\LG\E_4_5_1\E_4_5_1_R_10\via_region_data.json
E_4_5_1_L_M_N_N_1989_4_2017.bmp308278,Alcohol,C:\PycharmProjects\Alcohol Detection\dataset\Grupo_4\E_4_5\LG\E_4_5_1\E_4_5_1_R_10\via_region_data.json
E_4_5_1_L_M_N_N_1989_5_2017.bmp308278,Alcohol,C:\PycharmProjects\Alcohol Detection\dataset\Grupo_4\E_4_5\LG\E_4_5_1\E_4_5_1_R_10\via_region_data.json
E_4_5_1_L_M_N_N_1989_6_2017.bmp308278,Alcohol,C:\PycharmProjects\Alcohol Detection\dataset\Grupo_4\E_4_5\LG\E_4_5_1\E_4_5_1_R_10\via_region_data.json
E_4_5_1_L_M_N_N_1989_7_2017.bmp308278,Alcohol,C:\PycharmProjects\Alcohol Detection\dataset\Grupo_4\E_4_5\LG\E_4_5_1\E_4_5_1_R_10\via_region_data.json
E_4_5_1_L_M_N_N_1989_8_2017.bmp308278,Alcohol,C:\PycharmProjects\Alcohol Detection\dataset\Grupo_4\E_4_5\LG\E_4_5_1\E_4_5_1_R_10\via_region_data.json
E_4_5_1_L_M_N_N_1989_9_2017.bmp308278,Alcohol,C:\PycharmProjects\Alcohol Detection\dataset\Grupo_4\E_4_5\LG\E_4_5_1\E_4_5_1_R_10\via_region_data.json
E_4_5_1_R_M_N_N_1989_0_2017.bmp308278,Non-Alcohol,C:\PycharmProjects\Alcohol Detection\dataset\Grupo_4\E_4_5\LG\E_4_5_1\E_4_5_1_R_10\via_region_data.json
E_4_5_1_R_M_N_N_1989_1_2017.bmp308278,Alcohol,C:\PycharmProjects\Alcohol Detection\dataset\Grupo_4\E_4_5\LG\E_4_5_1\E_4_5_1_R_10\via_region_data.json
E_4_5_1_R_M_N_N_1989_2_2017.bmp308278,Alcohol,C:\PycharmProjects\Alcohol Detection\dataset\Grupo_4\E_4_5\LG\E_4_5_1\E_4_5_1_R_10\via_region_data.json
E_4_5_1_R_M_N_N_1989_3_2017.bmp308278,Alcohol,C:\PycharmProjects\Alcohol Detection\dataset\Grupo_4\E_4_5\LG\E_4_5_1\E_4_5_1_R_10\via_region_data.json
E_4_5_1_R_M_N_N_1989_4_2017.bmp308278,Alcohol,C:\PycharmProjects\Alcohol Detection\dataset\Grupo_4\E_4_5\LG\E_4_5_1\E_4_5_1_R_10\via_region_data.json
E_4_5_1_R_M_N_N_1989_5_2017.bmp308278,Alcohol,C:\PycharmProjects\Alcohol Detection\dataset\Grupo_4\E_4_5\LG\E_4_5_1\E_4_5_1_R_10\via_region_data.json
E_4_5_1_R_M_N_N_1989_6_2017.bmp308278,Alcohol,C:\PycharmProjects\Alcohol Detection\dataset\Grupo_4\E_4_5\LG\E_4_5_1\E_4_5_1_R_10\via_region_data.json
E_4_5_1_R_M_N_N_1989_7_2017.bmp308278,Alcohol,C:\PycharmProjects\Alcohol Detection\dataset\Grupo_4\E_4_5\LG\E_4_5_1\E_4_5_1_R_10\via_region_data.json
E_4_5_1_R_M_N_N_1989_8_2017.bmp308278,Alcohol,C:\PycharmProjects\Alcohol Detection\dataset\Grupo_4\E_4_5\LG\E_4_5_1\E_4_5_1_R_10\via_region_data.json
E_4_5_1_R_M_N_N_1989_9_2017.bmp308278,Alcohol,C:\PycharmProjects\Alcohol Detection\dataset\Grupo_4\E_4_5\LG\E_4_5_1\E_4_5_1_R_10\via_region_data.json
E_4_5_2_L_M_N_N_1989_0_2017.bmp308278,Non-Alcohol,C:\PycharmProjects\Alcohol Detection\dataset\Grupo_4\E_4_5\LG\E_4_5_2\E_4_5_2_R_10\via_region_data.json
E_4_5_2_L_M_N_N_1989_1_2017.bmp308278,Alcohol,C:\PycharmProjects\Alcohol Detection\dataset\Grupo_4\E_4_5\LG\E_4_5_2\E_4_5_2_R_10\via_region_data.json
E_4_5_2_L_M_N_N_1989_2_2017.bmp308278,Alcohol,C:\PycharmProjects\Alcohol Detection\dataset\Grupo_4\E_4_5\LG\E_4_5_2\E_4_5_2_R_10\via_region_data.json
E_4_5_2_L_M_N_N_1989_3_2017.bmp308278,Alcohol,C:\PycharmProjects\Alcohol Detection\dataset\Grupo_4\E_4_5\LG\E_4_5_2\E_4_5_2_R_10\via_region_data.json
E_4_5_2_L_M_N_N_1989_4_2017.bmp308278,Alcohol,C:\PycharmProjects\Alcohol Detection\dataset\Grupo_4\E_4_5\LG\E_4_5_2\E_4_5_2_R_10\via_region_data.json
E_4_5_2_L_M_N_N_1989_5_2017.bmp308278,Alcohol,C:\PycharmProjects\Alcohol Detection\dataset\Grupo_4\E_4_5\LG\E_4_5_2\E_4_5_2_R_10\via_region_data.json
E_4_5_2_L_M_N_N_1989_6_2017.bmp308278,Alcohol,C:\PycharmProjects\Alcohol Detection\dataset\Grupo_4\E_4_5\LG\E_4_5_2\E_4_5_2_R_10\via_region_data.json
E_4_5_2_L_M_N_N_1989_7_2017.bmp308278,Alcohol,C:\PycharmProjects\Alcohol Detection\dataset\Grupo_4\E_4_5\LG\E_4_5_2\E_4_5_2_R_10\via_region_data.json
E_4_5_2_L_M_N_N_1989_8_2017.bmp308278,Alcohol,C:\PycharmProjects\Alcohol Detection\dataset\Grupo_4\E_4_5\LG\E_4_5_2\E_4_5_2_R_10\via_region_data.json
E_4_5_2_L_M_N_N_1989_9_2017.bmp308278,Alcohol,C:\PycharmProjects\Alcohol Detection\dataset\Grupo_4\E_4_5\LG\E_4_5_2\E_4_5_2_R_10\via_region_data.json
E_4_5_2_R_M_N_N_1989_0_2017.bmp308278,Non-Alcohol,C:\PycharmProjects\Alcohol Detection\dataset\Grupo_4\E_4_5\LG\E_4_5_2\E_4_5_2_R_10\via_region_data.json
E_4_5_2_R_M_N_N_1989_1_2017.bmp308278,Alcohol,C:\PycharmProjects\Alcohol Detection\dataset\Grupo_4\E_4_5\LG\E_4_5_2\E_4_5_2_R_10\via_region_data.json
E_4_5_2_R_M_N_N_1989_2_2017.bmp308278,Alcohol,C:\PycharmProjects\Alcohol Detection\dataset\Grupo_4\E_4_5\LG\E_4_5_2\E_4_5_2_R_10\via_region_data.json
E_4_5_2_R_M_N_N_1989_3_2017.bmp308278,Alcohol,C:\PycharmProjects\Alcohol Detection\dataset\Grupo_4\E_4_5\LG\E_4_5_2\E_4_5_2_R_10\via_region_data.json
E_4_5_2_R_M_N_N_1989_4_2017.bmp308278,Alcohol,C:\PycharmProjects\Alcohol Detection\dataset\Grupo_4\E_4_5\LG\E_4_5_2\E_4_5_2_R_10\via_region_data.json
E_4_5_2_R_M_N_N_1989_5_2017.bmp308278,Alcohol,C:\PycharmProjects\Alcohol Detection\dataset\Grupo_4\E_4_5\LG\E_4_5_2\E_4_5_2_R_10\via_region_data.json
E_4_5_2_R_M_N_N_1989_6_2017.bmp308278,Alcohol,C:\PycharmProjects\Alcohol Detection\dataset\Grupo_4\E_4_5\LG\E_4_5_2\E_4_5_2_R_10\via_region_data.json
E_4_5_2_R_M_N_N_1989_7_2017.bmp308278,Alcohol,C:\PycharmProjects\Alcohol Detection\dataset\Grupo_4\E_4_5\LG\E_4_5_2\E_4_5_2_R_10\via_region_data.json
E_4_5_2_R_M_N_N_1989_8_2017.bmp308278,Alcohol,C:\PycharmProjects\Alcohol Detection\dataset\Grupo_4\E_4_5\LG\E_4_5_2\E_4_5_2_R_10\via_region_data.json
E_4_5_2_R_M_N_N_1989_9_2017.bmp308278,Alcohol,C:\PycharmProjects\Alcohol Detection\dataset\Grupo_4\E_4_5\LG\E_4_5_2\E_4_5_2_R_10\via_region_data.json
E_4_5_3_L_M_N_N_1989_0_2017.bmp308278,Non-Alcohol,C:\PycharmProjects\Alcohol Detection\dataset\Grupo_4\E_4_5\LG\E_4_5_3\E_4_5_3_R_10\via_region_data.json
E_4_5_3_L_M_N_N_1989_1_2017.bmp308278,Alcohol,C:\PycharmProjects\Alcohol Detection\dataset\Grupo_4\E_4_5\LG\E_4_5_3\E_4_5_3_R_10\via_region_data.json
E_4_5_3_L_M_N_N_1989_2_2017.bmp308278,Alcohol,C:\PycharmProjects\Alcohol Detection\dataset\Grupo_4\E_4_5\LG\E_4_5_3\E_4_5_3_R_10\via_region_data.json
E_4_5_3_L_M_N_N_1989_3_2017.bmp308278,Alcohol,C:\PycharmProjects\Alcohol Detection\dataset\Grupo_4\E_4_5\LG\E_4_5_3\E_4_5_3_R_10\via_region_data.json
E_4_5_3_L_M_N_N_1989_4_2017.bmp308278,Alcohol,C:\PycharmProjects\Alcohol Detection\dataset\Grupo_4\E_4_5\LG\E_4_5_3\E_4_5_3_R_10\via_region_data.json
E_4_5_3_L_M_N_N_1989_5_2017.bmp308278,Alcohol,C:\PycharmProjects\Alcohol Detection\dataset\Grupo_4\E_4_5\LG\E_4_5_3\E_4_5_3_R_10\via_region_data.json
E_4_5_3_L_M_N_N_1989_6_2017.bmp308278,Alcohol,C:\PycharmProjects\Alcohol Detection\dataset\Grupo_4\E_4_5\LG\E_4_5_3\E_4_5_3_R_10\via_region_data.json
E_4_5_3_L_M_N_N_1989_7_2017.bmp308278,Alcohol,C:\PycharmProjects\Alcohol Detection\dataset\Grupo_4\E_4_5\LG\E_4_5_3\E_4_5_3_R_10\via_region_data.json
E_4_5_3_L_M_N_N_1989_8_2017.bmp308278,Alcohol,C:\PycharmProjects\Alcohol Detection\dataset\Grupo_4\E_4_5\LG\E_4_5_3\E_4_5_3_R_10\via_region_data.json
E_4_5_3_L_M_N_N_1989_9_2017.bmp308278,Alcohol,C:\PycharmProjects\Alcohol Detection\dataset\Grupo_4\E_4_5\LG\E_4_5_3\E_4_5_3_R_10\via_region_data.json
E_4_5_3_R_M_N_N_1989_0_2017.bmp308278,Non-Alcohol,C:\PycharmProjects\Alcohol Detection\dataset\Grupo_4\E_4_5\LG\E_4_5_3\E_4_5_3_R_10\via_region_data.json
E_4_5_3_R_M_N_N_1989_1_2017.bmp308278,Alcohol,C:\PycharmProjects\Alcohol Detection\dataset\Grupo_4\E_4_5\LG\E_4_5_3\E_4_5_3_R_10\via_region_data.json
E_4_5_3_R_M_N_N_1989_2_2017.bmp308278,Alcohol,C:\PycharmProjects\Alcohol Detection\dataset\Grupo_4\E_4_5\LG\E_4_5_3\E_4_5_3_R_10\via_region_data.json
E_4_5_3_R_M_N_N_1989_3_2017.bmp308278,Alcohol,C:\PycharmProjects\Alcohol Detection\dataset\Grupo_4\E_4_5\LG\E_4_5_3\E_4_5_3_R_10\via_region_data.json
E_4_5_3_R_M_N_N_1989_4_2017.bmp308278,Alcohol,C:\PycharmProjects\Alcohol Detection\dataset\Grupo_4\E_4_5\LG\E_4_5_3\E_4_5_3_R_10\via_region_data.json
E_4_5_3_R_M_N_N_1989_5_2017.bmp308278,Alcohol,C:\PycharmProjects\Alcohol Detection\dataset\Grupo_4\E_4_5\LG\E_4_5_3\E_4_5_3_R_10\via_region_data.json
E_4_5_3_R_M_N_N_1989_6_2017.bmp308278,Alcohol,C:\PycharmProjects\Alcohol Detection\dataset\Grupo_4\E_4_5\LG\E_4_5_3\E_4_5_3_R_10\via_region_data.json
E_4_5_3_R_M_N_N_1989_7_2017.bmp308278,Alcohol,C:\PycharmProjects\Alcohol Detection\dataset\Grupo_4\E_4_5\LG\E_4_5_3\E_4_5_3_R_10\via_region_data.json
E_4_5_3_R_M_N_N_1989_8_2017.bmp308278,Alcohol,C:\PycharmProjects\Alcohol Detection\dataset\Grupo_4\E_4_5\LG\E_4_5_3\E_4_5_3_R_10\via_region_data.json
E_4_5_3_R_M_N_N_1989_9_2017.bmp308278,Alcohol,C:\PycharmProjects\Alcohol Detection\dataset\Grupo_4\E_4_5\LG\E_4_5_3\E_4_5_3_R_10\via_region_data.json
E_4_5_4_L_M_N_N_1989_0_2017.bmp308278,Non-Alcohol,C:\PycharmProjects\Alcohol Detection\dataset\Grupo_4\E_4_5\LG\E_4_5_4\E_4_5_4_R_10\via_region_data.json
E_4_5_4_L_M_N_N_1989_1_2017.bmp308278,Alcohol,C:\PycharmProjects\Alcohol Detection\dataset\Grupo_4\E_4_5\LG\E_4_5_4\E_4_5_4_R_10\via_region_data.json
E_4_5_4_L_M_N_N_1989_2_2017.bmp308278,Alcohol,C:\PycharmProjects\Alcohol Detection\dataset\Grupo_4\E_4_5\LG\E_4_5_4\E_4_5_4_R_10\via_region_data.json
E_4_5_4_L_M_N_N_1989_3_2017.bmp308278,Alcohol,C:\PycharmProjects\Alcohol Detection\dataset\Grupo_4\E_4_5\LG\E_4_5_4\E_4_5_4_R_10\via_region_data.json
E_4_5_4_L_M_N_N_1989_4_2017.bmp308278,Alcohol,C:\PycharmProjects\Alcohol Detection\dataset\Grupo_4\E_4_5\LG\E_4_5_4\E_4_5_4_R_10\via_region_data.json
E_4_5_4_L_M_N_N_1989_5_2017.bmp308278,Alcohol,C:\PycharmProjects\Alcohol Detection\dataset\Grupo_4\E_4_5\LG\E_4_5_4\E_4_5_4_R_10\via_region_data.json
E_4_5_4_L_M_N_N_1989_6_2017.bmp308278,Alcohol,C:\PycharmProjects\Alcohol Detection\dataset\Grupo_4\E_4_5\LG\E_4_5_4\E_4_5_4_R_10\via_region_data.json
E_4_5_4_L_M_N_N_1989_7_2017.bmp308278,Alcohol,C:\PycharmProjects\Alcohol Detection\dataset\Grupo_4\E_4_5\LG\E_4_5_4\E_4_5_4_R_10\via_region_data.json
E_4_5_4_L_M_N_N_1989_8_2017.bmp308278,Alcohol,C:\PycharmProjects\Alcohol Detection\dataset\Grupo_4\E_4_5\LG\E_4_5_4\E_4_5_4_R_10\via_region_data.json
E_4_5_4_L_M_N_N_1989_9_2017.bmp308278,Alcohol,C:\PycharmProjects\Alcohol Detection\dataset\Grupo_4\E_4_5\LG\E_4_5_4\E_4_5_4_R_10\via_region_data.json
E_4_5_4_R_M_N_N_1989_0_2017.bmp308278,Non-Alcohol,C:\PycharmProjects\Alcohol Detection\dataset\Grupo_4\E_4_5\LG\E_4_5_4\E_4_5_4_R_10\via_region_data.json
E_4_5_4_R_M_N_N_1989_1_2017.bmp308278,Alcohol,C:\PycharmProjects\Alcohol Detection\dataset\Grupo_4\E_4_5\LG\E_4_5_4\E_4_5_4_R_10\via_region_data.json
E_4_5_4_R_M_N_N_1989_2_2017.bmp308278,Alcohol,C:\PycharmProjects\Alcohol Detection\dataset\Grupo_4\E_4_5\LG\E_4_5_4\E_4_5_4_R_10\via_region_data.json
E_4_5_4_R_M_N_N_1989_3_2017.bmp308278,Alcohol,C:\PycharmProjects\Alcohol Detection\dataset\Grupo_4\E_4_5\LG\E_4_5_4\E_4_5_4_R_10\via_region_data.json
E_4_5_4_R_M_N_N_1989_4_2017.bmp308278,Alcohol,C:\PycharmProjects\Alcohol Detection\dataset\Grupo_4\E_4_5\LG\E_4_5_4\E_4_5_4_R_10\via_region_data.json
E_4_5_4_R_M_N_N_1989_5_2017.bmp308278,Alcohol,C:\PycharmProjects\Alcohol Detection\dataset\Grupo_4\E_4_5\LG\E_4_5_4\E_4_5_4_R_10\via_region_data.json
E_4_5_4_R_M_N_N_1989_6_2017.bmp308278,Alcohol,C:\PycharmProjects\Alcohol Detection\dataset\Grupo_4\E_4_5\LG\E_4_5_4\E_4_5_4_R_10\via_region_data.json
E_4_5_4_R_M_N_N_1989_7_2017.bmp308278,Alcohol,C:\PycharmProjects\Alcohol Detection\dataset\Grupo_4\E_4_5\LG\E_4_5_4\E_4_5_4_R_10\via_region_data.json
E_4_5_4_R_M_N_N_1989_8_2017.bmp308278,Alcohol,C:\PycharmProjects\Alcohol Detection\dataset\Grupo_4\E_4_5\LG\E_4_5_4\E_4_5_4_R_10\via_region_data.json
E_4_5_4_R_M_N_N_1989_9_2017.bmp308278,Alcohol,C:\PycharmProjects\Alcohol Detection\dataset\Grupo_4\E_4_5\LG\E_4_5_4\E_4_5_4_R_10\via_region_data.json
E_5_0_0_L_M_N_N_1992_0_2017.bmp308278,Non-Alcohol,C:\PycharmProjects\Alcohol Detection\dataset\Grupo_5\E_5_0\Iritech\E_5_0_0\via_region_data.json
E_5_0_0_R_M_N_N_1992_0_2017.bmp308278,Non-Alcohol,C:\PycharmProjects\Alcohol Detection\dataset\Grupo_5\E_5_0\Iritech\E_5_0_0\via_region_data.json
E_5_0_1_L_M_N_N_1992_0_2017.bmp308278,Non-Alcohol,C:\PycharmProjects\Alcohol Detection\dataset\Grupo_5\E_5_0\Iritech\E_5_0_1\via_region_data.json
E_5_0_1_R_M_N_N_1992_0_2017.bmp308278,Non-Alcohol,C:\PycharmProjects\Alcohol Detection\dataset\Grupo_5\E_5_0\Iritech\E_5_0_1\via_region_data.json
E_5_0_2_L_M_N_N_1992_0_2017.bmp308278,Non-Alcohol,C:\PycharmProjects\Alcohol Detection\dataset\Grupo_5\E_5_0\Iritech\E_5_0_2\via_region_data.json
E_5_0_2_R_M_N_N_1992_0_2017.bmp308278,Non-Alcohol,C:\PycharmProjects\Alcohol Detection\dataset\Grupo_5\E_5_0\Iritech\E_5_0_2\via_region_data.json
E_5_0_3_L_M_N_N_1992_0_2017.bmp308278,Non-Alcohol,C:\PycharmProjects\Alcohol Detection\dataset\Grupo_5\E_5_0\Iritech\E_5_0_3\via_region_data.json
E_5_0_3_R_M_N_N_1992_0_2017.bmp308278,Non-Alcohol,C:\PycharmProjects\Alcohol Detection\dataset\Grupo_5\E_5_0\Iritech\E_5_0_3\via_region_data.json
E_5_0_4_L_M_N_N_1992_0_2017.bmp308278,Non-Alcohol,C:\PycharmProjects\Alcohol Detection\dataset\Grupo_5\E_5_0\Iritech\E_5_0_4\via_region_data.json
E_5_0_4_R_M_N_N_1992_0_2017.bmp308278,Non-Alcohol,C:\PycharmProjects\Alcohol Detection\dataset\Grupo_5\E_5_0\Iritech\E_5_0_4\via_region_data.json
E_5_0_0_L_M_N_N_1992_0_2017.bmp308278,Non-Alcohol,C:\PycharmProjects\Alcohol Detection\dataset\Grupo_5\E_5_0\LG\E_5_0_0\E_5_0_0_R_10\via_region_data.json
E_5_0_0_L_M_N_N_1992_1_2017.bmp308278,Non-Alcohol,C:\PycharmProjects\Alcohol Detection\dataset\Grupo_5\E_5_0\LG\E_5_0_0\E_5_0_0_R_10\via_region_data.json
E_5_0_0_L_M_N_N_1992_2_2017.bmp308278,Non-Alcohol,C:\PycharmProjects\Alcohol Detection\dataset\Grupo_5\E_5_0\LG\E_5_0_0\E_5_0_0_R_10\via_region_data.json
E_5_0_0_L_M_N_N_1992_3_2017.bmp308278,Non-Alcohol,C:\PycharmProjects\Alcohol Detection\dataset\Grupo_5\E_5_0\LG\E_5_0_0\E_5_0_0_R_10\via_region_data.json
E_5_0_0_L_M_N_N_1992_4_2017.bmp308278,Non-Alcohol,C:\PycharmProjects\Alcohol Detection\dataset\Grupo_5\E_5_0\LG\E_5_0_0\E_5_0_0_R_10\via_region_data.json
E_5_0_0_L_M_N_N_1992_5_2017.bmp308278,Non-Alcohol,C:\PycharmProjects\Alcohol Detection\dataset\Grupo_5\E_5_0\LG\E_5_0_0\E_5_0_0_R_10\via_region_data.json
E_5_0_0_L_M_N_N_1992_6_2017.bmp308278,Non-Alcohol,C:\PycharmProjects\Alcohol Detection\dataset\Grupo_5\E_5_0\LG\E_5_0_0\E_5_0_0_R_10\via_region_data.json
E_5_0_0_L_M_N_N_1992_7_2017.bmp308278,Non-Alcohol,C:\PycharmProjects\Alcohol Detection\dataset\Grupo_5\E_5_0\LG\E_5_0_0\E_5_0_0_R_10\via_region_data.json
E_5_0_0_L_M_N_N_1992_8_2017.bmp308278,Non-Alcohol,C:\PycharmProjects\Alcohol Detection\dataset\Grupo_5\E_5_0\LG\E_5_0_0\E_5_0_0_R_10\via_region_data.json
E_5_0_0_L_M_N_N_1992_9_2017.bmp308278,Non-Alcohol,C:\PycharmProjects\Alcohol Detection\dataset\Grupo_5\E_5_0\LG\E_5_0_0\E_5_0_0_R_10\via_region_data.json
E_5_0_0_R_M_N_N_1992_0_2017.bmp308278,Non-Alcohol,C:\PycharmProjects\Alcohol Detection\dataset\Grupo_5\E_5_0\LG\E_5_0_0\E_5_0_0_R_10\via_region_data.json
E_5_0_0_R_M_N_N_1992_1_2017.bmp308278,Non-Alcohol,C:\PycharmProjects\Alcohol Detection\dataset\Grupo_5\E_5_0\LG\E_5_0_0\E_5_0_0_R_10\via_region_data.json
E_5_0_0_R_M_N_N_1992_2_2017.bmp308278,Non-Alcohol,C:\PycharmProjects\Alcohol Detection\dataset\Grupo_5\E_5_0\LG\E_5_0_0\E_5_0_0_R_10\via_region_data.json
E_5_0_0_R_M_N_N_1992_3_2017.bmp308278,Non-Alcohol,C:\PycharmProjects\Alcohol Detection\dataset\Grupo_5\E_5_0\LG\E_5_0_0\E_5_0_0_R_10\via_region_data.json
E_5_0_0_R_M_N_N_1992_4_2017.bmp308278,Non-Alcohol,C:\PycharmProjects\Alcohol Detection\dataset\Grupo_5\E_5_0\LG\E_5_0_0\E_5_0_0_R_10\via_region_data.json
E_5_0_0_R_M_N_N_1992_5_2017.bmp308278,Non-Alcohol,C:\PycharmProjects\Alcohol Detection\dataset\Grupo_5\E_5_0\LG\E_5_0_0\E_5_0_0_R_10\via_region_data.json
E_5_0_0_R_M_N_N_1992_6_2017.bmp308278,Non-Alcohol,C:\PycharmProjects\Alcohol Detection\dataset\Grupo_5\E_5_0\LG\E_5_0_0\E_5_0_0_R_10\via_region_data.json
E_5_0_0_R_M_N_N_1992_7_2017.bmp308278,Non-Alcohol,C:\PycharmProjects\Alcohol Detection\dataset\Grupo_5\E_5_0\LG\E_5_0_0\E_5_0_0_R_10\via_region_data.json
E_5_0_0_R_M_N_N_1992_8_2017.bmp308278,Non-Alcohol,C:\PycharmProjects\Alcohol Detection\dataset\Grupo_5\E_5_0\LG\E_5_0_0\E_5_0_0_R_10\via_region_data.json
E_5_0_0_R_M_N_N_1992_9_2017.bmp308278,Non-Alcohol,C:\PycharmProjects\Alcohol Detection\dataset\Grupo_5\E_5_0\LG\E_5_0_0\E_5_0_0_R_10\via_region_data.json
E_5_0_1_L_M_N_N_1992_0_2017.bmp308278,Non-Alcohol,C:\PycharmProjects\Alcohol Detection\dataset\Grupo_5\E_5_0\LG\E_5_0_1\E_5_0_1_R_10\via_region_data.json
E_5_0_1_L_M_N_N_1992_1_2017.bmp308278,Non-Alcohol,C:\PycharmProjects\Alcohol Detection\dataset\Grupo_5\E_5_0\LG\E_5_0_1\E_5_0_1_R_10\via_region_data.json
E_5_0_1_L_M_N_N_1992_2_2017.bmp308278,Non-Alcohol,C:\PycharmProjects\Alcohol Detection\dataset\Grupo_5\E_5_0\LG\E_5_0_1\E_5_0_1_R_10\via_region_data.json
E_5_0_1_L_M_N_N_1992_3_2017.bmp308278,Non-Alcohol,C:\PycharmProjects\Alcohol Detection\dataset\Grupo_5\E_5_0\LG\E_5_0_1\E_5_0_1_R_10\via_region_data.json
E_5_0_1_L_M_N_N_1992_4_2017.bmp308278,Non-Alcohol,C:\PycharmProjects\Alcohol Detection\dataset\Grupo_5\E_5_0\LG\E_5_0_1\E_5_0_1_R_10\via_region_data.json
E_5_0_1_L_M_N_N_1992_5_2017.bmp308278,Non-Alcohol,C:\PycharmProjects\Alcohol Detection\dataset\Grupo_5\E_5_0\LG\E_5_0_1\E_5_0_1_R_10\via_region_data.json
E_5_0_1_L_M_N_N_1992_6_2017.bmp308278,Non-Alcohol,C:\PycharmProjects\Alcohol Detection\dataset\Grupo_5\E_5_0\LG\E_5_0_1\E_5_0_1_R_10\via_region_data.json
E_5_0_1_L_M_N_N_1992_7_2017.bmp308278,Non-Alcohol,C:\PycharmProjects\Alcohol Detection\dataset\Grupo_5\E_5_0\LG\E_5_0_1\E_5_0_1_R_10\via_region_data.json
E_5_0_1_L_M_N_N_1992_8_2017.bmp308278,Non-Alcohol,C:\PycharmProjects\Alcohol Detection\dataset\Grupo_5\E_5_0\LG\E_5_0_1\E_5_0_1_R_10\via_region_data.json
E_5_0_1_L_M_N_N_1992_9_2017.bmp308278,Non-Alcohol,C:\PycharmProjects\Alcohol Detection\dataset\Grupo_5\E_5_0\LG\E_5_0_1\E_5_0_1_R_10\via_region_data.json
E_5_0_1_R_M_N_N_1992_0_2017.bmp308278,Non-Alcohol,C:\PycharmProjects\Alcohol Detection\dataset\Grupo_5\E_5_0\LG\E_5_0_1\E_5_0_1_R_10\via_region_data.json
E_5_0_1_R_M_N_N_1992_1_2017.bmp308278,Non-Alcohol,C:\PycharmProjects\Alcohol Detection\dataset\Grupo_5\E_5_0\LG\E_5_0_1\E_5_0_1_R_10\via_region_data.json
E_5_0_1_R_M_N_N_1992_2_2017.bmp308278,Non-Alcohol,C:\PycharmProjects\Alcohol Detection\dataset\Grupo_5\E_5_0\LG\E_5_0_1\E_5_0_1_R_10\via_region_data.json
E_5_0_1_R_M_N_N_1992_3_2017.bmp308278,Non-Alcohol,C:\PycharmProjects\Alcohol Detection\dataset\Grupo_5\E_5_0\LG\E_5_0_1\E_5_0_1_R_10\via_region_data.json
E_5_0_1_R_M_N_N_1992_4_2017.bmp308278,Non-Alcohol,C:\PycharmProjects\Alcohol Detection\dataset\Grupo_5\E_5_0\LG\E_5_0_1\E_5_0_1_R_10\via_region_data.json
E_5_0_1_R_M_N_N_1992_5_2017.bmp308278,Non-Alcohol,C:\PycharmProjects\Alcohol Detection\dataset\Grupo_5\E_5_0\LG\E_5_0_1\E_5_0_1_R_10\via_region_data.json
E_5_0_1_R_M_N_N_1992_6_2017.bmp308278,Non-Alcohol,C:\PycharmProjects\Alcohol Detection\dataset\Grupo_5\E_5_0\LG\E_5_0_1\E_5_0_1_R_10\via_region_data.json
E_5_0_1_R_M_N_N_1992_7_2017.bmp308278,Non-Alcohol,C:\PycharmProjects\Alcohol Detection\dataset\Grupo_5\E_5_0\LG\E_5_0_1\E_5_0_1_R_10\via_region_data.json
E_5_0_1_R_M_N_N_1992_8_2017.bmp308278,Non-Alcohol,C:\PycharmProjects\Alcohol Detection\dataset\Grupo_5\E_5_0\LG\E_5_0_1\E_5_0_1_R_10\via_region_data.json
E_5_0_1_R_M_N_N_1992_9_2017.bmp308278,Non-Alcohol,C:\PycharmProjects\Alcohol Detection\dataset\Grupo_5\E_5_0\LG\E_5_0_1\E_5_0_1_R_10\via_region_data.json
E_5_0_2_L_M_N_N_1992_0_2017.bmp308278,Non-Alcohol,C:\PycharmProjects\Alcohol Detection\dataset\Grupo_5\E_5_0\LG\E_5_0_2\E_5_0_2_R_10\via_region_data.json
E_5_0_2_L_M_N_N_1992_1_2017.bmp308278,Non-Alcohol,C:\PycharmProjects\Alcohol Detection\dataset\Grupo_5\E_5_0\LG\E_5_0_2\E_5_0_2_R_10\via_region_data.json
E_5_0_2_L_M_N_N_1992_2_2017.bmp308278,Non-Alcohol,C:\PycharmProjects\Alcohol Detection\dataset\Grupo_5\E_5_0\LG\E_5_0_2\E_5_0_2_R_10\via_region_data.json
E_5_0_2_L_M_N_N_1992_3_2017.bmp308278,Non-Alcohol,C:\PycharmProjects\Alcohol Detection\dataset\Grupo_5\E_5_0\LG\E_5_0_2\E_5_0_2_R_10\via_region_data.json
E_5_0_2_L_M_N_N_1992_4_2017.bmp308278,Non-Alcohol,C:\PycharmProjects\Alcohol Detection\dataset\Grupo_5\E_5_0\LG\E_5_0_2\E_5_0_2_R_10\via_region_data.json
E_5_0_2_L_M_N_N_1992_5_2017.bmp308278,Non-Alcohol,C:\PycharmProjects\Alcohol Detection\dataset\Grupo_5\E_5_0\LG\E_5_0_2\E_5_0_2_R_10\via_region_data.json
E_5_0_2_L_M_N_N_1992_6_2017.bmp308278,Non-Alcohol,C:\PycharmProjects\Alcohol Detection\dataset\Grupo_5\E_5_0\LG\E_5_0_2\E_5_0_2_R_10\via_region_data.json
E_5_0_2_L_M_N_N_1992_7_2017.bmp308278,Non-Alcohol,C:\PycharmProjects\Alcohol Detection\dataset\Grupo_5\E_5_0\LG\E_5_0_2\E_5_0_2_R_10\via_region_data.json
E_5_0_2_L_M_N_N_1992_8_2017.bmp308278,Non-Alcohol,C:\PycharmProjects\Alcohol Detection\dataset\Grupo_5\E_5_0\LG\E_5_0_2\E_5_0_2_R_10\via_region_data.json
E_5_0_2_L_M_N_N_1992_9_2017.bmp308278,Non-Alcohol,C:\PycharmProjects\Alcohol Detection\dataset\Grupo_5\E_5_0\LG\E_5_0_2\E_5_0_2_R_10\via_region_data.json
E_5_0_2_R_M_N_N_1992_0_2017.bmp308278,Non-Alcohol,C:\PycharmProjects\Alcohol Detection\dataset\Grupo_5\E_5_0\LG\E_5_0_2\E_5_0_2_R_10\via_region_data.json
E_5_0_2_R_M_N_N_1992_1_2017.bmp308278,Non-Alcohol,C:\PycharmProjects\Alcohol Detection\dataset\Grupo_5\E_5_0\LG\E_5_0_2\E_5_0_2_R_10\via_region_data.json
E_5_0_2_R_M_N_N_1992_2_2017.bmp308278,Non-Alcohol,C:\PycharmProjects\Alcohol Detection\dataset\Grupo_5\E_5_0\LG\E_5_0_2\E_5_0_2_R_10\via_region_data.json
E_5_0_2_R_M_N_N_1992_3_2017.bmp308278,Non-Alcohol,C:\PycharmProjects\Alcohol Detection\dataset\Grupo_5\E_5_0\LG\E_5_0_2\E_5_0_2_R_10\via_region_data.json
E_5_0_2_R_M_N_N_1992_4_2017.bmp308278,Non-Alcohol,C:\PycharmProjects\Alcohol Detection\dataset\Grupo_5\E_5_0\LG\E_5_0_2\E_5_0_2_R_10\via_region_data.json
E_5_0_2_R_M_N_N_1992_5_2017.bmp308278,Non-Alcohol,C:\PycharmProjects\Alcohol Detection\dataset\Grupo_5\E_5_0\LG\E_5_0_2\E_5_0_2_R_10\via_region_data.json
E_5_0_2_R_M_N_N_1992_6_2017.bmp308278,Non-Alcohol,C:\PycharmProjects\Alcohol Detection\dataset\Grupo_5\E_5_0\LG\E_5_0_2\E_5_0_2_R_10\via_region_data.json
E_5_0_2_R_M_N_N_1992_7_2017.bmp308278,Non-Alcohol,C:\PycharmProjects\Alcohol Detection\dataset\Grupo_5\E_5_0\LG\E_5_0_2\E_5_0_2_R_10\via_region_data.json
E_5_0_2_R_M_N_N_1992_8_2017.bmp308278,Non-Alcohol,C:\PycharmProjects\Alcohol Detection\dataset\Grupo_5\E_5_0\LG\E_5_0_2\E_5_0_2_R_10\via_region_data.json
E_5_0_2_R_M_N_N_1992_9_2017.bmp308278,Non-Alcohol,C:\PycharmProjects\Alcohol Detection\dataset\Grupo_5\E_5_0\LG\E_5_0_2\E_5_0_2_R_10\via_region_data.json
E_5_0_3_L_M_N_N_1992_0_2017.bmp308278,Non-Alcohol,C:\PycharmProjects\Alcohol Detection\dataset\Grupo_5\E_5_0\LG\E_5_0_3\E_5_0_3_R_10\via_region_data.json
E_5_0_3_L_M_N_N_1992_1_2017.bmp308278,Non-Alcohol,C:\PycharmProjects\Alcohol Detection\dataset\Grupo_5\E_5_0\LG\E_5_0_3\E_5_0_3_R_10\via_region_data.json
E_5_0_3_L_M_N_N_1992_2_2017.bmp308278,Non-Alcohol,C:\PycharmProjects\Alcohol Detection\dataset\Grupo_5\E_5_0\LG\E_5_0_3\E_5_0_3_R_10\via_region_data.json
E_5_0_3_L_M_N_N_1992_3_2017.bmp308278,Non-Alcohol,C:\PycharmProjects\Alcohol Detection\dataset\Grupo_5\E_5_0\LG\E_5_0_3\E_5_0_3_R_10\via_region_data.json
E_5_0_3_L_M_N_N_1992_4_2017.bmp308278,Non-Alcohol,C:\PycharmProjects\Alcohol Detection\dataset\Grupo_5\E_5_0\LG\E_5_0_3\E_5_0_3_R_10\via_region_data.json
E_5_0_3_L_M_N_N_1992_5_2017.bmp308278,Non-Alcohol,C:\PycharmProjects\Alcohol Detection\dataset\Grupo_5\E_5_0\LG\E_5_0_3\E_5_0_3_R_10\via_region_data.json
E_5_0_3_L_M_N_N_1992_6_2017.bmp308278,Non-Alcohol,C:\PycharmProjects\Alcohol Detection\dataset\Grupo_5\E_5_0\LG\E_5_0_3\E_5_0_3_R_10\via_region_data.json
E_5_0_3_L_M_N_N_1992_7_2017.bmp308278,Non-Alcohol,C:\PycharmProjects\Alcohol Detection\dataset\Grupo_5\E_5_0\LG\E_5_0_3\E_5_0_3_R_10\via_region_data.json
E_5_0_3_L_M_N_N_1992_8_2017.bmp308278,Non-Alcohol,C:\PycharmProjects\Alcohol Detection\dataset\Grupo_5\E_5_0\LG\E_5_0_3\E_5_0_3_R_10\via_region_data.json
E_5_0_3_L_M_N_N_1992_9_2017.bmp308278,Non-Alcohol,C:\PycharmProjects\Alcohol Detection\dataset\Grupo_5\E_5_0\LG\E_5_0_3\E_5_0_3_R_10\via_region_data.json
E_5_0_3_R_M_N_N_1992_0_2017.bmp308278,Non-Alcohol,C:\PycharmProjects\Alcohol Detection\dataset\Grupo_5\E_5_0\LG\E_5_0_3\E_5_0_3_R_10\via_region_data.json
E_5_0_3_R_M_N_N_1992_1_2017.bmp308278,Non-Alcohol,C:\PycharmProjects\Alcohol Detection\dataset\Grupo_5\E_5_0\LG\E_5_0_3\E_5_0_3_R_10\via_region_data.json
E_5_0_3_R_M_N_N_1992_2_2017.bmp308278,Non-Alcohol,C:\PycharmProjects\Alcohol Detection\dataset\Grupo_5\E_5_0\LG\E_5_0_3\E_5_0_3_R_10\via_region_data.json
E_5_0_3_R_M_N_N_1992_3_2017.bmp308278,Non-Alcohol,C:\PycharmProjects\Alcohol Detection\dataset\Grupo_5\E_5_0\LG\E_5_0_3\E_5_0_3_R_10\via_region_data.json
E_5_0_3_R_M_N_N_1992_4_2017.bmp308278,Non-Alcohol,C:\PycharmProjects\Alcohol Detection\dataset\Grupo_5\E_5_0\LG\E_5_0_3\E_5_0_3_R_10\via_region_data.json
E_5_0_3_R_M_N_N_1992_5_2017.bmp308278,Non-Alcohol,C:\PycharmProjects\Alcohol Detection\dataset\Grupo_5\E_5_0\LG\E_5_0_3\E_5_0_3_R_10\via_region_data.json
E_5_0_3_R_M_N_N_1992_6_2017.bmp308278,Non-Alcohol,C:\PycharmProjects\Alcohol Detection\dataset\Grupo_5\E_5_0\LG\E_5_0_3\E_5_0_3_R_10\via_region_data.json
E_5_0_3_R_M_N_N_1992_7_2017.bmp308278,Non-Alcohol,C:\PycharmProjects\Alcohol Detection\dataset\Grupo_5\E_5_0\LG\E_5_0_3\E_5_0_3_R_10\via_region_data.json
E_5_0_3_R_M_N_N_1992_8_2017.bmp308278,Non-Alcohol,C:\PycharmProjects\Alcohol Detection\dataset\Grupo_5\E_5_0\LG\E_5_0_3\E_5_0_3_R_10\via_region_data.json
E_5_0_3_R_M_N_N_1992_9_2017.bmp308278,Non-Alcohol,C:\PycharmProjects\Alcohol Detection\dataset\Grupo_5\E_5_0\LG\E_5_0_3\E_5_0_3_R_10\via_region_data.json
E_5_0_4_L_M_N_N_1992_0_2017.bmp308278,Non-Alcohol,C:\PycharmProjects\Alcohol Detection\dataset\Grupo_5\E_5_0\LG\E_5_0_4\E_5_0_4_R_10\via_region_data.json
E_5_0_4_L_M_N_N_1992_1_2017.bmp308278,Non-Alcohol,C:\PycharmProjects\Alcohol Detection\dataset\Grupo_5\E_5_0\LG\E_5_0_4\E_5_0_4_R_10\via_region_data.json
E_5_0_4_L_M_N_N_1992_2_2017.bmp308278,Non-Alcohol,C:\PycharmProjects\Alcohol Detection\dataset\Grupo_5\E_5_0\LG\E_5_0_4\E_5_0_4_R_10\via_region_data.json
E_5_0_4_L_M_N_N_1992_3_2017.bmp308278,Non-Alcohol,C:\PycharmProjects\Alcohol Detection\dataset\Grupo_5\E_5_0\LG\E_5_0_4\E_5_0_4_R_10\via_region_data.json
E_5_0_4_L_M_N_N_1992_4_2017.bmp308278,Non-Alcohol,C:\PycharmProjects\Alcohol Detection\dataset\Grupo_5\E_5_0\LG\E_5_0_4\E_5_0_4_R_10\via_region_data.json
E_5_0_4_L_M_N_N_1992_5_2017.bmp308278,Non-Alcohol,C:\PycharmProjects\Alcohol Detection\dataset\Grupo_5\E_5_0\LG\E_5_0_4\E_5_0_4_R_10\via_region_data.json
E_5_0_4_L_M_N_N_1992_6_2017.bmp308278,Non-Alcohol,C:\PycharmProjects\Alcohol Detection\dataset\Grupo_5\E_5_0\LG\E_5_0_4\E_5_0_4_R_10\via_region_data.json
E_5_0_4_L_M_N_N_1992_7_2017.bmp308278,Non-Alcohol,C:\PycharmProjects\Alcohol Detection\dataset\Grupo_5\E_5_0\LG\E_5_0_4\E_5_0_4_R_10\via_region_data.json
E_5_0_4_L_M_N_N_1992_8_2017.bmp308278,Non-Alcohol,C:\PycharmProjects\Alcohol Detection\dataset\Grupo_5\E_5_0\LG\E_5_0_4\E_5_0_4_R_10\via_region_data.json
E_5_0_4_L_M_N_N_1992_9_2017.bmp308278,Non-Alcohol,C:\PycharmProjects\Alcohol Detection\dataset\Grupo_5\E_5_0\LG\E_5_0_4\E_5_0_4_R_10\via_region_data.json
E_5_0_4_R_M_N_N_1992_0_2017.bmp308278,Non-Alcohol,C:\PycharmProjects\Alcohol Detection\dataset\Grupo_5\E_5_0\LG\E_5_0_4\E_5_0_4_R_10\via_region_data.json
E_5_0_4_R_M_N_N_1992_1_2017.bmp308278,Non-Alcohol,C:\PycharmProjects\Alcohol Detection\dataset\Grupo_5\E_5_0\LG\E_5_0_4\E_5_0_4_R_10\via_region_data.json
E_5_0_4_R_M_N_N_1992_2_2017.bmp308278,Non-Alcohol,C:\PycharmProjects\Alcohol Detection\dataset\Grupo_5\E_5_0\LG\E_5_0_4\E_5_0_4_R_10\via_region_data.json
E_5_0_4_R_M_N_N_1992_3_2017.bmp308278,Non-Alcohol,C:\PycharmProjects\Alcohol Detection\dataset\Grupo_5\E_5_0\LG\E_5_0_4\E_5_0_4_R_10\via_region_data.json
E_5_0_4_R_M_N_N_1992_4_2017.bmp308278,Non-Alcohol,C:\PycharmProjects\Alcohol Detection\dataset\Grupo_5\E_5_0\LG\E_5_0_4\E_5_0_4_R_10\via_region_data.json
E_5_0_4_R_M_N_N_1992_5_2017.bmp308278,Non-Alcohol,C:\PycharmProjects\Alcohol Detection\dataset\Grupo_5\E_5_0\LG\E_5_0_4\E_5_0_4_R_10\via_region_data.json
E_5_0_4_R_M_N_N_1992_6_2017.bmp308278,Non-Alcohol,C:\PycharmProjects\Alcohol Detection\dataset\Grupo_5\E_5_0\LG\E_5_0_4\E_5_0_4_R_10\via_region_data.json
E_5_0_4_R_M_N_N_1992_7_2017.bmp308278,Non-Alcohol,C:\PycharmProjects\Alcohol Detection\dataset\Grupo_5\E_5_0\LG\E_5_0_4\E_5_0_4_R_10\via_region_data.json
E_5_0_4_R_M_N_N_1992_8_2017.bmp308278,Non-Alcohol,C:\PycharmProjects\Alcohol Detection\dataset\Grupo_5\E_5_0\LG\E_5_0_4\E_5_0_4_R_10\via_region_data.json
E_5_0_4_R_M_N_N_1992_9_2017.bmp308278,Non-Alcohol,C:\PycharmProjects\Alcohol Detection\dataset\Grupo_5\E_5_0\LG\E_5_0_4\E_5_0_4_R_10\via_region_data.json
E_5_1_0_L_M_N_N_1993_0_2017.bmp308278,Non-Alcohol,C:\PycharmProjects\Alcohol Detection\dataset\Grupo_5\E_5_1\Iritech\E_5_1_0\via_region_data.json
E_5_1_0_R_M_N_N_1993_0_2017.bmp308278,Non-Alcohol,C:\PycharmProjects\Alcohol Detection\dataset\Grupo_5\E_5_1\Iritech\E_5_1_0\via_region_data.json
E_5_1_1_L_M_N_N_1993_0_2017.bmp308278,Non-Alcohol,C:\PycharmProjects\Alcohol Detection\dataset\Grupo_5\E_5_1\Iritech\E_5_1_1\via_region_data.json
E_5_1_1_R_M_N_N_1993_0_2017.bmp308278,Non-Alcohol,C:\PycharmProjects\Alcohol Detection\dataset\Grupo_5\E_5_1\Iritech\E_5_1_1\via_region_data.json
E_5_1_2_L_M_N_N_1993_0_2017.bmp308278,Non-Alcohol,C:\PycharmProjects\Alcohol Detection\dataset\Grupo_5\E_5_1\Iritech\E_5_1_2\via_region_data.json
E_5_1_2_R_M_N_N_1993_0_2017.bmp308278,Non-Alcohol,C:\PycharmProjects\Alcohol Detection\dataset\Grupo_5\E_5_1\Iritech\E_5_1_2\via_region_data.json
E_5_1_3_L_M_N_N_1993_0_2017.bmp308278,Non-Alcohol,C:\PycharmProjects\Alcohol Detection\dataset\Grupo_5\E_5_1\Iritech\E_5_1_3\via_region_data.json
E_5_1_3_R_M_N_N_1993_0_2017.bmp308278,Non-Alcohol,C:\PycharmProjects\Alcohol Detection\dataset\Grupo_5\E_5_1\Iritech\E_5_1_3\via_region_data.json
E_5_1_4_L_M_N_N_1993_0_2017.bmp308278,Non-Alcohol,C:\PycharmProjects\Alcohol Detection\dataset\Grupo_5\E_5_1\Iritech\E_5_1_4\via_region_data.json
E_5_1_4_R_M_N_N_1993_0_2017.bmp308278,Non-Alcohol,C:\PycharmProjects\Alcohol Detection\dataset\Grupo_5\E_5_1\Iritech\E_5_1_4\via_region_data.json
E_5_1_0_L_M_N_N_1993_0_2017.bmp308278,Non-Alcohol,C:\PycharmProjects\Alcohol Detection\dataset\Grupo_5\E_5_1\LG\E_5_1_0\E_5_1_0_R_10\via_region_data.json
E_5_1_0_L_M_N_N_1993_1_2017.bmp308278,Non-Alcohol,C:\PycharmProjects\Alcohol Detection\dataset\Grupo_5\E_5_1\LG\E_5_1_0\E_5_1_0_R_10\via_region_data.json
E_5_1_0_L_M_N_N_1993_2_2017.bmp308278,Non-Alcohol,C:\PycharmProjects\Alcohol Detection\dataset\Grupo_5\E_5_1\LG\E_5_1_0\E_5_1_0_R_10\via_region_data.json
E_5_1_0_L_M_N_N_1993_3_2017.bmp308278,Non-Alcohol,C:\PycharmProjects\Alcohol Detection\dataset\Grupo_5\E_5_1\LG\E_5_1_0\E_5_1_0_R_10\via_region_data.json
E_5_1_0_L_M_N_N_1993_4_2017.bmp308278,Non-Alcohol,C:\PycharmProjects\Alcohol Detection\dataset\Grupo_5\E_5_1\LG\E_5_1_0\E_5_1_0_R_10\via_region_data.json
E_5_1_0_L_M_N_N_1993_5_2017.bmp308278,Non-Alcohol,C:\PycharmProjects\Alcohol Detection\dataset\Grupo_5\E_5_1\LG\E_5_1_0\E_5_1_0_R_10\via_region_data.json
E_5_1_0_L_M_N_N_1993_6_2017.bmp308278,Non-Alcohol,C:\PycharmProjects\Alcohol Detection\dataset\Grupo_5\E_5_1\LG\E_5_1_0\E_5_1_0_R_10\via_region_data.json
E_5_1_0_L_M_N_N_1993_7_2017.bmp308278,Non-Alcohol,C:\PycharmProjects\Alcohol Detection\dataset\Grupo_5\E_5_1\LG\E_5_1_0\E_5_1_0_R_10\via_region_data.json
E_5_1_0_L_M_N_N_1993_8_2017.bmp308278,Non-Alcohol,C:\PycharmProjects\Alcohol Detection\dataset\Grupo_5\E_5_1\LG\E_5_1_0\E_5_1_0_R_10\via_region_data.json
E_5_1_0_L_M_N_N_1993_9_2017.bmp308278,Non-Alcohol,C:\PycharmProjects\Alcohol Detection\dataset\Grupo_5\E_5_1\LG\E_5_1_0\E_5_1_0_R_10\via_region_data.json
E_5_1_0_R_M_N_N_1993_0_2017.bmp308278,Non-Alcohol,C:\PycharmProjects\Alcohol Detection\dataset\Grupo_5\E_5_1\LG\E_5_1_0\E_5_1_0_R_10\via_region_data.json
E_5_1_0_R_M_N_N_1993_1_2017.bmp308278,Non-Alcohol,C:\PycharmProjects\Alcohol Detection\dataset\Grupo_5\E_5_1\LG\E_5_1_0\E_5_1_0_R_10\via_region_data.json
E_5_1_0_R_M_N_N_1993_2_2017.bmp308278,Non-Alcohol,C:\PycharmProjects\Alcohol Detection\dataset\Grupo_5\E_5_1\LG\E_5_1_0\E_5_1_0_R_10\via_region_data.json
E_5_1_0_R_M_N_N_1993_3_2017.bmp308278,Non-Alcohol,C:\PycharmProjects\Alcohol Detection\dataset\Grupo_5\E_5_1\LG\E_5_1_0\E_5_1_0_R_10\via_region_data.json
E_5_1_0_R_M_N_N_1993_4_2017.bmp308278,Non-Alcohol,C:\PycharmProjects\Alcohol Detection\dataset\Grupo_5\E_5_1\LG\E_5_1_0\E_5_1_0_R_10\via_region_data.json
E_5_1_0_R_M_N_N_1993_5_2017.bmp308278,Non-Alcohol,C:\PycharmProjects\Alcohol Detection\dataset\Grupo_5\E_5_1\LG\E_5_1_0\E_5_1_0_R_10\via_region_data.json
E_5_1_0_R_M_N_N_1993_6_2017.bmp308278,Non-Alcohol,C:\PycharmProjects\Alcohol Detection\dataset\Grupo_5\E_5_1\LG\E_5_1_0\E_5_1_0_R_10\via_region_data.json
E_5_1_0_R_M_N_N_1993_7_2017.bmp308278,Non-Alcohol,C:\PycharmProjects\Alcohol Detection\dataset\Grupo_5\E_5_1\LG\E_5_1_0\E_5_1_0_R_10\via_region_data.json
E_5_1_0_R_M_N_N_1993_8_2017.bmp308278,Non-Alcohol,C:\PycharmProjects\Alcohol Detection\dataset\Grupo_5\E_5_1\LG\E_5_1_0\E_5_1_0_R_10\via_region_data.json
E_5_1_0_R_M_N_N_1993_9_2017.bmp308278,Non-Alcohol,C:\PycharmProjects\Alcohol Detection\dataset\Grupo_5\E_5_1\LG\E_5_1_0\E_5_1_0_R_10\via_region_data.json
E_5_1_1_L_M_N_N_1993_0_2017.bmp308278,Non-Alcohol,C:\PycharmProjects\Alcohol Detection\dataset\Grupo_5\E_5_1\LG\E_5_1_1\E_5_1_1_R_10\via_region_data.json
E_5_1_1_L_M_N_N_1993_1_2017.bmp308278,Alcohol,C:\PycharmProjects\Alcohol Detection\dataset\Grupo_5\E_5_1\LG\E_5_1_1\E_5_1_1_R_10\via_region_data.json
E_5_1_1_L_M_N_N_1993_2_2017.bmp308278,Alcohol,C:\PycharmProjects\Alcohol Detection\dataset\Grupo_5\E_5_1\LG\E_5_1_1\E_5_1_1_R_10\via_region_data.json
E_5_1_1_L_M_N_N_1993_3_2017.bmp308278,Alcohol,C:\PycharmProjects\Alcohol Detection\dataset\Grupo_5\E_5_1\LG\E_5_1_1\E_5_1_1_R_10\via_region_data.json
E_5_1_1_L_M_N_N_1993_4_2017.bmp308278,Alcohol,C:\PycharmProjects\Alcohol Detection\dataset\Grupo_5\E_5_1\LG\E_5_1_1\E_5_1_1_R_10\via_region_data.json
E_5_1_1_L_M_N_N_1993_5_2017.bmp308278,Alcohol,C:\PycharmProjects\Alcohol Detection\dataset\Grupo_5\E_5_1\LG\E_5_1_1\E_5_1_1_R_10\via_region_data.json
E_5_1_1_L_M_N_N_1993_6_2017.bmp308278,Alcohol,C:\PycharmProjects\Alcohol Detection\dataset\Grupo_5\E_5_1\LG\E_5_1_1\E_5_1_1_R_10\via_region_data.json
E_5_1_1_L_M_N_N_1993_7_2017.bmp308278,Alcohol,C:\PycharmProjects\Alcohol Detection\dataset\Grupo_5\E_5_1\LG\E_5_1_1\E_5_1_1_R_10\via_region_data.json
E_5_1_1_L_M_N_N_1993_8_2017.bmp308278,Alcohol,C:\PycharmProjects\Alcohol Detection\dataset\Grupo_5\E_5_1\LG\E_5_1_1\E_5_1_1_R_10\via_region_data.json
E_5_1_1_L_M_N_N_1993_9_2017.bmp308278,Alcohol,C:\PycharmProjects\Alcohol Detection\dataset\Grupo_5\E_5_1\LG\E_5_1_1\E_5_1_1_R_10\via_region_data.json
E_5_1_1_R_M_N_N_1993_0_2017.bmp308278,Non-Alcohol,C:\PycharmProjects\Alcohol Detection\dataset\Grupo_5\E_5_1\LG\E_5_1_1\E_5_1_1_R_10\via_region_data.json
E_5_1_1_R_M_N_N_1993_1_2017.bmp308278,Alcohol,C:\PycharmProjects\Alcohol Detection\dataset\Grupo_5\E_5_1\LG\E_5_1_1\E_5_1_1_R_10\via_region_data.json
E_5_1_1_R_M_N_N_1993_2_2017.bmp308278,Alcohol,C:\PycharmProjects\Alcohol Detection\dataset\Grupo_5\E_5_1\LG\E_5_1_1\E_5_1_1_R_10\via_region_data.json
E_5_1_1_R_M_N_N_1993_3_2017.bmp308278,Alcohol,C:\PycharmProjects\Alcohol Detection\dataset\Grupo_5\E_5_1\LG\E_5_1_1\E_5_1_1_R_10\via_region_data.json
E_5_1_1_R_M_N_N_1993_4_2017.bmp308278,Alcohol,C:\PycharmProjects\Alcohol Detection\dataset\Grupo_5\E_5_1\LG\E_5_1_1\E_5_1_1_R_10\via_region_data.json
E_5_1_1_R_M_N_N_1993_5_2017.bmp308278,Alcohol,C:\PycharmProjects\Alcohol Detection\dataset\Grupo_5\E_5_1\LG\E_5_1_1\E_5_1_1_R_10\via_region_data.json
E_5_1_1_R_M_N_N_1993_6_2017.bmp308278,Alcohol,C:\PycharmProjects\Alcohol Detection\dataset\Grupo_5\E_5_1\LG\E_5_1_1\E_5_1_1_R_10\via_region_data.json
E_5_1_1_R_M_N_N_1993_7_2017.bmp308278,Alcohol,C:\PycharmProjects\Alcohol Detection\dataset\Grupo_5\E_5_1\LG\E_5_1_1\E_5_1_1_R_10\via_region_data.json
E_5_1_1_R_M_N_N_1993_8_2017.bmp308278,Alcohol,C:\PycharmProjects\Alcohol Detection\dataset\Grupo_5\E_5_1\LG\E_5_1_1\E_5_1_1_R_10\via_region_data.json
E_5_1_1_R_M_N_N_1993_9_2017.bmp308278,Alcohol,C:\PycharmProjects\Alcohol Detection\dataset\Grupo_5\E_5_1\LG\E_5_1_1\E_5_1_1_R_10\via_region_data.json
E_5_1_2_L_M_N_N_1993_0_2017.bmp308278,Non-Alcohol,C:\PycharmProjects\Alcohol Detection\dataset\Grupo_5\E_5_1\LG\E_5_1_2\E_5_1_2_R_10\via_region_data.json
E_5_1_2_L_M_N_N_1993_1_2017.bmp308278,Alcohol,C:\PycharmProjects\Alcohol Detection\dataset\Grupo_5\E_5_1\LG\E_5_1_2\E_5_1_2_R_10\via_region_data.json
E_5_1_2_L_M_N_N_1993_2_2017.bmp308278,Alcohol,C:\PycharmProjects\Alcohol Detection\dataset\Grupo_5\E_5_1\LG\E_5_1_2\E_5_1_2_R_10\via_region_data.json
E_5_1_2_L_M_N_N_1993_3_2017.bmp308278,Alcohol,C:\PycharmProjects\Alcohol Detection\dataset\Grupo_5\E_5_1\LG\E_5_1_2\E_5_1_2_R_10\via_region_data.json
E_5_1_2_L_M_N_N_1993_4_2017.bmp308278,Alcohol,C:\PycharmProjects\Alcohol Detection\dataset\Grupo_5\E_5_1\LG\E_5_1_2\E_5_1_2_R_10\via_region_data.json
E_5_1_2_L_M_N_N_1993_5_2017.bmp308278,Alcohol,C:\PycharmProjects\Alcohol Detection\dataset\Grupo_5\E_5_1\LG\E_5_1_2\E_5_1_2_R_10\via_region_data.json
E_5_1_2_L_M_N_N_1993_6_2017.bmp308278,Alcohol,C:\PycharmProjects\Alcohol Detection\dataset\Grupo_5\E_5_1\LG\E_5_1_2\E_5_1_2_R_10\via_region_data.json
E_5_1_2_L_M_N_N_1993_7_2017.bmp308278,Alcohol,C:\PycharmProjects\Alcohol Detection\dataset\Grupo_5\E_5_1\LG\E_5_1_2\E_5_1_2_R_10\via_region_data.json
E_5_1_2_L_M_N_N_1993_8_2017.bmp308278,Alcohol,C:\PycharmProjects\Alcohol Detection\dataset\Grupo_5\E_5_1\LG\E_5_1_2\E_5_1_2_R_10\via_region_data.json
E_5_1_2_L_M_N_N_1993_9_2017.bmp308278,Alcohol,C:\PycharmProjects\Alcohol Detection\dataset\Grupo_5\E_5_1\LG\E_5_1_2\E_5_1_2_R_10\via_region_data.json
E_5_1_2_R_M_N_N_1993_0_2017.bmp308278,Non-Alcohol,C:\PycharmProjects\Alcohol Detection\dataset\Grupo_5\E_5_1\LG\E_5_1_2\E_5_1_2_R_10\via_region_data.json
E_5_1_2_R_M_N_N_1993_1_2017.bmp308278,Alcohol,C:\PycharmProjects\Alcohol Detection\dataset\Grupo_5\E_5_1\LG\E_5_1_2\E_5_1_2_R_10\via_region_data.json
E_5_1_2_R_M_N_N_1993_2_2017.bmp308278,Alcohol,C:\PycharmProjects\Alcohol Detection\dataset\Grupo_5\E_5_1\LG\E_5_1_2\E_5_1_2_R_10\via_region_data.json
E_5_1_2_R_M_N_N_1993_3_2017.bmp308278,Alcohol,C:\PycharmProjects\Alcohol Detection\dataset\Grupo_5\E_5_1\LG\E_5_1_2\E_5_1_2_R_10\via_region_data.json
E_5_1_2_R_M_N_N_1993_4_2017.bmp308278,Alcohol,C:\PycharmProjects\Alcohol Detection\dataset\Grupo_5\E_5_1\LG\E_5_1_2\E_5_1_2_R_10\via_region_data.json
E_5_1_2_R_M_N_N_1993_5_2017.bmp308278,Alcohol,C:\PycharmProjects\Alcohol Detection\dataset\Grupo_5\E_5_1\LG\E_5_1_2\E_5_1_2_R_10\via_region_data.json
E_5_1_2_R_M_N_N_1993_6_2017.bmp308278,Alcohol,C:\PycharmProjects\Alcohol Detection\dataset\Grupo_5\E_5_1\LG\E_5_1_2\E_5_1_2_R_10\via_region_data.json
E_5_1_2_R_M_N_N_1993_7_2017.bmp308278,Alcohol,C:\PycharmProjects\Alcohol Detection\dataset\Grupo_5\E_5_1\LG\E_5_1_2\E_5_1_2_R_10\via_region_data.json
E_5_1_2_R_M_N_N_1993_8_2017.bmp308278,Alcohol,C:\PycharmProjects\Alcohol Detection\dataset\Grupo_5\E_5_1\LG\E_5_1_2\E_5_1_2_R_10\via_region_data.json
E_5_1_2_R_M_N_N_1993_9_2017.bmp308278,Alcohol,C:\PycharmProjects\Alcohol Detection\dataset\Grupo_5\E_5_1\LG\E_5_1_2\E_5_1_2_R_10\via_region_data.json
E_5_1_3_L_M_N_N_1993_0_2017.bmp308278,Non-Alcohol,C:\PycharmProjects\Alcohol Detection\dataset\Grupo_5\E_5_1\LG\E_5_1_3\E_5_1_3_R_10\via_region_data.json
E_5_1_3_L_M_N_N_1993_1_2017.bmp308278,Alcohol,C:\PycharmProjects\Alcohol Detection\dataset\Grupo_5\E_5_1\LG\E_5_1_3\E_5_1_3_R_10\via_region_data.json
E_5_1_3_L_M_N_N_1993_2_2017.bmp308278,Alcohol,C:\PycharmProjects\Alcohol Detection\dataset\Grupo_5\E_5_1\LG\E_5_1_3\E_5_1_3_R_10\via_region_data.json
E_5_1_3_L_M_N_N_1993_3_2017.bmp308278,Alcohol,C:\PycharmProjects\Alcohol Detection\dataset\Grupo_5\E_5_1\LG\E_5_1_3\E_5_1_3_R_10\via_region_data.json
E_5_1_3_L_M_N_N_1993_4_2017.bmp308278,Alcohol,C:\PycharmProjects\Alcohol Detection\dataset\Grupo_5\E_5_1\LG\E_5_1_3\E_5_1_3_R_10\via_region_data.json
E_5_1_3_L_M_N_N_1993_5_2017.bmp308278,Alcohol,C:\PycharmProjects\Alcohol Detection\dataset\Grupo_5\E_5_1\LG\E_5_1_3\E_5_1_3_R_10\via_region_data.json
E_5_1_3_L_M_N_N_1993_6_2017.bmp308278,Alcohol,C:\PycharmProjects\Alcohol Detection\dataset\Grupo_5\E_5_1\LG\E_5_1_3\E_5_1_3_R_10\via_region_data.json
E_5_1_3_L_M_N_N_1993_7_2017.bmp308278,Alcohol,C:\PycharmProjects\Alcohol Detection\dataset\Grupo_5\E_5_1\LG\E_5_1_3\E_5_1_3_R_10\via_region_data.json
E_5_1_3_L_M_N_N_1993_8_2017.bmp308278,Alcohol,C:\PycharmProjects\Alcohol Detection\dataset\Grupo_5\E_5_1\LG\E_5_1_3\E_5_1_3_R_10\via_region_data.json
E_5_1_3_L_M_N_N_1993_9_2017.bmp308278,Alcohol,C:\PycharmProjects\Alcohol Detection\dataset\Grupo_5\E_5_1\LG\E_5_1_3\E_5_1_3_R_10\via_region_data.json
E_5_1_3_R_M_N_N_1993_0_2017.bmp308278,Non-Alcohol,C:\PycharmProjects\Alcohol Detection\dataset\Grupo_5\E_5_1\LG\E_5_1_3\E_5_1_3_R_10\via_region_data.json
E_5_1_3_R_M_N_N_1993_1_2017.bmp308278,Alcohol,C:\PycharmProjects\Alcohol Detection\dataset\Grupo_5\E_5_1\LG\E_5_1_3\E_5_1_3_R_10\via_region_data.json
E_5_1_3_R_M_N_N_1993_2_2017.bmp308278,Alcohol,C:\PycharmProjects\Alcohol Detection\dataset\Grupo_5\E_5_1\LG\E_5_1_3\E_5_1_3_R_10\via_region_data.json
E_5_1_3_R_M_N_N_1993_3_2017.bmp308278,Alcohol,C:\PycharmProjects\Alcohol Detection\dataset\Grupo_5\E_5_1\LG\E_5_1_3\E_5_1_3_R_10\via_region_data.json
E_5_1_3_R_M_N_N_1993_4_2017.bmp308278,Alcohol,C:\PycharmProjects\Alcohol Detection\dataset\Grupo_5\E_5_1\LG\E_5_1_3\E_5_1_3_R_10\via_region_data.json
E_5_1_3_R_M_N_N_1993_5_2017.bmp308278,Alcohol,C:\PycharmProjects\Alcohol Detection\dataset\Grupo_5\E_5_1\LG\E_5_1_3\E_5_1_3_R_10\via_region_data.json
E_5_1_3_R_M_N_N_1993_6_2017.bmp308278,Alcohol,C:\PycharmProjects\Alcohol Detection\dataset\Grupo_5\E_5_1\LG\E_5_1_3\E_5_1_3_R_10\via_region_data.json
E_5_1_3_R_M_N_N_1993_7_2017.bmp308278,Alcohol,C:\PycharmProjects\Alcohol Detection\dataset\Grupo_5\E_5_1\LG\E_5_1_3\E_5_1_3_R_10\via_region_data.json
E_5_1_3_R_M_N_N_1993_8_2017.bmp308278,Alcohol,C:\PycharmProjects\Alcohol Detection\dataset\Grupo_5\E_5_1\LG\E_5_1_3\E_5_1_3_R_10\via_region_data.json
E_5_1_3_R_M_N_N_1993_9_2017.bmp308278,Alcohol,C:\PycharmProjects\Alcohol Detection\dataset\Grupo_5\E_5_1\LG\E_5_1_3\E_5_1_3_R_10\via_region_data.json
E_5_1_4_L_M_N_N_1993_0_2017.bmp308278,Non-Alcohol,C:\PycharmProjects\Alcohol Detection\dataset\Grupo_5\E_5_1\LG\E_5_1_4\E_5_1_4_R_10\via_region_data.json
E_5_1_4_L_M_N_N_1993_1_2017.bmp308278,Alcohol,C:\PycharmProjects\Alcohol Detection\dataset\Grupo_5\E_5_1\LG\E_5_1_4\E_5_1_4_R_10\via_region_data.json
E_5_1_4_L_M_N_N_1993_2_2017.bmp308278,Alcohol,C:\PycharmProjects\Alcohol Detection\dataset\Grupo_5\E_5_1\LG\E_5_1_4\E_5_1_4_R_10\via_region_data.json
E_5_1_4_L_M_N_N_1993_3_2017.bmp308278,Alcohol,C:\PycharmProjects\Alcohol Detection\dataset\Grupo_5\E_5_1\LG\E_5_1_4\E_5_1_4_R_10\via_region_data.json
E_5_1_4_L_M_N_N_1993_4_2017.bmp308278,Alcohol,C:\PycharmProjects\Alcohol Detection\dataset\Grupo_5\E_5_1\LG\E_5_1_4\E_5_1_4_R_10\via_region_data.json
E_5_1_4_L_M_N_N_1993_5_2017.bmp308278,Alcohol,C:\PycharmProjects\Alcohol Detection\dataset\Grupo_5\E_5_1\LG\E_5_1_4\E_5_1_4_R_10\via_region_data.json
E_5_1_4_L_M_N_N_1993_6_2017.bmp308278,Alcohol,C:\PycharmProjects\Alcohol Detection\dataset\Grupo_5\E_5_1\LG\E_5_1_4\E_5_1_4_R_10\via_region_data.json
E_5_1_4_L_M_N_N_1993_7_2017.bmp308278,Alcohol,C:\PycharmProjects\Alcohol Detection\dataset\Grupo_5\E_5_1\LG\E_5_1_4\E_5_1_4_R_10\via_region_data.json
E_5_1_4_L_M_N_N_1993_8_2017.bmp308278,Alcohol,C:\PycharmProjects\Alcohol Detection\dataset\Grupo_5\E_5_1\LG\E_5_1_4\E_5_1_4_R_10\via_region_data.json
E_5_1_4_L_M_N_N_1993_9_2017.bmp308278,Alcohol,C:\PycharmProjects\Alcohol Detection\dataset\Grupo_5\E_5_1\LG\E_5_1_4\E_5_1_4_R_10\via_region_data.json
E_5_1_4_R_M_N_N_1993_0_2017.bmp308278,Non-Alcohol,C:\PycharmProjects\Alcohol Detection\dataset\Grupo_5\E_5_1\LG\E_5_1_4\E_5_1_4_R_10\via_region_data.json
E_5_1_4_R_M_N_N_1993_1_2017.bmp308278,Alcohol,C:\PycharmProjects\Alcohol Detection\dataset\Grupo_5\E_5_1\LG\E_5_1_4\E_5_1_4_R_10\via_region_data.json
E_5_1_4_R_M_N_N_1993_2_2017.bmp308278,Alcohol,C:\PycharmProjects\Alcohol Detection\dataset\Grupo_5\E_5_1\LG\E_5_1_4\E_5_1_4_R_10\via_region_data.json
E_5_1_4_R_M_N_N_1993_3_2017.bmp308278,Alcohol,C:\PycharmProjects\Alcohol Detection\dataset\Grupo_5\E_5_1\LG\E_5_1_4\E_5_1_4_R_10\via_region_data.json
E_5_1_4_R_M_N_N_1993_4_2017.bmp308278,Alcohol,C:\PycharmProjects\Alcohol Detection\dataset\Grupo_5\E_5_1\LG\E_5_1_4\E_5_1_4_R_10\via_region_data.json
E_5_1_4_R_M_N_N_1993_5_2017.bmp308278,Alcohol,C:\PycharmProjects\Alcohol Detection\dataset\Grupo_5\E_5_1\LG\E_5_1_4\E_5_1_4_R_10\via_region_data.json
E_5_1_4_R_M_N_N_1993_6_2017.bmp308278,Alcohol,C:\PycharmProjects\Alcohol Detection\dataset\Grupo_5\E_5_1\LG\E_5_1_4\E_5_1_4_R_10\via_region_data.json
E_5_1_4_R_M_N_N_1993_7_2017.bmp308278,Alcohol,C:\PycharmProjects\Alcohol Detection\dataset\Grupo_5\E_5_1\LG\E_5_1_4\E_5_1_4_R_10\via_region_data.json
E_5_1_4_R_M_N_N_1993_8_2017.bmp308278,Alcohol,C:\PycharmProjects\Alcohol Detection\dataset\Grupo_5\E_5_1\LG\E_5_1_4\E_5_1_4_R_10\via_region_data.json
E_5_1_4_R_M_N_N_1993_9_2017.bmp308278,Alcohol,C:\PycharmProjects\Alcohol Detection\dataset\Grupo_5\E_5_1\LG\E_5_1_4\E_5_1_4_R_10\via_region_data.json
E_5_2_0_L_F_Y_N_1994_0_2017.bmp308278,Non-Alcohol,C:\PycharmProjects\Alcohol Detection\dataset\Grupo_5\E_5_2\Iritech\E_5_2_0\via_region_data.json
E_5_2_0_R_F_Y_N_1994_0_2017.bmp308278,Non-Alcohol,C:\PycharmProjects\Alcohol Detection\dataset\Grupo_5\E_5_2\Iritech\E_5_2_0\via_region_data.json
E_5_2_1_L_F_Y_N_1994_0_2017.bmp308278,Non-Alcohol,C:\PycharmProjects\Alcohol Detection\dataset\Grupo_5\E_5_2\Iritech\E_5_2_1\via_region_data.json
E_5_2_1_R_F_Y_N_1994_0_2017.bmp308278,Non-Alcohol,C:\PycharmProjects\Alcohol Detection\dataset\Grupo_5\E_5_2\Iritech\E_5_2_1\via_region_data.json
E_5_2_2_L_F_Y_N_1994_0_2017.bmp308278,Non-Alcohol,C:\PycharmProjects\Alcohol Detection\dataset\Grupo_5\E_5_2\Iritech\E_5_2_2\via_region_data.json
E_5_2_2_R_F_Y_N_1994_0_2017.bmp308278,Non-Alcohol,C:\PycharmProjects\Alcohol Detection\dataset\Grupo_5\E_5_2\Iritech\E_5_2_2\via_region_data.json
E_5_2_3_L_F_Y_N_1994_0_2017.bmp308278,Non-Alcohol,C:\PycharmProjects\Alcohol Detection\dataset\Grupo_5\E_5_2\Iritech\E_5_2_3\via_region_data.json
E_5_2_3_R_F_Y_N_1994_0_2017.bmp308278,Non-Alcohol,C:\PycharmProjects\Alcohol Detection\dataset\Grupo_5\E_5_2\Iritech\E_5_2_3\via_region_data.json
E_5_2_4_L_F_Y_N_1994_0_2017.bmp308278,Non-Alcohol,C:\PycharmProjects\Alcohol Detection\dataset\Grupo_5\E_5_2\Iritech\E_5_2_4\via_region_data.json
E_5_2_4_R_F_Y_N_1994_0_2017.bmp308278,Non-Alcohol,C:\PycharmProjects\Alcohol Detection\dataset\Grupo_5\E_5_2\Iritech\E_5_2_4\via_region_data.json
E_5_2_0_L_F_Y_N_1994_0_2017.bmp308278,Non-Alcohol,C:\PycharmProjects\Alcohol Detection\dataset\Grupo_5\E_5_2\LG\E_5_2_0\E_5_2_0_R_10\via_region_data.json
E_5_2_0_L_F_Y_N_1994_1_2017.bmp308278,Non-Alcohol,C:\PycharmProjects\Alcohol Detection\dataset\Grupo_5\E_5_2\LG\E_5_2_0\E_5_2_0_R_10\via_region_data.json
E_5_2_0_L_F_Y_N_1994_2_2017.bmp308278,Non-Alcohol,C:\PycharmProjects\Alcohol Detection\dataset\Grupo_5\E_5_2\LG\E_5_2_0\E_5_2_0_R_10\via_region_data.json
E_5_2_0_L_F_Y_N_1994_3_2017.bmp308278,Non-Alcohol,C:\PycharmProjects\Alcohol Detection\dataset\Grupo_5\E_5_2\LG\E_5_2_0\E_5_2_0_R_10\via_region_data.json
E_5_2_0_L_F_Y_N_1994_4_2017.bmp308278,Non-Alcohol,C:\PycharmProjects\Alcohol Detection\dataset\Grupo_5\E_5_2\LG\E_5_2_0\E_5_2_0_R_10\via_region_data.json
E_5_2_0_L_F_Y_N_1994_5_2017.bmp308278,Non-Alcohol,C:\PycharmProjects\Alcohol Detection\dataset\Grupo_5\E_5_2\LG\E_5_2_0\E_5_2_0_R_10\via_region_data.json
E_5_2_0_L_F_Y_N_1994_6_2017.bmp308278,Non-Alcohol,C:\PycharmProjects\Alcohol Detection\dataset\Grupo_5\E_5_2\LG\E_5_2_0\E_5_2_0_R_10\via_region_data.json
E_5_2_0_L_F_Y_N_1994_7_2017.bmp308278,Non-Alcohol,C:\PycharmProjects\Alcohol Detection\dataset\Grupo_5\E_5_2\LG\E_5_2_0\E_5_2_0_R_10\via_region_data.json
E_5_2_0_L_F_Y_N_1994_8_2017.bmp308278,Non-Alcohol,C:\PycharmProjects\Alcohol Detection\dataset\Grupo_5\E_5_2\LG\E_5_2_0\E_5_2_0_R_10\via_region_data.json
E_5_2_0_L_F_Y_N_1994_9_2017.bmp308278,Non-Alcohol,C:\PycharmProjects\Alcohol Detection\dataset\Grupo_5\E_5_2\LG\E_5_2_0\E_5_2_0_R_10\via_region_data.json
E_5_2_0_R_F_Y_N_1994_0_2017.bmp308278,Non-Alcohol,C:\PycharmProjects\Alcohol Detection\dataset\Grupo_5\E_5_2\LG\E_5_2_0\E_5_2_0_R_10\via_region_data.json
E_5_2_0_R_F_Y_N_1994_1_2017.bmp308278,Non-Alcohol,C:\PycharmProjects\Alcohol Detection\dataset\Grupo_5\E_5_2\LG\E_5_2_0\E_5_2_0_R_10\via_region_data.json
E_5_2_0_R_F_Y_N_1994_2_2017.bmp308278,Non-Alcohol,C:\PycharmProjects\Alcohol Detection\dataset\Grupo_5\E_5_2\LG\E_5_2_0\E_5_2_0_R_10\via_region_data.json
E_5_2_0_R_F_Y_N_1994_3_2017.bmp308278,Non-Alcohol,C:\PycharmProjects\Alcohol Detection\dataset\Grupo_5\E_5_2\LG\E_5_2_0\E_5_2_0_R_10\via_region_data.json
E_5_2_0_R_F_Y_N_1994_4_2017.bmp308278,Non-Alcohol,C:\PycharmProjects\Alcohol Detection\dataset\Grupo_5\E_5_2\LG\E_5_2_0\E_5_2_0_R_10\via_region_data.json
E_5_2_0_R_F_Y_N_1994_5_2017.bmp308278,Non-Alcohol,C:\PycharmProjects\Alcohol Detection\dataset\Grupo_5\E_5_2\LG\E_5_2_0\E_5_2_0_R_10\via_region_data.json
E_5_2_0_R_F_Y_N_1994_6_2017.bmp308278,Non-Alcohol,C:\PycharmProjects\Alcohol Detection\dataset\Grupo_5\E_5_2\LG\E_5_2_0\E_5_2_0_R_10\via_region_data.json
E_5_2_0_R_F_Y_N_1994_7_2017.bmp308278,Non-Alcohol,C:\PycharmProjects\Alcohol Detection\dataset\Grupo_5\E_5_2\LG\E_5_2_0\E_5_2_0_R_10\via_region_data.json
E_5_2_0_R_F_Y_N_1994_8_2017.bmp308278,Non-Alcohol,C:\PycharmProjects\Alcohol Detection\dataset\Grupo_5\E_5_2\LG\E_5_2_0\E_5_2_0_R_10\via_region_data.json
E_5_2_0_R_F_Y_N_1994_9_2017.bmp308278,Non-Alcohol,C:\PycharmProjects\Alcohol Detection\dataset\Grupo_5\E_5_2\LG\E_5_2_0\E_5_2_0_R_10\via_region_data.json
E_5_2_1_L_F_Y_N_1994_0_2017.bmp308278,Non-Alcohol,C:\PycharmProjects\Alcohol Detection\dataset\Grupo_5\E_5_2\LG\E_5_2_1\E_5_2_1_R_10\via_region_data.json
E_5_2_1_L_F_Y_N_1994_1_2017.bmp308278,Alcohol,C:\PycharmProjects\Alcohol Detection\dataset\Grupo_5\E_5_2\LG\E_5_2_1\E_5_2_1_R_10\via_region_data.json
E_5_2_1_L_F_Y_N_1994_2_2017.bmp308278,Alcohol,C:\PycharmProjects\Alcohol Detection\dataset\Grupo_5\E_5_2\LG\E_5_2_1\E_5_2_1_R_10\via_region_data.json
E_5_2_1_L_F_Y_N_1994_3_2017.bmp308278,Alcohol,C:\PycharmProjects\Alcohol Detection\dataset\Grupo_5\E_5_2\LG\E_5_2_1\E_5_2_1_R_10\via_region_data.json
E_5_2_1_L_F_Y_N_1994_4_2017.bmp308278,Alcohol,C:\PycharmProjects\Alcohol Detection\dataset\Grupo_5\E_5_2\LG\E_5_2_1\E_5_2_1_R_10\via_region_data.json
E_5_2_1_L_F_Y_N_1994_5_2017.bmp308278,Alcohol,C:\PycharmProjects\Alcohol Detection\dataset\Grupo_5\E_5_2\LG\E_5_2_1\E_5_2_1_R_10\via_region_data.json
E_5_2_1_L_F_Y_N_1994_6_2017.bmp308278,Alcohol,C:\PycharmProjects\Alcohol Detection\dataset\Grupo_5\E_5_2\LG\E_5_2_1\E_5_2_1_R_10\via_region_data.json
E_5_2_1_L_F_Y_N_1994_7_2017.bmp308278,Alcohol,C:\PycharmProjects\Alcohol Detection\dataset\Grupo_5\E_5_2\LG\E_5_2_1\E_5_2_1_R_10\via_region_data.json
E_5_2_1_L_F_Y_N_1994_8_2017.bmp308278,Alcohol,C:\PycharmProjects\Alcohol Detection\dataset\Grupo_5\E_5_2\LG\E_5_2_1\E_5_2_1_R_10\via_region_data.json
E_5_2_1_L_F_Y_N_1994_9_2017.bmp308278,Alcohol,C:\PycharmProjects\Alcohol Detection\dataset\Grupo_5\E_5_2\LG\E_5_2_1\E_5_2_1_R_10\via_region_data.json
E_5_2_1_R_F_Y_N_1994_0_2017.bmp308278,Non-Alcohol,C:\PycharmProjects\Alcohol Detection\dataset\Grupo_5\E_5_2\LG\E_5_2_1\E_5_2_1_R_10\via_region_data.json
E_5_2_1_R_F_Y_N_1994_1_2017.bmp308278,Alcohol,C:\PycharmProjects\Alcohol Detection\dataset\Grupo_5\E_5_2\LG\E_5_2_1\E_5_2_1_R_10\via_region_data.json
E_5_2_1_R_F_Y_N_1994_2_2017.bmp308278,Alcohol,C:\PycharmProjects\Alcohol Detection\dataset\Grupo_5\E_5_2\LG\E_5_2_1\E_5_2_1_R_10\via_region_data.json
E_5_2_1_R_F_Y_N_1994_3_2017.bmp308278,Alcohol,C:\PycharmProjects\Alcohol Detection\dataset\Grupo_5\E_5_2\LG\E_5_2_1\E_5_2_1_R_10\via_region_data.json
E_5_2_1_R_F_Y_N_1994_4_2017.bmp308278,Alcohol,C:\PycharmProjects\Alcohol Detection\dataset\Grupo_5\E_5_2\LG\E_5_2_1\E_5_2_1_R_10\via_region_data.json
E_5_2_1_R_F_Y_N_1994_5_2017.bmp308278,Alcohol,C:\PycharmProjects\Alcohol Detection\dataset\Grupo_5\E_5_2\LG\E_5_2_1\E_5_2_1_R_10\via_region_data.json
E_5_2_1_R_F_Y_N_1994_6_2017.bmp308278,Alcohol,C:\PycharmProjects\Alcohol Detection\dataset\Grupo_5\E_5_2\LG\E_5_2_1\E_5_2_1_R_10\via_region_data.json
E_5_2_1_R_F_Y_N_1994_7_2017.bmp308278,Alcohol,C:\PycharmProjects\Alcohol Detection\dataset\Grupo_5\E_5_2\LG\E_5_2_1\E_5_2_1_R_10\via_region_data.json
E_5_2_1_R_F_Y_N_1994_8_2017.bmp308278,Alcohol,C:\PycharmProjects\Alcohol Detection\dataset\Grupo_5\E_5_2\LG\E_5_2_1\E_5_2_1_R_10\via_region_data.json
E_5_2_1_R_F_Y_N_1994_9_2017.bmp308278,Alcohol,C:\PycharmProjects\Alcohol Detection\dataset\Grupo_5\E_5_2\LG\E_5_2_1\E_5_2_1_R_10\via_region_data.json
E_5_2_2_L_F_Y_N_1994_0_2017.bmp308278,Non-Alcohol,C:\PycharmProjects\Alcohol Detection\dataset\Grupo_5\E_5_2\LG\E_5_2_2\E_5_2_2_R_10\via_region_data.json
E_5_2_2_L_F_Y_N_1994_1_2017.bmp308278,Alcohol,C:\PycharmProjects\Alcohol Detection\dataset\Grupo_5\E_5_2\LG\E_5_2_2\E_5_2_2_R_10\via_region_data.json
E_5_2_2_L_F_Y_N_1994_2_2017.bmp308278,Alcohol,C:\PycharmProjects\Alcohol Detection\dataset\Grupo_5\E_5_2\LG\E_5_2_2\E_5_2_2_R_10\via_region_data.json
E_5_2_2_L_F_Y_N_1994_3_2017.bmp308278,Alcohol,C:\PycharmProjects\Alcohol Detection\dataset\Grupo_5\E_5_2\LG\E_5_2_2\E_5_2_2_R_10\via_region_data.json
E_5_2_2_L_F_Y_N_1994_4_2017.bmp308278,Alcohol,C:\PycharmProjects\Alcohol Detection\dataset\Grupo_5\E_5_2\LG\E_5_2_2\E_5_2_2_R_10\via_region_data.json
E_5_2_2_L_F_Y_N_1994_5_2017.bmp308278,Alcohol,C:\PycharmProjects\Alcohol Detection\dataset\Grupo_5\E_5_2\LG\E_5_2_2\E_5_2_2_R_10\via_region_data.json
E_5_2_2_L_F_Y_N_1994_6_2017.bmp308278,Alcohol,C:\PycharmProjects\Alcohol Detection\dataset\Grupo_5\E_5_2\LG\E_5_2_2\E_5_2_2_R_10\via_region_data.json
E_5_2_2_L_F_Y_N_1994_7_2017.bmp308278,Alcohol,C:\PycharmProjects\Alcohol Detection\dataset\Grupo_5\E_5_2\LG\E_5_2_2\E_5_2_2_R_10\via_region_data.json
E_5_2_2_L_F_Y_N_1994_8_2017.bmp308278,Alcohol,C:\PycharmProjects\Alcohol Detection\dataset\Grupo_5\E_5_2\LG\E_5_2_2\E_5_2_2_R_10\via_region_data.json
E_5_2_2_L_F_Y_N_1994_9_2017.bmp308278,Alcohol,C:\PycharmProjects\Alcohol Detection\dataset\Grupo_5\E_5_2\LG\E_5_2_2\E_5_2_2_R_10\via_region_data.json
E_5_2_2_R_F_Y_N_1994_0_2017.bmp308278,Non-Alcohol,C:\PycharmProjects\Alcohol Detection\dataset\Grupo_5\E_5_2\LG\E_5_2_2\E_5_2_2_R_10\via_region_data.json
E_5_2_2_R_F_Y_N_1994_1_2017.bmp308278,Alcohol,C:\PycharmProjects\Alcohol Detection\dataset\Grupo_5\E_5_2\LG\E_5_2_2\E_5_2_2_R_10\via_region_data.json
E_5_2_2_R_F_Y_N_1994_2_2017.bmp308278,Alcohol,C:\PycharmProjects\Alcohol Detection\dataset\Grupo_5\E_5_2\LG\E_5_2_2\E_5_2_2_R_10\via_region_data.json
E_5_2_2_R_F_Y_N_1994_3_2017.bmp308278,Alcohol,C:\PycharmProjects\Alcohol Detection\dataset\Grupo_5\E_5_2\LG\E_5_2_2\E_5_2_2_R_10\via_region_data.json
E_5_2_2_R_F_Y_N_1994_4_2017.bmp308278,Alcohol,C:\PycharmProjects\Alcohol Detection\dataset\Grupo_5\E_5_2\LG\E_5_2_2\E_5_2_2_R_10\via_region_data.json
E_5_2_2_R_F_Y_N_1994_5_2017.bmp308278,Alcohol,C:\PycharmProjects\Alcohol Detection\dataset\Grupo_5\E_5_2\LG\E_5_2_2\E_5_2_2_R_10\via_region_data.json
E_5_2_2_R_F_Y_N_1994_6_2017.bmp308278,Alcohol,C:\PycharmProjects\Alcohol Detection\dataset\Grupo_5\E_5_2\LG\E_5_2_2\E_5_2_2_R_10\via_region_data.json
E_5_2_2_R_F_Y_N_1994_7_2017.bmp308278,Alcohol,C:\PycharmProjects\Alcohol Detection\dataset\Grupo_5\E_5_2\LG\E_5_2_2\E_5_2_2_R_10\via_region_data.json
E_5_2_2_R_F_Y_N_1994_8_2017.bmp308278,Alcohol,C:\PycharmProjects\Alcohol Detection\dataset\Grupo_5\E_5_2\LG\E_5_2_2\E_5_2_2_R_10\via_region_data.json
E_5_2_2_R_F_Y_N_1994_9_2017.bmp308278,Alcohol,C:\PycharmProjects\Alcohol Detection\dataset\Grupo_5\E_5_2\LG\E_5_2_2\E_5_2_2_R_10\via_region_data.json
E_5_2_3_L_F_Y_N_1994_0_2017.bmp308278,Non-Alcohol,C:\PycharmProjects\Alcohol Detection\dataset\Grupo_5\E_5_2\LG\E_5_2_3\E_5_2_3_R_10\via_region_data.json
E_5_2_3_L_F_Y_N_1994_1_2017.bmp308278,Alcohol,C:\PycharmProjects\Alcohol Detection\dataset\Grupo_5\E_5_2\LG\E_5_2_3\E_5_2_3_R_10\via_region_data.json
E_5_2_3_L_F_Y_N_1994_2_2017.bmp308278,Alcohol,C:\PycharmProjects\Alcohol Detection\dataset\Grupo_5\E_5_2\LG\E_5_2_3\E_5_2_3_R_10\via_region_data.json
E_5_2_3_L_F_Y_N_1994_3_2017.bmp308278,Alcohol,C:\PycharmProjects\Alcohol Detection\dataset\Grupo_5\E_5_2\LG\E_5_2_3\E_5_2_3_R_10\via_region_data.json
E_5_2_3_L_F_Y_N_1994_4_2017.bmp308278,Alcohol,C:\PycharmProjects\Alcohol Detection\dataset\Grupo_5\E_5_2\LG\E_5_2_3\E_5_2_3_R_10\via_region_data.json
E_5_2_3_L_F_Y_N_1994_5_2017.bmp308278,Alcohol,C:\PycharmProjects\Alcohol Detection\dataset\Grupo_5\E_5_2\LG\E_5_2_3\E_5_2_3_R_10\via_region_data.json
E_5_2_3_L_F_Y_N_1994_6_2017.bmp308278,Alcohol,C:\PycharmProjects\Alcohol Detection\dataset\Grupo_5\E_5_2\LG\E_5_2_3\E_5_2_3_R_10\via_region_data.json
E_5_2_3_L_F_Y_N_1994_7_2017.bmp308278,Alcohol,C:\PycharmProjects\Alcohol Detection\dataset\Grupo_5\E_5_2\LG\E_5_2_3\E_5_2_3_R_10\via_region_data.json
E_5_2_3_L_F_Y_N_1994_8_2017.bmp308278,Alcohol,C:\PycharmProjects\Alcohol Detection\dataset\Grupo_5\E_5_2\LG\E_5_2_3\E_5_2_3_R_10\via_region_data.json
E_5_2_3_L_F_Y_N_1994_9_2017.bmp308278,Alcohol,C:\PycharmProjects\Alcohol Detection\dataset\Grupo_5\E_5_2\LG\E_5_2_3\E_5_2_3_R_10\via_region_data.json
E_5_2_3_R_F_Y_N_1994_0_2017.bmp308278,Non-Alcohol,C:\PycharmProjects\Alcohol Detection\dataset\Grupo_5\E_5_2\LG\E_5_2_3\E_5_2_3_R_10\via_region_data.json
E_5_2_3_R_F_Y_N_1994_1_2017.bmp308278,Alcohol,C:\PycharmProjects\Alcohol Detection\dataset\Grupo_5\E_5_2\LG\E_5_2_3\E_5_2_3_R_10\via_region_data.json
E_5_2_3_R_F_Y_N_1994_2_2017.bmp308278,Alcohol,C:\PycharmProjects\Alcohol Detection\dataset\Grupo_5\E_5_2\LG\E_5_2_3\E_5_2_3_R_10\via_region_data.json
E_5_2_3_R_F_Y_N_1994_3_2017.bmp308278,Alcohol,C:\PycharmProjects\Alcohol Detection\dataset\Grupo_5\E_5_2\LG\E_5_2_3\E_5_2_3_R_10\via_region_data.json
E_5_2_3_R_F_Y_N_1994_4_2017.bmp308278,Alcohol,C:\PycharmProjects\Alcohol Detection\dataset\Grupo_5\E_5_2\LG\E_5_2_3\E_5_2_3_R_10\via_region_data.json
E_5_2_3_R_F_Y_N_1994_5_2017.bmp308278,Alcohol,C:\PycharmProjects\Alcohol Detection\dataset\Grupo_5\E_5_2\LG\E_5_2_3\E_5_2_3_R_10\via_region_data.json
E_5_2_3_R_F_Y_N_1994_6_2017.bmp308278,Alcohol,C:\PycharmProjects\Alcohol Detection\dataset\Grupo_5\E_5_2\LG\E_5_2_3\E_5_2_3_R_10\via_region_data.json
E_5_2_3_R_F_Y_N_1994_7_2017.bmp308278,Alcohol,C:\PycharmProjects\Alcohol Detection\dataset\Grupo_5\E_5_2\LG\E_5_2_3\E_5_2_3_R_10\via_region_data.json
E_5_2_3_R_F_Y_N_1994_8_2017.bmp308278,Alcohol,C:\PycharmProjects\Alcohol Detection\dataset\Grupo_5\E_5_2\LG\E_5_2_3\E_5_2_3_R_10\via_region_data.json
E_5_2_3_R_F_Y_N_1994_9_2017.bmp308278,Alcohol,C:\PycharmProjects\Alcohol Detection\dataset\Grupo_5\E_5_2\LG\E_5_2_3\E_5_2_3_R_10\via_region_data.json
E_5_2_4_L_F_Y_N_1994_0_2017.bmp308278,Non-Alcohol,C:\PycharmProjects\Alcohol Detection\dataset\Grupo_5\E_5_2\LG\E_5_2_4\E_5_2_4_R_10\via_region_data.json
E_5_2_4_L_F_Y_N_1994_1_2017.bmp308278,Alcohol,C:\PycharmProjects\Alcohol Detection\dataset\Grupo_5\E_5_2\LG\E_5_2_4\E_5_2_4_R_10\via_region_data.json
E_5_2_4_L_F_Y_N_1994_2_2017.bmp308278,Alcohol,C:\PycharmProjects\Alcohol Detection\dataset\Grupo_5\E_5_2\LG\E_5_2_4\E_5_2_4_R_10\via_region_data.json
E_5_2_4_L_F_Y_N_1994_3_2017.bmp308278,Alcohol,C:\PycharmProjects\Alcohol Detection\dataset\Grupo_5\E_5_2\LG\E_5_2_4\E_5_2_4_R_10\via_region_data.json
E_5_2_4_L_F_Y_N_1994_4_2017.bmp308278,Alcohol,C:\PycharmProjects\Alcohol Detection\dataset\Grupo_5\E_5_2\LG\E_5_2_4\E_5_2_4_R_10\via_region_data.json
E_5_2_4_L_F_Y_N_1994_5_2017.bmp308278,Alcohol,C:\PycharmProjects\Alcohol Detection\dataset\Grupo_5\E_5_2\LG\E_5_2_4\E_5_2_4_R_10\via_region_data.json
E_5_2_4_L_F_Y_N_1994_6_2017.bmp308278,Alcohol,C:\PycharmProjects\Alcohol Detection\dataset\Grupo_5\E_5_2\LG\E_5_2_4\E_5_2_4_R_10\via_region_data.json
E_5_2_4_L_F_Y_N_1994_7_2017.bmp308278,Alcohol,C:\PycharmProjects\Alcohol Detection\dataset\Grupo_5\E_5_2\LG\E_5_2_4\E_5_2_4_R_10\via_region_data.json
E_5_2_4_L_F_Y_N_1994_8_2017.bmp308278,Alcohol,C:\PycharmProjects\Alcohol Detection\dataset\Grupo_5\E_5_2\LG\E_5_2_4\E_5_2_4_R_10\via_region_data.json
E_5_2_4_L_F_Y_N_1994_9_2017.bmp308278,Alcohol,C:\PycharmProjects\Alcohol Detection\dataset\Grupo_5\E_5_2\LG\E_5_2_4\E_5_2_4_R_10\via_region_data.json
E_5_2_4_R_F_Y_N_1994_0_2017.bmp308278,Non-Alcohol,C:\PycharmProjects\Alcohol Detection\dataset\Grupo_5\E_5_2\LG\E_5_2_4\E_5_2_4_R_10\via_region_data.json
E_5_2_4_R_F_Y_N_1994_1_2017.bmp308278,Alcohol,C:\PycharmProjects\Alcohol Detection\dataset\Grupo_5\E_5_2\LG\E_5_2_4\E_5_2_4_R_10\via_region_data.json
E_5_2_4_R_F_Y_N_1994_2_2017.bmp308278,Alcohol,C:\PycharmProjects\Alcohol Detection\dataset\Grupo_5\E_5_2\LG\E_5_2_4\E_5_2_4_R_10\via_region_data.json
E_5_2_4_R_F_Y_N_1994_3_2017.bmp308278,Alcohol,C:\PycharmProjects\Alcohol Detection\dataset\Grupo_5\E_5_2\LG\E_5_2_4\E_5_2_4_R_10\via_region_data.json
E_5_2_4_R_F_Y_N_1994_4_2017.bmp308278,Alcohol,C:\PycharmProjects\Alcohol Detection\dataset\Grupo_5\E_5_2\LG\E_5_2_4\E_5_2_4_R_10\via_region_data.json
E_5_2_4_R_F_Y_N_1994_5_2017.bmp308278,Alcohol,C:\PycharmProjects\Alcohol Detection\dataset\Grupo_5\E_5_2\LG\E_5_2_4\E_5_2_4_R_10\via_region_data.json
E_5_2_4_R_F_Y_N_1994_6_2017.bmp308278,Alcohol,C:\PycharmProjects\Alcohol Detection\dataset\Grupo_5\E_5_2\LG\E_5_2_4\E_5_2_4_R_10\via_region_data.json
E_5_2_4_R_F_Y_N_1994_7_2017.bmp308278,Alcohol,C:\PycharmProjects\Alcohol Detection\dataset\Grupo_5\E_5_2\LG\E_5_2_4\E_5_2_4_R_10\via_region_data.json
E_5_2_4_R_F_Y_N_1994_8_2017.bmp308278,Alcohol,C:\PycharmProjects\Alcohol Detection\dataset\Grupo_5\E_5_2\LG\E_5_2_4\E_5_2_4_R_10\via_region_data.json
E_5_2_4_R_F_Y_N_1994_9_2017.bmp308278,Alcohol,C:\PycharmProjects\Alcohol Detection\dataset\Grupo_5\E_5_2\LG\E_5_2_4\E_5_2_4_R_10\via_region_data.json
E_5_3_0_L_M_N_N_1993_0_2017.bmp308278,Non-Alcohol,C:\PycharmProjects\Alcohol Detection\dataset\Grupo_5\E_5_3\Iritech\E_5_3_0\via_region_data.json
E_5_3_0_R_M_N_N_1993_0_2017.bmp308278,Non-Alcohol,C:\PycharmProjects\Alcohol Detection\dataset\Grupo_5\E_5_3\Iritech\E_5_3_0\via_region_data.json
E_5_3_1_L_M_N_N_1993_0_2017.bmp308278,Non-Alcohol,C:\PycharmProjects\Alcohol Detection\dataset\Grupo_5\E_5_3\Iritech\E_5_3_1\via_region_data.json
E_5_3_1_R_M_N_N_1993_0_2017.bmp308278,Non-Alcohol,C:\PycharmProjects\Alcohol Detection\dataset\Grupo_5\E_5_3\Iritech\E_5_3_1\via_region_data.json
E_5_3_2_L_M_N_N_1993_0_2017.bmp308278,Non-Alcohol,C:\PycharmProjects\Alcohol Detection\dataset\Grupo_5\E_5_3\Iritech\E_5_3_2\via_region_data.json
E_5_3_2_R_M_N_N_1993_0_2017.bmp308278,Non-Alcohol,C:\PycharmProjects\Alcohol Detection\dataset\Grupo_5\E_5_3\Iritech\E_5_3_2\via_region_data.json
E_5_3_3_L_M_N_N_1993_0_2017.bmp308278,Non-Alcohol,C:\PycharmProjects\Alcohol Detection\dataset\Grupo_5\E_5_3\Iritech\E_5_3_3\via_region_data.json
E_5_3_3_R_M_N_N_1993_0_2017.bmp308278,Non-Alcohol,C:\PycharmProjects\Alcohol Detection\dataset\Grupo_5\E_5_3\Iritech\E_5_3_3\via_region_data.json
E_5_3_4_L_M_N_N_1993_0_2017.bmp308278,Non-Alcohol,C:\PycharmProjects\Alcohol Detection\dataset\Grupo_5\E_5_3\Iritech\E_5_3_4\via_region_data.json
E_5_3_4_R_M_N_N_1993_0_2017.bmp308278,Non-Alcohol,C:\PycharmProjects\Alcohol Detection\dataset\Grupo_5\E_5_3\Iritech\E_5_3_4\via_region_data.json
E_5_3_0_L_M_N_N_1993_0_2017.bmp308278,Non-Alcohol,C:\PycharmProjects\Alcohol Detection\dataset\Grupo_5\E_5_3\LG\E_5_3_0\E_5_3_0_R_10\via_region_data.json
E_5_3_0_L_M_N_N_1993_1_2017.bmp308278,Non-Alcohol,C:\PycharmProjects\Alcohol Detection\dataset\Grupo_5\E_5_3\LG\E_5_3_0\E_5_3_0_R_10\via_region_data.json
E_5_3_0_L_M_N_N_1993_2_2017.bmp308278,Non-Alcohol,C:\PycharmProjects\Alcohol Detection\dataset\Grupo_5\E_5_3\LG\E_5_3_0\E_5_3_0_R_10\via_region_data.json
E_5_3_0_L_M_N_N_1993_3_2017.bmp308278,Non-Alcohol,C:\PycharmProjects\Alcohol Detection\dataset\Grupo_5\E_5_3\LG\E_5_3_0\E_5_3_0_R_10\via_region_data.json
E_5_3_0_L_M_N_N_1993_4_2017.bmp308278,Non-Alcohol,C:\PycharmProjects\Alcohol Detection\dataset\Grupo_5\E_5_3\LG\E_5_3_0\E_5_3_0_R_10\via_region_data.json
E_5_3_0_L_M_N_N_1993_5_2017.bmp308278,Non-Alcohol,C:\PycharmProjects\Alcohol Detection\dataset\Grupo_5\E_5_3\LG\E_5_3_0\E_5_3_0_R_10\via_region_data.json
E_5_3_0_L_M_N_N_1993_6_2017.bmp308278,Non-Alcohol,C:\PycharmProjects\Alcohol Detection\dataset\Grupo_5\E_5_3\LG\E_5_3_0\E_5_3_0_R_10\via_region_data.json
E_5_3_0_L_M_N_N_1993_7_2017.bmp308278,Non-Alcohol,C:\PycharmProjects\Alcohol Detection\dataset\Grupo_5\E_5_3\LG\E_5_3_0\E_5_3_0_R_10\via_region_data.json
E_5_3_0_L_M_N_N_1993_8_2017.bmp308278,Non-Alcohol,C:\PycharmProjects\Alcohol Detection\dataset\Grupo_5\E_5_3\LG\E_5_3_0\E_5_3_0_R_10\via_region_data.json
E_5_3_0_L_M_N_N_1993_9_2017.bmp308278,Non-Alcohol,C:\PycharmProjects\Alcohol Detection\dataset\Grupo_5\E_5_3\LG\E_5_3_0\E_5_3_0_R_10\via_region_data.json
E_5_3_0_R_M_N_N_1993_0_2017.bmp308278,Non-Alcohol,C:\PycharmProjects\Alcohol Detection\dataset\Grupo_5\E_5_3\LG\E_5_3_0\E_5_3_0_R_10\via_region_data.json
E_5_3_0_R_M_N_N_1993_1_2017.bmp308278,Non-Alcohol,C:\PycharmProjects\Alcohol Detection\dataset\Grupo_5\E_5_3\LG\E_5_3_0\E_5_3_0_R_10\via_region_data.json
E_5_3_0_R_M_N_N_1993_2_2017.bmp308278,Non-Alcohol,C:\PycharmProjects\Alcohol Detection\dataset\Grupo_5\E_5_3\LG\E_5_3_0\E_5_3_0_R_10\via_region_data.json
E_5_3_0_R_M_N_N_1993_3_2017.bmp308278,Non-Alcohol,C:\PycharmProjects\Alcohol Detection\dataset\Grupo_5\E_5_3\LG\E_5_3_0\E_5_3_0_R_10\via_region_data.json
E_5_3_0_R_M_N_N_1993_4_2017.bmp308278,Non-Alcohol,C:\PycharmProjects\Alcohol Detection\dataset\Grupo_5\E_5_3\LG\E_5_3_0\E_5_3_0_R_10\via_region_data.json
E_5_3_0_R_M_N_N_1993_5_2017.bmp308278,Non-Alcohol,C:\PycharmProjects\Alcohol Detection\dataset\Grupo_5\E_5_3\LG\E_5_3_0\E_5_3_0_R_10\via_region_data.json
E_5_3_0_R_M_N_N_1993_6_2017.bmp308278,Non-Alcohol,C:\PycharmProjects\Alcohol Detection\dataset\Grupo_5\E_5_3\LG\E_5_3_0\E_5_3_0_R_10\via_region_data.json
E_5_3_0_R_M_N_N_1993_7_2017.bmp308278,Non-Alcohol,C:\PycharmProjects\Alcohol Detection\dataset\Grupo_5\E_5_3\LG\E_5_3_0\E_5_3_0_R_10\via_region_data.json
E_5_3_0_R_M_N_N_1993_8_2017.bmp308278,Non-Alcohol,C:\PycharmProjects\Alcohol Detection\dataset\Grupo_5\E_5_3\LG\E_5_3_0\E_5_3_0_R_10\via_region_data.json
E_5_3_0_R_M_N_N_1993_9_2017.bmp308278,Non-Alcohol,C:\PycharmProjects\Alcohol Detection\dataset\Grupo_5\E_5_3\LG\E_5_3_0\E_5_3_0_R_10\via_region_data.json
E_5_3_1_L_M_N_N_1993_0_2017.bmp308278,Non-Alcohol,C:\PycharmProjects\Alcohol Detection\dataset\Grupo_5\E_5_3\LG\E_5_3_1\E_5_3_1_R_10\via_region_data.json
E_5_3_1_L_M_N_N_1993_1_2017.bmp308278,Alcohol,C:\PycharmProjects\Alcohol Detection\dataset\Grupo_5\E_5_3\LG\E_5_3_1\E_5_3_1_R_10\via_region_data.json
E_5_3_1_L_M_N_N_1993_2_2017.bmp308278,Alcohol,C:\PycharmProjects\Alcohol Detection\dataset\Grupo_5\E_5_3\LG\E_5_3_1\E_5_3_1_R_10\via_region_data.json
E_5_3_1_L_M_N_N_1993_3_2017.bmp308278,Alcohol,C:\PycharmProjects\Alcohol Detection\dataset\Grupo_5\E_5_3\LG\E_5_3_1\E_5_3_1_R_10\via_region_data.json
E_5_3_1_L_M_N_N_1993_4_2017.bmp308278,Alcohol,C:\PycharmProjects\Alcohol Detection\dataset\Grupo_5\E_5_3\LG\E_5_3_1\E_5_3_1_R_10\via_region_data.json
E_5_3_1_L_M_N_N_1993_5_2017.bmp308278,Alcohol,C:\PycharmProjects\Alcohol Detection\dataset\Grupo_5\E_5_3\LG\E_5_3_1\E_5_3_1_R_10\via_region_data.json
E_5_3_1_L_M_N_N_1993_6_2017.bmp308278,Alcohol,C:\PycharmProjects\Alcohol Detection\dataset\Grupo_5\E_5_3\LG\E_5_3_1\E_5_3_1_R_10\via_region_data.json
E_5_3_1_L_M_N_N_1993_7_2017.bmp308278,Alcohol,C:\PycharmProjects\Alcohol Detection\dataset\Grupo_5\E_5_3\LG\E_5_3_1\E_5_3_1_R_10\via_region_data.json
E_5_3_1_L_M_N_N_1993_8_2017.bmp308278,Alcohol,C:\PycharmProjects\Alcohol Detection\dataset\Grupo_5\E_5_3\LG\E_5_3_1\E_5_3_1_R_10\via_region_data.json
E_5_3_1_L_M_N_N_1993_9_2017.bmp308278,Alcohol,C:\PycharmProjects\Alcohol Detection\dataset\Grupo_5\E_5_3\LG\E_5_3_1\E_5_3_1_R_10\via_region_data.json
E_5_3_1_R_M_N_N_1993_0_2017.bmp308278,Non-Alcohol,C:\PycharmProjects\Alcohol Detection\dataset\Grupo_5\E_5_3\LG\E_5_3_1\E_5_3_1_R_10\via_region_data.json
E_5_3_1_R_M_N_N_1993_1_2017.bmp308278,Alcohol,C:\PycharmProjects\Alcohol Detection\dataset\Grupo_5\E_5_3\LG\E_5_3_1\E_5_3_1_R_10\via_region_data.json
E_5_3_1_R_M_N_N_1993_2_2017.bmp308278,Alcohol,C:\PycharmProjects\Alcohol Detection\dataset\Grupo_5\E_5_3\LG\E_5_3_1\E_5_3_1_R_10\via_region_data.json
E_5_3_1_R_M_N_N_1993_3_2017.bmp308278,Alcohol,C:\PycharmProjects\Alcohol Detection\dataset\Grupo_5\E_5_3\LG\E_5_3_1\E_5_3_1_R_10\via_region_data.json
E_5_3_1_R_M_N_N_1993_4_2017.bmp308278,Alcohol,C:\PycharmProjects\Alcohol Detection\dataset\Grupo_5\E_5_3\LG\E_5_3_1\E_5_3_1_R_10\via_region_data.json
E_5_3_1_R_M_N_N_1993_5_2017.bmp308278,Alcohol,C:\PycharmProjects\Alcohol Detection\dataset\Grupo_5\E_5_3\LG\E_5_3_1\E_5_3_1_R_10\via_region_data.json
E_5_3_1_R_M_N_N_1993_6_2017.bmp308278,Alcohol,C:\PycharmProjects\Alcohol Detection\dataset\Grupo_5\E_5_3\LG\E_5_3_1\E_5_3_1_R_10\via_region_data.json
E_5_3_1_R_M_N_N_1993_7_2017.bmp308278,Alcohol,C:\PycharmProjects\Alcohol Detection\dataset\Grupo_5\E_5_3\LG\E_5_3_1\E_5_3_1_R_10\via_region_data.json
E_5_3_1_R_M_N_N_1993_8_2017.bmp308278,Alcohol,C:\PycharmProjects\Alcohol Detection\dataset\Grupo_5\E_5_3\LG\E_5_3_1\E_5_3_1_R_10\via_region_data.json
E_5_3_1_R_M_N_N_1993_9_2017.bmp308278,Alcohol,C:\PycharmProjects\Alcohol Detection\dataset\Grupo_5\E_5_3\LG\E_5_3_1\E_5_3_1_R_10\via_region_data.json
E_5_3_2_L_M_N_N_1993_0_2017.bmp308278,Non-Alcohol,C:\PycharmProjects\Alcohol Detection\dataset\Grupo_5\E_5_3\LG\E_5_3_2\E_5_3_2_R_10\via_region_data.json
E_5_3_2_L_M_N_N_1993_1_2017.bmp308278,Alcohol,C:\PycharmProjects\Alcohol Detection\dataset\Grupo_5\E_5_3\LG\E_5_3_2\E_5_3_2_R_10\via_region_data.json
E_5_3_2_L_M_N_N_1993_2_2017.bmp308278,Alcohol,C:\PycharmProjects\Alcohol Detection\dataset\Grupo_5\E_5_3\LG\E_5_3_2\E_5_3_2_R_10\via_region_data.json
E_5_3_2_L_M_N_N_1993_3_2017.bmp308278,Alcohol,C:\PycharmProjects\Alcohol Detection\dataset\Grupo_5\E_5_3\LG\E_5_3_2\E_5_3_2_R_10\via_region_data.json
E_5_3_2_L_M_N_N_1993_4_2017.bmp308278,Alcohol,C:\PycharmProjects\Alcohol Detection\dataset\Grupo_5\E_5_3\LG\E_5_3_2\E_5_3_2_R_10\via_region_data.json
E_5_3_2_L_M_N_N_1993_5_2017.bmp308278,Alcohol,C:\PycharmProjects\Alcohol Detection\dataset\Grupo_5\E_5_3\LG\E_5_3_2\E_5_3_2_R_10\via_region_data.json
E_5_3_2_L_M_N_N_1993_6_2017.bmp308278,Alcohol,C:\PycharmProjects\Alcohol Detection\dataset\Grupo_5\E_5_3\LG\E_5_3_2\E_5_3_2_R_10\via_region_data.json
E_5_3_2_L_M_N_N_1993_7_2017.bmp308278,Alcohol,C:\PycharmProjects\Alcohol Detection\dataset\Grupo_5\E_5_3\LG\E_5_3_2\E_5_3_2_R_10\via_region_data.json
E_5_3_2_L_M_N_N_1993_8_2017.bmp308278,Alcohol,C:\PycharmProjects\Alcohol Detection\dataset\Grupo_5\E_5_3\LG\E_5_3_2\E_5_3_2_R_10\via_region_data.json
E_5_3_2_L_M_N_N_1993_9_2017.bmp308278,Alcohol,C:\PycharmProjects\Alcohol Detection\dataset\Grupo_5\E_5_3\LG\E_5_3_2\E_5_3_2_R_10\via_region_data.json
E_5_3_2_R_M_N_N_1993_0_2017.bmp308278,Non-Alcohol,C:\PycharmProjects\Alcohol Detection\dataset\Grupo_5\E_5_3\LG\E_5_3_2\E_5_3_2_R_10\via_region_data.json
E_5_3_2_R_M_N_N_1993_1_2017.bmp308278,Alcohol,C:\PycharmProjects\Alcohol Detection\dataset\Grupo_5\E_5_3\LG\E_5_3_2\E_5_3_2_R_10\via_region_data.json
E_5_3_2_R_M_N_N_1993_2_2017.bmp308278,Alcohol,C:\PycharmProjects\Alcohol Detection\dataset\Grupo_5\E_5_3\LG\E_5_3_2\E_5_3_2_R_10\via_region_data.json
E_5_3_2_R_M_N_N_1993_3_2017.bmp308278,Alcohol,C:\PycharmProjects\Alcohol Detection\dataset\Grupo_5\E_5_3\LG\E_5_3_2\E_5_3_2_R_10\via_region_data.json
E_5_3_2_R_M_N_N_1993_4_2017.bmp308278,Alcohol,C:\PycharmProjects\Alcohol Detection\dataset\Grupo_5\E_5_3\LG\E_5_3_2\E_5_3_2_R_10\via_region_data.json
E_5_3_2_R_M_N_N_1993_5_2017.bmp308278,Alcohol,C:\PycharmProjects\Alcohol Detection\dataset\Grupo_5\E_5_3\LG\E_5_3_2\E_5_3_2_R_10\via_region_data.json
E_5_3_2_R_M_N_N_1993_6_2017.bmp308278,Alcohol,C:\PycharmProjects\Alcohol Detection\dataset\Grupo_5\E_5_3\LG\E_5_3_2\E_5_3_2_R_10\via_region_data.json
E_5_3_2_R_M_N_N_1993_7_2017.bmp308278,Alcohol,C:\PycharmProjects\Alcohol Detection\dataset\Grupo_5\E_5_3\LG\E_5_3_2\E_5_3_2_R_10\via_region_data.json
E_5_3_2_R_M_N_N_1993_8_2017.bmp308278,Alcohol,C:\PycharmProjects\Alcohol Detection\dataset\Grupo_5\E_5_3\LG\E_5_3_2\E_5_3_2_R_10\via_region_data.json
E_5_3_2_R_M_N_N_1993_9_2017.bmp308278,Alcohol,C:\PycharmProjects\Alcohol Detection\dataset\Grupo_5\E_5_3\LG\E_5_3_2\E_5_3_2_R_10\via_region_data.json
E_5_3_3_L_M_N_N_1993_0_2017.bmp308278,Non-Alcohol,C:\PycharmProjects\Alcohol Detection\dataset\Grupo_5\E_5_3\LG\E_5_3_3\E_5_3_3_R_10\via_region_data.json
E_5_3_3_L_M_N_N_1993_1_2017.bmp308278,Alcohol,C:\PycharmProjects\Alcohol Detection\dataset\Grupo_5\E_5_3\LG\E_5_3_3\E_5_3_3_R_10\via_region_data.json
E_5_3_3_L_M_N_N_1993_2_2017.bmp308278,Alcohol,C:\PycharmProjects\Alcohol Detection\dataset\Grupo_5\E_5_3\LG\E_5_3_3\E_5_3_3_R_10\via_region_data.json
E_5_3_3_L_M_N_N_1993_3_2017.bmp308278,Alcohol,C:\PycharmProjects\Alcohol Detection\dataset\Grupo_5\E_5_3\LG\E_5_3_3\E_5_3_3_R_10\via_region_data.json
E_5_3_3_L_M_N_N_1993_4_2017.bmp308278,Alcohol,C:\PycharmProjects\Alcohol Detection\dataset\Grupo_5\E_5_3\LG\E_5_3_3\E_5_3_3_R_10\via_region_data.json
E_5_3_3_L_M_N_N_1993_5_2017.bmp308278,Alcohol,C:\PycharmProjects\Alcohol Detection\dataset\Grupo_5\E_5_3\LG\E_5_3_3\E_5_3_3_R_10\via_region_data.json
E_5_3_3_L_M_N_N_1993_6_2017.bmp308278,Alcohol,C:\PycharmProjects\Alcohol Detection\dataset\Grupo_5\E_5_3\LG\E_5_3_3\E_5_3_3_R_10\via_region_data.json
E_5_3_3_L_M_N_N_1993_7_2017.bmp308278,Alcohol,C:\PycharmProjects\Alcohol Detection\dataset\Grupo_5\E_5_3\LG\E_5_3_3\E_5_3_3_R_10\via_region_data.json
E_5_3_3_L_M_N_N_1993_8_2017.bmp308278,Alcohol,C:\PycharmProjects\Alcohol Detection\dataset\Grupo_5\E_5_3\LG\E_5_3_3\E_5_3_3_R_10\via_region_data.json
E_5_3_3_L_M_N_N_1993_9_2017.bmp308278,Alcohol,C:\PycharmProjects\Alcohol Detection\dataset\Grupo_5\E_5_3\LG\E_5_3_3\E_5_3_3_R_10\via_region_data.json
E_5_3_3_R_M_N_N_1993_0_2017.bmp308278,Non-Alcohol,C:\PycharmProjects\Alcohol Detection\dataset\Grupo_5\E_5_3\LG\E_5_3_3\E_5_3_3_R_10\via_region_data.json
E_5_3_3_R_M_N_N_1993_1_2017.bmp308278,Alcohol,C:\PycharmProjects\Alcohol Detection\dataset\Grupo_5\E_5_3\LG\E_5_3_3\E_5_3_3_R_10\via_region_data.json
E_5_3_3_R_M_N_N_1993_2_2017.bmp308278,Alcohol,C:\PycharmProjects\Alcohol Detection\dataset\Grupo_5\E_5_3\LG\E_5_3_3\E_5_3_3_R_10\via_region_data.json
E_5_3_3_R_M_N_N_1993_3_2017.bmp308278,Alcohol,C:\PycharmProjects\Alcohol Detection\dataset\Grupo_5\E_5_3\LG\E_5_3_3\E_5_3_3_R_10\via_region_data.json
E_5_3_3_R_M_N_N_1993_4_2017.bmp308278,Alcohol,C:\PycharmProjects\Alcohol Detection\dataset\Grupo_5\E_5_3\LG\E_5_3_3\E_5_3_3_R_10\via_region_data.json
E_5_3_3_R_M_N_N_1993_5_2017.bmp308278,Alcohol,C:\PycharmProjects\Alcohol Detection\dataset\Grupo_5\E_5_3\LG\E_5_3_3\E_5_3_3_R_10\via_region_data.json
E_5_3_3_R_M_N_N_1993_6_2017.bmp308278,Alcohol,C:\PycharmProjects\Alcohol Detection\dataset\Grupo_5\E_5_3\LG\E_5_3_3\E_5_3_3_R_10\via_region_data.json
E_5_3_3_R_M_N_N_1993_7_2017.bmp308278,Alcohol,C:\PycharmProjects\Alcohol Detection\dataset\Grupo_5\E_5_3\LG\E_5_3_3\E_5_3_3_R_10\via_region_data.json
E_5_3_3_R_M_N_N_1993_8_2017.bmp308278,Alcohol,C:\PycharmProjects\Alcohol Detection\dataset\Grupo_5\E_5_3\LG\E_5_3_3\E_5_3_3_R_10\via_region_data.json
E_5_3_3_R_M_N_N_1993_9_2017.bmp308278,Alcohol,C:\PycharmProjects\Alcohol Detection\dataset\Grupo_5\E_5_3\LG\E_5_3_3\E_5_3_3_R_10\via_region_data.json
E_5_3_4_L_M_N_N_1993_0_2017.bmp308278,Non-Alcohol,C:\PycharmProjects\Alcohol Detection\dataset\Grupo_5\E_5_3\LG\E_5_3_4\E_5_3_4_R_10\via_region_data.json
E_5_3_4_L_M_N_N_1993_1_2017.bmp308278,Alcohol,C:\PycharmProjects\Alcohol Detection\dataset\Grupo_5\E_5_3\LG\E_5_3_4\E_5_3_4_R_10\via_region_data.json
E_5_3_4_L_M_N_N_1993_2_2017.bmp308278,Alcohol,C:\PycharmProjects\Alcohol Detection\dataset\Grupo_5\E_5_3\LG\E_5_3_4\E_5_3_4_R_10\via_region_data.json
E_5_3_4_L_M_N_N_1993_3_2017.bmp308278,Alcohol,C:\PycharmProjects\Alcohol Detection\dataset\Grupo_5\E_5_3\LG\E_5_3_4\E_5_3_4_R_10\via_region_data.json
E_5_3_4_L_M_N_N_1993_4_2017.bmp308278,Alcohol,C:\PycharmProjects\Alcohol Detection\dataset\Grupo_5\E_5_3\LG\E_5_3_4\E_5_3_4_R_10\via_region_data.json
E_5_3_4_L_M_N_N_1993_5_2017.bmp308278,Alcohol,C:\PycharmProjects\Alcohol Detection\dataset\Grupo_5\E_5_3\LG\E_5_3_4\E_5_3_4_R_10\via_region_data.json
E_5_3_4_L_M_N_N_1993_6_2017.bmp308278,Alcohol,C:\PycharmProjects\Alcohol Detection\dataset\Grupo_5\E_5_3\LG\E_5_3_4\E_5_3_4_R_10\via_region_data.json
E_5_3_4_L_M_N_N_1993_7_2017.bmp308278,Alcohol,C:\PycharmProjects\Alcohol Detection\dataset\Grupo_5\E_5_3\LG\E_5_3_4\E_5_3_4_R_10\via_region_data.json
E_5_3_4_L_M_N_N_1993_8_2017.bmp308278,Alcohol,C:\PycharmProjects\Alcohol Detection\dataset\Grupo_5\E_5_3\LG\E_5_3_4\E_5_3_4_R_10\via_region_data.json
E_5_3_4_L_M_N_N_1993_9_2017.bmp308278,Alcohol,C:\PycharmProjects\Alcohol Detection\dataset\Grupo_5\E_5_3\LG\E_5_3_4\E_5_3_4_R_10\via_region_data.json
E_5_3_4_R_M_N_N_1993_0_2017.bmp308278,Non-Alcohol,C:\PycharmProjects\Alcohol Detection\dataset\Grupo_5\E_5_3\LG\E_5_3_4\E_5_3_4_R_10\via_region_data.json
E_5_3_4_R_M_N_N_1993_1_2017.bmp308278,Alcohol,C:\PycharmProjects\Alcohol Detection\dataset\Grupo_5\E_5_3\LG\E_5_3_4\E_5_3_4_R_10\via_region_data.json
E_5_3_4_R_M_N_N_1993_2_2017.bmp308278,Alcohol,C:\PycharmProjects\Alcohol Detection\dataset\Grupo_5\E_5_3\LG\E_5_3_4\E_5_3_4_R_10\via_region_data.json
E_5_3_4_R_M_N_N_1993_3_2017.bmp308278,Alcohol,C:\PycharmProjects\Alcohol Detection\dataset\Grupo_5\E_5_3\LG\E_5_3_4\E_5_3_4_R_10\via_region_data.json
E_5_3_4_R_M_N_N_1993_4_2017.bmp308278,Alcohol,C:\PycharmProjects\Alcohol Detection\dataset\Grupo_5\E_5_3\LG\E_5_3_4\E_5_3_4_R_10\via_region_data.json
E_5_3_4_R_M_N_N_1993_5_2017.bmp308278,Alcohol,C:\PycharmProjects\Alcohol Detection\dataset\Grupo_5\E_5_3\LG\E_5_3_4\E_5_3_4_R_10\via_region_data.json
E_5_3_4_R_M_N_N_1993_6_2017.bmp308278,Alcohol,C:\PycharmProjects\Alcohol Detection\dataset\Grupo_5\E_5_3\LG\E_5_3_4\E_5_3_4_R_10\via_region_data.json
E_5_3_4_R_M_N_N_1993_7_2017.bmp308278,Alcohol,C:\PycharmProjects\Alcohol Detection\dataset\Grupo_5\E_5_3\LG\E_5_3_4\E_5_3_4_R_10\via_region_data.json
E_5_3_4_R_M_N_N_1993_8_2017.bmp308278,Alcohol,C:\PycharmProjects\Alcohol Detection\dataset\Grupo_5\E_5_3\LG\E_5_3_4\E_5_3_4_R_10\via_region_data.json
E_5_3_4_R_M_N_N_1993_9_2017.bmp308278,Alcohol,C:\PycharmProjects\Alcohol Detection\dataset\Grupo_5\E_5_3\LG\E_5_3_4\E_5_3_4_R_10\via_region_data.json
E_5_4_0_L_F_N_N_1990_0_2017.bmp308278,Non-Alcohol,C:\PycharmProjects\Alcohol Detection\dataset\Grupo_5\E_5_4\Iritech\E_5_4_0\via_region_data.json
E_5_4_0_R_F_N_N_1990_0_2017.bmp308278,Non-Alcohol,C:\PycharmProjects\Alcohol Detection\dataset\Grupo_5\E_5_4\Iritech\E_5_4_0\via_region_data.json
E_5_4_1_L_F_N_N_1990_0_2017.bmp308278,Non-Alcohol,C:\PycharmProjects\Alcohol Detection\dataset\Grupo_5\E_5_4\Iritech\E_5_4_1\via_region_data.json
E_5_4_1_R_F_N_N_1990_0_2017.bmp308278,Non-Alcohol,C:\PycharmProjects\Alcohol Detection\dataset\Grupo_5\E_5_4\Iritech\E_5_4_1\via_region_data.json
E_5_4_2_L_F_N_N_1990_0_2017.bmp308278,Non-Alcohol,C:\PycharmProjects\Alcohol Detection\dataset\Grupo_5\E_5_4\Iritech\E_5_4_2\via_region_data.json
E_5_4_2_R_F_N_N_1990_0_2017.bmp308278,Non-Alcohol,C:\PycharmProjects\Alcohol Detection\dataset\Grupo_5\E_5_4\Iritech\E_5_4_2\via_region_data.json
E_5_4_3_L_F_N_N_1990_0_2017.bmp308278,Non-Alcohol,C:\PycharmProjects\Alcohol Detection\dataset\Grupo_5\E_5_4\Iritech\E_5_4_3\via_region_data.json
E_5_4_3_R_F_N_N_1990_0_2017.bmp308278,Non-Alcohol,C:\PycharmProjects\Alcohol Detection\dataset\Grupo_5\E_5_4\Iritech\E_5_4_3\via_region_data.json
E_5_4_4_L_F_N_N_1990_0_2017.bmp308278,Non-Alcohol,C:\PycharmProjects\Alcohol Detection\dataset\Grupo_5\E_5_4\Iritech\E_5_4_4\via_region_data.json
E_5_4_4_R_F_N_N_1990_0_2017.bmp308278,Non-Alcohol,C:\PycharmProjects\Alcohol Detection\dataset\Grupo_5\E_5_4\Iritech\E_5_4_4\via_region_data.json
E_5_4_0_L_F_N_N_1990_0_2017.bmp308278,Non-Alcohol,C:\PycharmProjects\Alcohol Detection\dataset\Grupo_5\E_5_4\LG\E_5_4_0\E_5_4_0_R_10\via_region_data.json
E_5_4_0_L_F_N_N_1990_1_2017.bmp308278,Non-Alcohol,C:\PycharmProjects\Alcohol Detection\dataset\Grupo_5\E_5_4\LG\E_5_4_0\E_5_4_0_R_10\via_region_data.json
E_5_4_0_L_F_N_N_1990_2_2017.bmp308278,Non-Alcohol,C:\PycharmProjects\Alcohol Detection\dataset\Grupo_5\E_5_4\LG\E_5_4_0\E_5_4_0_R_10\via_region_data.json
E_5_4_0_L_F_N_N_1990_3_2017.bmp308278,Non-Alcohol,C:\PycharmProjects\Alcohol Detection\dataset\Grupo_5\E_5_4\LG\E_5_4_0\E_5_4_0_R_10\via_region_data.json
E_5_4_0_L_F_N_N_1990_4_2017.bmp308278,Non-Alcohol,C:\PycharmProjects\Alcohol Detection\dataset\Grupo_5\E_5_4\LG\E_5_4_0\E_5_4_0_R_10\via_region_data.json
E_5_4_0_L_F_N_N_1990_5_2017.bmp308278,Non-Alcohol,C:\PycharmProjects\Alcohol Detection\dataset\Grupo_5\E_5_4\LG\E_5_4_0\E_5_4_0_R_10\via_region_data.json
E_5_4_0_L_F_N_N_1990_6_2017.bmp308278,Non-Alcohol,C:\PycharmProjects\Alcohol Detection\dataset\Grupo_5\E_5_4\LG\E_5_4_0\E_5_4_0_R_10\via_region_data.json
E_5_4_0_L_F_N_N_1990_7_2017.bmp308278,Non-Alcohol,C:\PycharmProjects\Alcohol Detection\dataset\Grupo_5\E_5_4\LG\E_5_4_0\E_5_4_0_R_10\via_region_data.json
E_5_4_0_L_F_N_N_1990_8_2017.bmp308278,Non-Alcohol,C:\PycharmProjects\Alcohol Detection\dataset\Grupo_5\E_5_4\LG\E_5_4_0\E_5_4_0_R_10\via_region_data.json
E_5_4_0_L_F_N_N_1990_9_2017.bmp308278,Non-Alcohol,C:\PycharmProjects\Alcohol Detection\dataset\Grupo_5\E_5_4\LG\E_5_4_0\E_5_4_0_R_10\via_region_data.json
E_5_4_0_R_F_N_N_1990_0_2017.bmp308278,Non-Alcohol,C:\PycharmProjects\Alcohol Detection\dataset\Grupo_5\E_5_4\LG\E_5_4_0\E_5_4_0_R_10\via_region_data.json
E_5_4_0_R_F_N_N_1990_1_2017.bmp308278,Non-Alcohol,C:\PycharmProjects\Alcohol Detection\dataset\Grupo_5\E_5_4\LG\E_5_4_0\E_5_4_0_R_10\via_region_data.json
E_5_4_0_R_F_N_N_1990_2_2017.bmp308278,Non-Alcohol,C:\PycharmProjects\Alcohol Detection\dataset\Grupo_5\E_5_4\LG\E_5_4_0\E_5_4_0_R_10\via_region_data.json
E_5_4_0_R_F_N_N_1990_3_2017.bmp308278,Non-Alcohol,C:\PycharmProjects\Alcohol Detection\dataset\Grupo_5\E_5_4\LG\E_5_4_0\E_5_4_0_R_10\via_region_data.json
E_5_4_0_R_F_N_N_1990_4_2017.bmp308278,Non-Alcohol,C:\PycharmProjects\Alcohol Detection\dataset\Grupo_5\E_5_4\LG\E_5_4_0\E_5_4_0_R_10\via_region_data.json
E_5_4_0_R_F_N_N_1990_5_2017.bmp308278,Non-Alcohol,C:\PycharmProjects\Alcohol Detection\dataset\Grupo_5\E_5_4\LG\E_5_4_0\E_5_4_0_R_10\via_region_data.json
E_5_4_0_R_F_N_N_1990_6_2017.bmp308278,Non-Alcohol,C:\PycharmProjects\Alcohol Detection\dataset\Grupo_5\E_5_4\LG\E_5_4_0\E_5_4_0_R_10\via_region_data.json
E_5_4_0_R_F_N_N_1990_7_2017.bmp308278,Non-Alcohol,C:\PycharmProjects\Alcohol Detection\dataset\Grupo_5\E_5_4\LG\E_5_4_0\E_5_4_0_R_10\via_region_data.json
E_5_4_0_R_F_N_N_1990_8_2017.bmp308278,Non-Alcohol,C:\PycharmProjects\Alcohol Detection\dataset\Grupo_5\E_5_4\LG\E_5_4_0\E_5_4_0_R_10\via_region_data.json
E_5_4_0_R_F_N_N_1990_9_2017.bmp308278,Non-Alcohol,C:\PycharmProjects\Alcohol Detection\dataset\Grupo_5\E_5_4\LG\E_5_4_0\E_5_4_0_R_10\via_region_data.json
E_5_4_1_L_F_N_N_1990_0_2017.bmp308278,Non-Alcohol,C:\PycharmProjects\Alcohol Detection\dataset\Grupo_5\E_5_4\LG\E_5_4_1\E_5_4_1_R_10\via_region_data.json
E_5_4_1_L_F_N_N_1990_1_2017.bmp308278,Alcohol,C:\PycharmProjects\Alcohol Detection\dataset\Grupo_5\E_5_4\LG\E_5_4_1\E_5_4_1_R_10\via_region_data.json
E_5_4_1_L_F_N_N_1990_2_2017.bmp308278,Alcohol,C:\PycharmProjects\Alcohol Detection\dataset\Grupo_5\E_5_4\LG\E_5_4_1\E_5_4_1_R_10\via_region_data.json
E_5_4_1_L_F_N_N_1990_3_2017.bmp308278,Alcohol,C:\PycharmProjects\Alcohol Detection\dataset\Grupo_5\E_5_4\LG\E_5_4_1\E_5_4_1_R_10\via_region_data.json
E_5_4_1_L_F_N_N_1990_4_2017.bmp308278,Alcohol,C:\PycharmProjects\Alcohol Detection\dataset\Grupo_5\E_5_4\LG\E_5_4_1\E_5_4_1_R_10\via_region_data.json
E_5_4_1_L_F_N_N_1990_5_2017.bmp308278,Alcohol,C:\PycharmProjects\Alcohol Detection\dataset\Grupo_5\E_5_4\LG\E_5_4_1\E_5_4_1_R_10\via_region_data.json
E_5_4_1_L_F_N_N_1990_6_2017.bmp308278,Alcohol,C:\PycharmProjects\Alcohol Detection\dataset\Grupo_5\E_5_4\LG\E_5_4_1\E_5_4_1_R_10\via_region_data.json
E_5_4_1_L_F_N_N_1990_7_2017.bmp308278,Alcohol,C:\PycharmProjects\Alcohol Detection\dataset\Grupo_5\E_5_4\LG\E_5_4_1\E_5_4_1_R_10\via_region_data.json
E_5_4_1_L_F_N_N_1990_8_2017.bmp308278,Alcohol,C:\PycharmProjects\Alcohol Detection\dataset\Grupo_5\E_5_4\LG\E_5_4_1\E_5_4_1_R_10\via_region_data.json
E_5_4_1_L_F_N_N_1990_9_2017.bmp308278,Alcohol,C:\PycharmProjects\Alcohol Detection\dataset\Grupo_5\E_5_4\LG\E_5_4_1\E_5_4_1_R_10\via_region_data.json
E_5_4_1_R_F_N_N_1990_0_2017.bmp308278,Non-Alcohol,C:\PycharmProjects\Alcohol Detection\dataset\Grupo_5\E_5_4\LG\E_5_4_1\E_5_4_1_R_10\via_region_data.json
E_5_4_1_R_F_N_N_1990_1_2017.bmp308278,Alcohol,C:\PycharmProjects\Alcohol Detection\dataset\Grupo_5\E_5_4\LG\E_5_4_1\E_5_4_1_R_10\via_region_data.json
E_5_4_1_R_F_N_N_1990_2_2017.bmp308278,Alcohol,C:\PycharmProjects\Alcohol Detection\dataset\Grupo_5\E_5_4\LG\E_5_4_1\E_5_4_1_R_10\via_region_data.json
E_5_4_1_R_F_N_N_1990_3_2017.bmp308278,Alcohol,C:\PycharmProjects\Alcohol Detection\dataset\Grupo_5\E_5_4\LG\E_5_4_1\E_5_4_1_R_10\via_region_data.json
E_5_4_1_R_F_N_N_1990_4_2017.bmp308278,Alcohol,C:\PycharmProjects\Alcohol Detection\dataset\Grupo_5\E_5_4\LG\E_5_4_1\E_5_4_1_R_10\via_region_data.json
E_5_4_1_R_F_N_N_1990_5_2017.bmp308278,Alcohol,C:\PycharmProjects\Alcohol Detection\dataset\Grupo_5\E_5_4\LG\E_5_4_1\E_5_4_1_R_10\via_region_data.json
E_5_4_1_R_F_N_N_1990_6_2017.bmp308278,Alcohol,C:\PycharmProjects\Alcohol Detection\dataset\Grupo_5\E_5_4\LG\E_5_4_1\E_5_4_1_R_10\via_region_data.json
E_5_4_1_R_F_N_N_1990_7_2017.bmp308278,Alcohol,C:\PycharmProjects\Alcohol Detection\dataset\Grupo_5\E_5_4\LG\E_5_4_1\E_5_4_1_R_10\via_region_data.json
E_5_4_1_R_F_N_N_1990_8_2017.bmp308278,Alcohol,C:\PycharmProjects\Alcohol Detection\dataset\Grupo_5\E_5_4\LG\E_5_4_1\E_5_4_1_R_10\via_region_data.json
E_5_4_1_R_F_N_N_1990_9_2017.bmp308278,Alcohol,C:\PycharmProjects\Alcohol Detection\dataset\Grupo_5\E_5_4\LG\E_5_4_1\E_5_4_1_R_10\via_region_data.json
E_5_4_2_L_F_N_N_1990_0_2017.bmp308278,Non-Alcohol,C:\PycharmProjects\Alcohol Detection\dataset\Grupo_5\E_5_4\LG\E_5_4_2\E_5_4_2_R_10\via_region_data.json
E_5_4_2_L_F_N_N_1990_1_2017.bmp308278,Alcohol,C:\PycharmProjects\Alcohol Detection\dataset\Grupo_5\E_5_4\LG\E_5_4_2\E_5_4_2_R_10\via_region_data.json
E_5_4_2_L_F_N_N_1990_2_2017.bmp308278,Alcohol,C:\PycharmProjects\Alcohol Detection\dataset\Grupo_5\E_5_4\LG\E_5_4_2\E_5_4_2_R_10\via_region_data.json
E_5_4_2_L_F_N_N_1990_3_2017.bmp308278,Alcohol,C:\PycharmProjects\Alcohol Detection\dataset\Grupo_5\E_5_4\LG\E_5_4_2\E_5_4_2_R_10\via_region_data.json
E_5_4_2_L_F_N_N_1990_4_2017.bmp308278,Alcohol,C:\PycharmProjects\Alcohol Detection\dataset\Grupo_5\E_5_4\LG\E_5_4_2\E_5_4_2_R_10\via_region_data.json
E_5_4_2_L_F_N_N_1990_5_2017.bmp308278,Alcohol,C:\PycharmProjects\Alcohol Detection\dataset\Grupo_5\E_5_4\LG\E_5_4_2\E_5_4_2_R_10\via_region_data.json
E_5_4_2_L_F_N_N_1990_6_2017.bmp308278,Alcohol,C:\PycharmProjects\Alcohol Detection\dataset\Grupo_5\E_5_4\LG\E_5_4_2\E_5_4_2_R_10\via_region_data.json
E_5_4_2_L_F_N_N_1990_7_2017.bmp308278,Alcohol,C:\PycharmProjects\Alcohol Detection\dataset\Grupo_5\E_5_4\LG\E_5_4_2\E_5_4_2_R_10\via_region_data.json
E_5_4_2_L_F_N_N_1990_8_2017.bmp308278,Alcohol,C:\PycharmProjects\Alcohol Detection\dataset\Grupo_5\E_5_4\LG\E_5_4_2\E_5_4_2_R_10\via_region_data.json
E_5_4_2_L_F_N_N_1990_9_2017.bmp308278,Alcohol,C:\PycharmProjects\Alcohol Detection\dataset\Grupo_5\E_5_4\LG\E_5_4_2\E_5_4_2_R_10\via_region_data.json
E_5_4_2_R_F_N_N_1990_0_2017.bmp308278,Non-Alcohol,C:\PycharmProjects\Alcohol Detection\dataset\Grupo_5\E_5_4\LG\E_5_4_2\E_5_4_2_R_10\via_region_data.json
E_5_4_2_R_F_N_N_1990_1_2017.bmp308278,Alcohol,C:\PycharmProjects\Alcohol Detection\dataset\Grupo_5\E_5_4\LG\E_5_4_2\E_5_4_2_R_10\via_region_data.json
E_5_4_2_R_F_N_N_1990_2_2017.bmp308278,Alcohol,C:\PycharmProjects\Alcohol Detection\dataset\Grupo_5\E_5_4\LG\E_5_4_2\E_5_4_2_R_10\via_region_data.json
E_5_4_2_R_F_N_N_1990_3_2017.bmp308278,Alcohol,C:\PycharmProjects\Alcohol Detection\dataset\Grupo_5\E_5_4\LG\E_5_4_2\E_5_4_2_R_10\via_region_data.json
E_5_4_2_R_F_N_N_1990_4_2017.bmp308278,Alcohol,C:\PycharmProjects\Alcohol Detection\dataset\Grupo_5\E_5_4\LG\E_5_4_2\E_5_4_2_R_10\via_region_data.json
E_5_4_2_R_F_N_N_1990_5_2017.bmp308278,Alcohol,C:\PycharmProjects\Alcohol Detection\dataset\Grupo_5\E_5_4\LG\E_5_4_2\E_5_4_2_R_10\via_region_data.json
E_5_4_2_R_F_N_N_1990_6_2017.bmp308278,Alcohol,C:\PycharmProjects\Alcohol Detection\dataset\Grupo_5\E_5_4\LG\E_5_4_2\E_5_4_2_R_10\via_region_data.json
E_5_4_2_R_F_N_N_1990_7_2017.bmp308278,Alcohol,C:\PycharmProjects\Alcohol Detection\dataset\Grupo_5\E_5_4\LG\E_5_4_2\E_5_4_2_R_10\via_region_data.json
E_5_4_2_R_F_N_N_1990_8_2017.bmp308278,Alcohol,C:\PycharmProjects\Alcohol Detection\dataset\Grupo_5\E_5_4\LG\E_5_4_2\E_5_4_2_R_10\via_region_data.json
E_5_4_2_R_F_N_N_1990_9_2017.bmp308278,Alcohol,C:\PycharmProjects\Alcohol Detection\dataset\Grupo_5\E_5_4\LG\E_5_4_2\E_5_4_2_R_10\via_region_data.json
E_5_4_3_L_F_N_N_1990_0_2017.bmp308278,Non-Alcohol,C:\PycharmProjects\Alcohol Detection\dataset\Grupo_5\E_5_4\LG\E_5_4_3\E_5_4_3_R_10\via_region_data.json
E_5_4_3_L_F_N_N_1990_1_2017.bmp308278,Alcohol,C:\PycharmProjects\Alcohol Detection\dataset\Grupo_5\E_5_4\LG\E_5_4_3\E_5_4_3_R_10\via_region_data.json
E_5_4_3_L_F_N_N_1990_2_2017.bmp308278,Alcohol,C:\PycharmProjects\Alcohol Detection\dataset\Grupo_5\E_5_4\LG\E_5_4_3\E_5_4_3_R_10\via_region_data.json
E_5_4_3_L_F_N_N_1990_3_2017.bmp308278,Alcohol,C:\PycharmProjects\Alcohol Detection\dataset\Grupo_5\E_5_4\LG\E_5_4_3\E_5_4_3_R_10\via_region_data.json
E_5_4_3_L_F_N_N_1990_4_2017.bmp308278,Alcohol,C:\PycharmProjects\Alcohol Detection\dataset\Grupo_5\E_5_4\LG\E_5_4_3\E_5_4_3_R_10\via_region_data.json
E_5_4_3_L_F_N_N_1990_5_2017.bmp308278,Alcohol,C:\PycharmProjects\Alcohol Detection\dataset\Grupo_5\E_5_4\LG\E_5_4_3\E_5_4_3_R_10\via_region_data.json
E_5_4_3_L_F_N_N_1990_6_2017.bmp308278,Alcohol,C:\PycharmProjects\Alcohol Detection\dataset\Grupo_5\E_5_4\LG\E_5_4_3\E_5_4_3_R_10\via_region_data.json
E_5_4_3_L_F_N_N_1990_7_2017.bmp308278,Alcohol,C:\PycharmProjects\Alcohol Detection\dataset\Grupo_5\E_5_4\LG\E_5_4_3\E_5_4_3_R_10\via_region_data.json
E_5_4_3_L_F_N_N_1990_8_2017.bmp308278,Alcohol,C:\PycharmProjects\Alcohol Detection\dataset\Grupo_5\E_5_4\LG\E_5_4_3\E_5_4_3_R_10\via_region_data.json
E_5_4_3_L_F_N_N_1990_9_2017.bmp308278,Alcohol,C:\PycharmProjects\Alcohol Detection\dataset\Grupo_5\E_5_4\LG\E_5_4_3\E_5_4_3_R_10\via_region_data.json
E_5_4_3_R_F_N_N_1990_0_2017.bmp308278,Non-Alcohol,C:\PycharmProjects\Alcohol Detection\dataset\Grupo_5\E_5_4\LG\E_5_4_3\E_5_4_3_R_10\via_region_data.json
E_5_4_3_R_F_N_N_1990_1_2017.bmp308278,Alcohol,C:\PycharmProjects\Alcohol Detection\dataset\Grupo_5\E_5_4\LG\E_5_4_3\E_5_4_3_R_10\via_region_data.json
E_5_4_3_R_F_N_N_1990_2_2017.bmp308278,Alcohol,C:\PycharmProjects\Alcohol Detection\dataset\Grupo_5\E_5_4\LG\E_5_4_3\E_5_4_3_R_10\via_region_data.json
E_5_4_3_R_F_N_N_1990_3_2017.bmp308278,Alcohol,C:\PycharmProjects\Alcohol Detection\dataset\Grupo_5\E_5_4\LG\E_5_4_3\E_5_4_3_R_10\via_region_data.json
E_5_4_3_R_F_N_N_1990_4_2017.bmp308278,Alcohol,C:\PycharmProjects\Alcohol Detection\dataset\Grupo_5\E_5_4\LG\E_5_4_3\E_5_4_3_R_10\via_region_data.json
E_5_4_3_R_F_N_N_1990_5_2017.bmp308278,Alcohol,C:\PycharmProjects\Alcohol Detection\dataset\Grupo_5\E_5_4\LG\E_5_4_3\E_5_4_3_R_10\via_region_data.json
E_5_4_3_R_F_N_N_1990_6_2017.bmp308278,Alcohol,C:\PycharmProjects\Alcohol Detection\dataset\Grupo_5\E_5_4\LG\E_5_4_3\E_5_4_3_R_10\via_region_data.json
E_5_4_3_R_F_N_N_1990_7_2017.bmp308278,Alcohol,C:\PycharmProjects\Alcohol Detection\dataset\Grupo_5\E_5_4\LG\E_5_4_3\E_5_4_3_R_10\via_region_data.json
E_5_4_3_R_F_N_N_1990_8_2017.bmp308278,Alcohol,C:\PycharmProjects\Alcohol Detection\dataset\Grupo_5\E_5_4\LG\E_5_4_3\E_5_4_3_R_10\via_region_data.json
E_5_4_3_R_F_N_N_1990_9_2017.bmp308278,Alcohol,C:\PycharmProjects\Alcohol Detection\dataset\Grupo_5\E_5_4\LG\E_5_4_3\E_5_4_3_R_10\via_region_data.json
E_5_4_4_L_F_N_N_1990_0_2017.bmp308278,Non-Alcohol,C:\PycharmProjects\Alcohol Detection\dataset\Grupo_5\E_5_4\LG\E_5_4_4\E_5_4_4_R_10\via_region_data.json
E_5_4_4_L_F_N_N_1990_1_2017.bmp308278,Alcohol,C:\PycharmProjects\Alcohol Detection\dataset\Grupo_5\E_5_4\LG\E_5_4_4\E_5_4_4_R_10\via_region_data.json
E_5_4_4_L_F_N_N_1990_2_2017.bmp308278,Alcohol,C:\PycharmProjects\Alcohol Detection\dataset\Grupo_5\E_5_4\LG\E_5_4_4\E_5_4_4_R_10\via_region_data.json
E_5_4_4_L_F_N_N_1990_3_2017.bmp308278,Alcohol,C:\PycharmProjects\Alcohol Detection\dataset\Grupo_5\E_5_4\LG\E_5_4_4\E_5_4_4_R_10\via_region_data.json
E_5_4_4_L_F_N_N_1990_4_2017.bmp308278,Alcohol,C:\PycharmProjects\Alcohol Detection\dataset\Grupo_5\E_5_4\LG\E_5_4_4\E_5_4_4_R_10\via_region_data.json
E_5_4_4_L_F_N_N_1990_5_2017.bmp308278,Alcohol,C:\PycharmProjects\Alcohol Detection\dataset\Grupo_5\E_5_4\LG\E_5_4_4\E_5_4_4_R_10\via_region_data.json
E_5_4_4_L_F_N_N_1990_6_2017.bmp308278,Alcohol,C:\PycharmProjects\Alcohol Detection\dataset\Grupo_5\E_5_4\LG\E_5_4_4\E_5_4_4_R_10\via_region_data.json
E_5_4_4_L_F_N_N_1990_7_2017.bmp308278,Alcohol,C:\PycharmProjects\Alcohol Detection\dataset\Grupo_5\E_5_4\LG\E_5_4_4\E_5_4_4_R_10\via_region_data.json
E_5_4_4_L_F_N_N_1990_8_2017.bmp308278,Alcohol,C:\PycharmProjects\Alcohol Detection\dataset\Grupo_5\E_5_4\LG\E_5_4_4\E_5_4_4_R_10\via_region_data.json
E_5_4_4_L_F_N_N_1990_9_2017.bmp308278,Alcohol,C:\PycharmProjects\Alcohol Detection\dataset\Grupo_5\E_5_4\LG\E_5_4_4\E_5_4_4_R_10\via_region_data.json
E_5_4_4_R_F_N_N_1990_0_2017.bmp308278,Non-Alcohol,C:\PycharmProjects\Alcohol Detection\dataset\Grupo_5\E_5_4\LG\E_5_4_4\E_5_4_4_R_10\via_region_data.json
E_5_4_4_R_F_N_N_1990_1_2017.bmp308278,Alcohol,C:\PycharmProjects\Alcohol Detection\dataset\Grupo_5\E_5_4\LG\E_5_4_4\E_5_4_4_R_10\via_region_data.json
E_5_4_4_R_F_N_N_1990_2_2017.bmp308278,Alcohol,C:\PycharmProjects\Alcohol Detection\dataset\Grupo_5\E_5_4\LG\E_5_4_4\E_5_4_4_R_10\via_region_data.json
E_5_4_4_R_F_N_N_1990_3_2017.bmp308278,Alcohol,C:\PycharmProjects\Alcohol Detection\dataset\Grupo_5\E_5_4\LG\E_5_4_4\E_5_4_4_R_10\via_region_data.json
E_5_4_4_R_F_N_N_1990_4_2017.bmp308278,Alcohol,C:\PycharmProjects\Alcohol Detection\dataset\Grupo_5\E_5_4\LG\E_5_4_4\E_5_4_4_R_10\via_region_data.json
E_5_4_4_R_F_N_N_1990_5_2017.bmp308278,Alcohol,C:\PycharmProjects\Alcohol Detection\dataset\Grupo_5\E_5_4\LG\E_5_4_4\E_5_4_4_R_10\via_region_data.json
E_5_4_4_R_F_N_N_1990_6_2017.bmp308278,Alcohol,C:\PycharmProjects\Alcohol Detection\dataset\Grupo_5\E_5_4\LG\E_5_4_4\E_5_4_4_R_10\via_region_data.json
E_5_4_4_R_F_N_N_1990_7_2017.bmp308278,Alcohol,C:\PycharmProjects\Alcohol Detection\dataset\Grupo_5\E_5_4\LG\E_5_4_4\E_5_4_4_R_10\via_region_data.json
E_5_4_4_R_F_N_N_1990_8_2017.bmp308278,Alcohol,C:\PycharmProjects\Alcohol Detection\dataset\Grupo_5\E_5_4\LG\E_5_4_4\E_5_4_4_R_10\via_region_data.json
E_5_4_4_R_F_N_N_1990_9_2017.bmp308278,Alcohol,C:\PycharmProjects\Alcohol Detection\dataset\Grupo_5\E_5_4\LG\E_5_4_4\E_5_4_4_R_10\via_region_data.json
E_5_5_0_L_M_N_N_1995_0_2017.bmp308278,Non-Alcohol,C:\PycharmProjects\Alcohol Detection\dataset\Grupo_5\E_5_5\Iritech\E_5_5_0\via_region_data.json
E_5_5_0_R_M_N_N_1995_0_2017.bmp308278,Non-Alcohol,C:\PycharmProjects\Alcohol Detection\dataset\Grupo_5\E_5_5\Iritech\E_5_5_0\via_region_data.json
E_5_5_1_L_M_N_N_1995_0_2017.bmp308278,Non-Alcohol,C:\PycharmProjects\Alcohol Detection\dataset\Grupo_5\E_5_5\Iritech\E_5_5_1\via_region_data.json
E_5_5_1_R_M_N_N_1995_0_2017.bmp308278,Non-Alcohol,C:\PycharmProjects\Alcohol Detection\dataset\Grupo_5\E_5_5\Iritech\E_5_5_1\via_region_data.json
E_5_5_2_L_M_N_N_1995_0_2017.bmp308278,Non-Alcohol,C:\PycharmProjects\Alcohol Detection\dataset\Grupo_5\E_5_5\Iritech\E_5_5_2\via_region_data.json
E_5_5_2_R_M_N_N_1995_0_2017.bmp308278,Non-Alcohol,C:\PycharmProjects\Alcohol Detection\dataset\Grupo_5\E_5_5\Iritech\E_5_5_2\via_region_data.json
E_5_5_3_L_M_N_N_1995_0_2017.bmp308278,Non-Alcohol,C:\PycharmProjects\Alcohol Detection\dataset\Grupo_5\E_5_5\Iritech\E_5_5_3\via_region_data.json
E_5_5_3_R_M_N_N_1995_0_2017.bmp308278,Non-Alcohol,C:\PycharmProjects\Alcohol Detection\dataset\Grupo_5\E_5_5\Iritech\E_5_5_3\via_region_data.json
E_5_5_4_L_M_N_N_1995_0_2017.bmp308278,Non-Alcohol,C:\PycharmProjects\Alcohol Detection\dataset\Grupo_5\E_5_5\Iritech\E_5_5_4\via_region_data.json
E_5_5_4_R_M_N_N_1995_0_2017.bmp308278,Non-Alcohol,C:\PycharmProjects\Alcohol Detection\dataset\Grupo_5\E_5_5\Iritech\E_5_5_4\via_region_data.json
E_5_5_0_L_M_N_N_1995_0_2017.bmp308278,Non-Alcohol,C:\PycharmProjects\Alcohol Detection\dataset\Grupo_5\E_5_5\LG\E_5_5_0\E_5_5_0_R_10\via_region_data.json
E_5_5_0_L_M_N_N_1995_1_2017.bmp308278,Non-Alcohol,C:\PycharmProjects\Alcohol Detection\dataset\Grupo_5\E_5_5\LG\E_5_5_0\E_5_5_0_R_10\via_region_data.json
E_5_5_0_L_M_N_N_1995_2_2017.bmp308278,Non-Alcohol,C:\PycharmProjects\Alcohol Detection\dataset\Grupo_5\E_5_5\LG\E_5_5_0\E_5_5_0_R_10\via_region_data.json
E_5_5_0_L_M_N_N_1995_3_2017.bmp308278,Non-Alcohol,C:\PycharmProjects\Alcohol Detection\dataset\Grupo_5\E_5_5\LG\E_5_5_0\E_5_5_0_R_10\via_region_data.json
E_5_5_0_L_M_N_N_1995_4_2017.bmp308278,Non-Alcohol,C:\PycharmProjects\Alcohol Detection\dataset\Grupo_5\E_5_5\LG\E_5_5_0\E_5_5_0_R_10\via_region_data.json
E_5_5_0_L_M_N_N_1995_5_2017.bmp308278,Non-Alcohol,C:\PycharmProjects\Alcohol Detection\dataset\Grupo_5\E_5_5\LG\E_5_5_0\E_5_5_0_R_10\via_region_data.json
E_5_5_0_L_M_N_N_1995_6_2017.bmp308278,Non-Alcohol,C:\PycharmProjects\Alcohol Detection\dataset\Grupo_5\E_5_5\LG\E_5_5_0\E_5_5_0_R_10\via_region_data.json
E_5_5_0_L_M_N_N_1995_7_2017.bmp308278,Non-Alcohol,C:\PycharmProjects\Alcohol Detection\dataset\Grupo_5\E_5_5\LG\E_5_5_0\E_5_5_0_R_10\via_region_data.json
E_5_5_0_L_M_N_N_1995_8_2017.bmp308278,Non-Alcohol,C:\PycharmProjects\Alcohol Detection\dataset\Grupo_5\E_5_5\LG\E_5_5_0\E_5_5_0_R_10\via_region_data.json
E_5_5_0_L_M_N_N_1995_9_2017.bmp308278,Non-Alcohol,C:\PycharmProjects\Alcohol Detection\dataset\Grupo_5\E_5_5\LG\E_5_5_0\E_5_5_0_R_10\via_region_data.json
E_5_5_0_R_M_N_N_1995_0_2017.bmp308278,Non-Alcohol,C:\PycharmProjects\Alcohol Detection\dataset\Grupo_5\E_5_5\LG\E_5_5_0\E_5_5_0_R_10\via_region_data.json
E_5_5_0_R_M_N_N_1995_1_2017.bmp308278,Non-Alcohol,C:\PycharmProjects\Alcohol Detection\dataset\Grupo_5\E_5_5\LG\E_5_5_0\E_5_5_0_R_10\via_region_data.json
E_5_5_0_R_M_N_N_1995_2_2017.bmp308278,Non-Alcohol,C:\PycharmProjects\Alcohol Detection\dataset\Grupo_5\E_5_5\LG\E_5_5_0\E_5_5_0_R_10\via_region_data.json
E_5_5_0_R_M_N_N_1995_3_2017.bmp308278,Non-Alcohol,C:\PycharmProjects\Alcohol Detection\dataset\Grupo_5\E_5_5\LG\E_5_5_0\E_5_5_0_R_10\via_region_data.json
E_5_5_0_R_M_N_N_1995_4_2017.bmp308278,Non-Alcohol,C:\PycharmProjects\Alcohol Detection\dataset\Grupo_5\E_5_5\LG\E_5_5_0\E_5_5_0_R_10\via_region_data.json
E_5_5_0_R_M_N_N_1995_5_2017.bmp308278,Non-Alcohol,C:\PycharmProjects\Alcohol Detection\dataset\Grupo_5\E_5_5\LG\E_5_5_0\E_5_5_0_R_10\via_region_data.json
E_5_5_0_R_M_N_N_1995_6_2017.bmp308278,Non-Alcohol,C:\PycharmProjects\Alcohol Detection\dataset\Grupo_5\E_5_5\LG\E_5_5_0\E_5_5_0_R_10\via_region_data.json
E_5_5_0_R_M_N_N_1995_7_2017.bmp308278,Non-Alcohol,C:\PycharmProjects\Alcohol Detection\dataset\Grupo_5\E_5_5\LG\E_5_5_0\E_5_5_0_R_10\via_region_data.json
E_5_5_0_R_M_N_N_1995_8_2017.bmp308278,Non-Alcohol,C:\PycharmProjects\Alcohol Detection\dataset\Grupo_5\E_5_5\LG\E_5_5_0\E_5_5_0_R_10\via_region_data.json
E_5_5_0_R_M_N_N_1995_9_2017.bmp308278,Non-Alcohol,C:\PycharmProjects\Alcohol Detection\dataset\Grupo_5\E_5_5\LG\E_5_5_0\E_5_5_0_R_10\via_region_data.json
E_5_5_1_L_M_N_N_1995_0_2017.bmp308278,Non-Alcohol,C:\PycharmProjects\Alcohol Detection\dataset\Grupo_5\E_5_5\LG\E_5_5_1\E_5_5_1_R_10\via_region_data.json
E_5_5_1_L_M_N_N_1995_1_2017.bmp308278,Alcohol,C:\PycharmProjects\Alcohol Detection\dataset\Grupo_5\E_5_5\LG\E_5_5_1\E_5_5_1_R_10\via_region_data.json
E_5_5_1_L_M_N_N_1995_2_2017.bmp308278,Alcohol,C:\PycharmProjects\Alcohol Detection\dataset\Grupo_5\E_5_5\LG\E_5_5_1\E_5_5_1_R_10\via_region_data.json
E_5_5_1_L_M_N_N_1995_3_2017.bmp308278,Alcohol,C:\PycharmProjects\Alcohol Detection\dataset\Grupo_5\E_5_5\LG\E_5_5_1\E_5_5_1_R_10\via_region_data.json
E_5_5_1_L_M_N_N_1995_4_2017.bmp308278,Alcohol,C:\PycharmProjects\Alcohol Detection\dataset\Grupo_5\E_5_5\LG\E_5_5_1\E_5_5_1_R_10\via_region_data.json
E_5_5_1_L_M_N_N_1995_5_2017.bmp308278,Alcohol,C:\PycharmProjects\Alcohol Detection\dataset\Grupo_5\E_5_5\LG\E_5_5_1\E_5_5_1_R_10\via_region_data.json
E_5_5_1_L_M_N_N_1995_6_2017.bmp308278,Alcohol,C:\PycharmProjects\Alcohol Detection\dataset\Grupo_5\E_5_5\LG\E_5_5_1\E_5_5_1_R_10\via_region_data.json
E_5_5_1_L_M_N_N_1995_7_2017.bmp308278,Alcohol,C:\PycharmProjects\Alcohol Detection\dataset\Grupo_5\E_5_5\LG\E_5_5_1\E_5_5_1_R_10\via_region_data.json
E_5_5_1_L_M_N_N_1995_8_2017.bmp308278,Alcohol,C:\PycharmProjects\Alcohol Detection\dataset\Grupo_5\E_5_5\LG\E_5_5_1\E_5_5_1_R_10\via_region_data.json
E_5_5_1_L_M_N_N_1995_9_2017.bmp308278,Alcohol,C:\PycharmProjects\Alcohol Detection\dataset\Grupo_5\E_5_5\LG\E_5_5_1\E_5_5_1_R_10\via_region_data.json
E_5_5_1_R_M_N_N_1995_0_2017.bmp308278,Non-Alcohol,C:\PycharmProjects\Alcohol Detection\dataset\Grupo_5\E_5_5\LG\E_5_5_1\E_5_5_1_R_10\via_region_data.json
E_5_5_1_R_M_N_N_1995_1_2017.bmp308278,Alcohol,C:\PycharmProjects\Alcohol Detection\dataset\Grupo_5\E_5_5\LG\E_5_5_1\E_5_5_1_R_10\via_region_data.json
E_5_5_1_R_M_N_N_1995_2_2017.bmp308278,Alcohol,C:\PycharmProjects\Alcohol Detection\dataset\Grupo_5\E_5_5\LG\E_5_5_1\E_5_5_1_R_10\via_region_data.json
E_5_5_1_R_M_N_N_1995_3_2017.bmp308278,Alcohol,C:\PycharmProjects\Alcohol Detection\dataset\Grupo_5\E_5_5\LG\E_5_5_1\E_5_5_1_R_10\via_region_data.json
E_5_5_1_R_M_N_N_1995_4_2017.bmp308278,Alcohol,C:\PycharmProjects\Alcohol Detection\dataset\Grupo_5\E_5_5\LG\E_5_5_1\E_5_5_1_R_10\via_region_data.json
E_5_5_1_R_M_N_N_1995_5_2017.bmp308278,Alcohol,C:\PycharmProjects\Alcohol Detection\dataset\Grupo_5\E_5_5\LG\E_5_5_1\E_5_5_1_R_10\via_region_data.json
E_5_5_1_R_M_N_N_1995_6_2017.bmp308278,Alcohol,C:\PycharmProjects\Alcohol Detection\dataset\Grupo_5\E_5_5\LG\E_5_5_1\E_5_5_1_R_10\via_region_data.json
E_5_5_1_R_M_N_N_1995_7_2017.bmp308278,Alcohol,C:\PycharmProjects\Alcohol Detection\dataset\Grupo_5\E_5_5\LG\E_5_5_1\E_5_5_1_R_10\via_region_data.json
E_5_5_1_R_M_N_N_1995_8_2017.bmp308278,Alcohol,C:\PycharmProjects\Alcohol Detection\dataset\Grupo_5\E_5_5\LG\E_5_5_1\E_5_5_1_R_10\via_region_data.json
E_5_5_1_R_M_N_N_1995_9_2017.bmp308278,Alcohol,C:\PycharmProjects\Alcohol Detection\dataset\Grupo_5\E_5_5\LG\E_5_5_1\E_5_5_1_R_10\via_region_data.json
E_5_5_2_L_M_N_N_1995_0_2017.bmp308278,Non-Alcohol,C:\PycharmProjects\Alcohol Detection\dataset\Grupo_5\E_5_5\LG\E_5_5_2\E_5_5_2_R_10\via_region_data.json
E_5_5_2_L_M_N_N_1995_1_2017.bmp308278,Alcohol,C:\PycharmProjects\Alcohol Detection\dataset\Grupo_5\E_5_5\LG\E_5_5_2\E_5_5_2_R_10\via_region_data.json
E_5_5_2_L_M_N_N_1995_2_2017.bmp308278,Alcohol,C:\PycharmProjects\Alcohol Detection\dataset\Grupo_5\E_5_5\LG\E_5_5_2\E_5_5_2_R_10\via_region_data.json
E_5_5_2_L_M_N_N_1995_3_2017.bmp308278,Alcohol,C:\PycharmProjects\Alcohol Detection\dataset\Grupo_5\E_5_5\LG\E_5_5_2\E_5_5_2_R_10\via_region_data.json
E_5_5_2_L_M_N_N_1995_4_2017.bmp308278,Alcohol,C:\PycharmProjects\Alcohol Detection\dataset\Grupo_5\E_5_5\LG\E_5_5_2\E_5_5_2_R_10\via_region_data.json
E_5_5_2_L_M_N_N_1995_5_2017.bmp308278,Alcohol,C:\PycharmProjects\Alcohol Detection\dataset\Grupo_5\E_5_5\LG\E_5_5_2\E_5_5_2_R_10\via_region_data.json
E_5_5_2_L_M_N_N_1995_6_2017.bmp308278,Alcohol,C:\PycharmProjects\Alcohol Detection\dataset\Grupo_5\E_5_5\LG\E_5_5_2\E_5_5_2_R_10\via_region_data.json
E_5_5_2_L_M_N_N_1995_7_2017.bmp308278,Alcohol,C:\PycharmProjects\Alcohol Detection\dataset\Grupo_5\E_5_5\LG\E_5_5_2\E_5_5_2_R_10\via_region_data.json
E_5_5_2_L_M_N_N_1995_8_2017.bmp308278,Alcohol,C:\PycharmProjects\Alcohol Detection\dataset\Grupo_5\E_5_5\LG\E_5_5_2\E_5_5_2_R_10\via_region_data.json
E_5_5_2_L_M_N_N_1995_9_2017.bmp308278,Alcohol,C:\PycharmProjects\Alcohol Detection\dataset\Grupo_5\E_5_5\LG\E_5_5_2\E_5_5_2_R_10\via_region_data.json
E_5_5_2_R_M_N_N_1995_0_2017.bmp308278,Non-Alcohol,C:\PycharmProjects\Alcohol Detection\dataset\Grupo_5\E_5_5\LG\E_5_5_2\E_5_5_2_R_10\via_region_data.json
E_5_5_2_R_M_N_N_1995_1_2017.bmp308278,Alcohol,C:\PycharmProjects\Alcohol Detection\dataset\Grupo_5\E_5_5\LG\E_5_5_2\E_5_5_2_R_10\via_region_data.json
E_5_5_2_R_M_N_N_1995_2_2017.bmp308278,Alcohol,C:\PycharmProjects\Alcohol Detection\dataset\Grupo_5\E_5_5\LG\E_5_5_2\E_5_5_2_R_10\via_region_data.json
E_5_5_2_R_M_N_N_1995_3_2017.bmp308278,Alcohol,C:\PycharmProjects\Alcohol Detection\dataset\Grupo_5\E_5_5\LG\E_5_5_2\E_5_5_2_R_10\via_region_data.json
E_5_5_2_R_M_N_N_1995_4_2017.bmp308278,Alcohol,C:\PycharmProjects\Alcohol Detection\dataset\Grupo_5\E_5_5\LG\E_5_5_2\E_5_5_2_R_10\via_region_data.json
E_5_5_2_R_M_N_N_1995_5_2017.bmp308278,Alcohol,C:\PycharmProjects\Alcohol Detection\dataset\Grupo_5\E_5_5\LG\E_5_5_2\E_5_5_2_R_10\via_region_data.json
E_5_5_2_R_M_N_N_1995_6_2017.bmp308278,Alcohol,C:\PycharmProjects\Alcohol Detection\dataset\Grupo_5\E_5_5\LG\E_5_5_2\E_5_5_2_R_10\via_region_data.json
E_5_5_2_R_M_N_N_1995_7_2017.bmp308278,Alcohol,C:\PycharmProjects\Alcohol Detection\dataset\Grupo_5\E_5_5\LG\E_5_5_2\E_5_5_2_R_10\via_region_data.json
E_5_5_2_R_M_N_N_1995_8_2017.bmp308278,Alcohol,C:\PycharmProjects\Alcohol Detection\dataset\Grupo_5\E_5_5\LG\E_5_5_2\E_5_5_2_R_10\via_region_data.json
E_5_5_2_R_M_N_N_1995_9_2017.bmp308278,Alcohol,C:\PycharmProjects\Alcohol Detection\dataset\Grupo_5\E_5_5\LG\E_5_5_2\E_5_5_2_R_10\via_region_data.json
E_5_5_3_L_M_N_N_1995_0_2017.bmp308278,Non-Alcohol,C:\PycharmProjects\Alcohol Detection\dataset\Grupo_5\E_5_5\LG\E_5_5_3\E_5_5_3_R_10\via_region_data.json
E_5_5_3_L_M_N_N_1995_1_2017.bmp308278,Alcohol,C:\PycharmProjects\Alcohol Detection\dataset\Grupo_5\E_5_5\LG\E_5_5_3\E_5_5_3_R_10\via_region_data.json
E_5_5_3_L_M_N_N_1995_2_2017.bmp308278,Alcohol,C:\PycharmProjects\Alcohol Detection\dataset\Grupo_5\E_5_5\LG\E_5_5_3\E_5_5_3_R_10\via_region_data.json
E_5_5_3_L_M_N_N_1995_3_2017.bmp308278,Alcohol,C:\PycharmProjects\Alcohol Detection\dataset\Grupo_5\E_5_5\LG\E_5_5_3\E_5_5_3_R_10\via_region_data.json
E_5_5_3_L_M_N_N_1995_4_2017.bmp308278,Alcohol,C:\PycharmProjects\Alcohol Detection\dataset\Grupo_5\E_5_5\LG\E_5_5_3\E_5_5_3_R_10\via_region_data.json
E_5_5_3_L_M_N_N_1995_5_2017.bmp308278,Alcohol,C:\PycharmProjects\Alcohol Detection\dataset\Grupo_5\E_5_5\LG\E_5_5_3\E_5_5_3_R_10\via_region_data.json
E_5_5_3_L_M_N_N_1995_6_2017.bmp308278,Alcohol,C:\PycharmProjects\Alcohol Detection\dataset\Grupo_5\E_5_5\LG\E_5_5_3\E_5_5_3_R_10\via_region_data.json
E_5_5_3_L_M_N_N_1995_7_2017.bmp308278,Alcohol,C:\PycharmProjects\Alcohol Detection\dataset\Grupo_5\E_5_5\LG\E_5_5_3\E_5_5_3_R_10\via_region_data.json
E_5_5_3_L_M_N_N_1995_8_2017.bmp308278,Alcohol,C:\PycharmProjects\Alcohol Detection\dataset\Grupo_5\E_5_5\LG\E_5_5_3\E_5_5_3_R_10\via_region_data.json
E_5_5_3_L_M_N_N_1995_9_2017.bmp308278,Alcohol,C:\PycharmProjects\Alcohol Detection\dataset\Grupo_5\E_5_5\LG\E_5_5_3\E_5_5_3_R_10\via_region_data.json
E_5_5_3_R_M_N_N_1995_0_2017.bmp308278,Non-Alcohol,C:\PycharmProjects\Alcohol Detection\dataset\Grupo_5\E_5_5\LG\E_5_5_3\E_5_5_3_R_10\via_region_data.json
E_5_5_3_R_M_N_N_1995_1_2017.bmp308278,Alcohol,C:\PycharmProjects\Alcohol Detection\dataset\Grupo_5\E_5_5\LG\E_5_5_3\E_5_5_3_R_10\via_region_data.json
E_5_5_3_R_M_N_N_1995_2_2017.bmp308278,Alcohol,C:\PycharmProjects\Alcohol Detection\dataset\Grupo_5\E_5_5\LG\E_5_5_3\E_5_5_3_R_10\via_region_data.json
E_5_5_3_R_M_N_N_1995_3_2017.bmp308278,Alcohol,C:\PycharmProjects\Alcohol Detection\dataset\Grupo_5\E_5_5\LG\E_5_5_3\E_5_5_3_R_10\via_region_data.json
E_5_5_3_R_M_N_N_1995_4_2017.bmp308278,Alcohol,C:\PycharmProjects\Alcohol Detection\dataset\Grupo_5\E_5_5\LG\E_5_5_3\E_5_5_3_R_10\via_region_data.json
E_5_5_3_R_M_N_N_1995_5_2017.bmp308278,Alcohol,C:\PycharmProjects\Alcohol Detection\dataset\Grupo_5\E_5_5\LG\E_5_5_3\E_5_5_3_R_10\via_region_data.json
E_5_5_3_R_M_N_N_1995_6_2017.bmp308278,Alcohol,C:\PycharmProjects\Alcohol Detection\dataset\Grupo_5\E_5_5\LG\E_5_5_3\E_5_5_3_R_10\via_region_data.json
E_5_5_3_R_M_N_N_1995_7_2017.bmp308278,Alcohol,C:\PycharmProjects\Alcohol Detection\dataset\Grupo_5\E_5_5\LG\E_5_5_3\E_5_5_3_R_10\via_region_data.json
E_5_5_3_R_M_N_N_1995_8_2017.bmp308278,Alcohol,C:\PycharmProjects\Alcohol Detection\dataset\Grupo_5\E_5_5\LG\E_5_5_3\E_5_5_3_R_10\via_region_data.json
E_5_5_3_R_M_N_N_1995_9_2017.bmp308278,Alcohol,C:\PycharmProjects\Alcohol Detection\dataset\Grupo_5\E_5_5\LG\E_5_5_3\E_5_5_3_R_10\via_region_data.json
E_5_5_4_L_M_N_N_1995_0_2017.bmp308278,Non-Alcohol,C:\PycharmProjects\Alcohol Detection\dataset\Grupo_5\E_5_5\LG\E_5_5_4\E_5_5_4_R_10\via_region_data.json
E_5_5_4_L_M_N_N_1995_1_2017.bmp308278,Alcohol,C:\PycharmProjects\Alcohol Detection\dataset\Grupo_5\E_5_5\LG\E_5_5_4\E_5_5_4_R_10\via_region_data.json
E_5_5_4_L_M_N_N_1995_2_2017.bmp308278,Alcohol,C:\PycharmProjects\Alcohol Detection\dataset\Grupo_5\E_5_5\LG\E_5_5_4\E_5_5_4_R_10\via_region_data.json
E_5_5_4_L_M_N_N_1995_3_2017.bmp308278,Alcohol,C:\PycharmProjects\Alcohol Detection\dataset\Grupo_5\E_5_5\LG\E_5_5_4\E_5_5_4_R_10\via_region_data.json
E_5_5_4_L_M_N_N_1995_4_2017.bmp308278,Alcohol,C:\PycharmProjects\Alcohol Detection\dataset\Grupo_5\E_5_5\LG\E_5_5_4\E_5_5_4_R_10\via_region_data.json
E_5_5_4_L_M_N_N_1995_5_2017.bmp308278,Alcohol,C:\PycharmProjects\Alcohol Detection\dataset\Grupo_5\E_5_5\LG\E_5_5_4\E_5_5_4_R_10\via_region_data.json
E_5_5_4_L_M_N_N_1995_6_2017.bmp308278,Alcohol,C:\PycharmProjects\Alcohol Detection\dataset\Grupo_5\E_5_5\LG\E_5_5_4\E_5_5_4_R_10\via_region_data.json
E_5_5_4_L_M_N_N_1995_7_2017.bmp308278,Alcohol,C:\PycharmProjects\Alcohol Detection\dataset\Grupo_5\E_5_5\LG\E_5_5_4\E_5_5_4_R_10\via_region_data.json
E_5_5_4_L_M_N_N_1995_8_2017.bmp308278,Alcohol,C:\PycharmProjects\Alcohol Detection\dataset\Grupo_5\E_5_5\LG\E_5_5_4\E_5_5_4_R_10\via_region_data.json
E_5_5_4_L_M_N_N_1995_9_2017.bmp308278,Alcohol,C:\PycharmProjects\Alcohol Detection\dataset\Grupo_5\E_5_5\LG\E_5_5_4\E_5_5_4_R_10\via_region_data.json
E_5_5_4_R_M_N_N_1995_0_2017.bmp308278,Non-Alcohol,C:\PycharmProjects\Alcohol Detection\dataset\Grupo_5\E_5_5\LG\E_5_5_4\E_5_5_4_R_10\via_region_data.json
E_5_5_4_R_M_N_N_1995_1_2017.bmp308278,Alcohol,C:\PycharmProjects\Alcohol Detection\dataset\Grupo_5\E_5_5\LG\E_5_5_4\E_5_5_4_R_10\via_region_data.json
E_5_5_4_R_M_N_N_1995_2_2017.bmp308278,Alcohol,C:\PycharmProjects\Alcohol Detection\dataset\Grupo_5\E_5_5\LG\E_5_5_4\E_5_5_4_R_10\via_region_data.json
E_5_5_4_R_M_N_N_1995_3_2017.bmp308278,Alcohol,C:\PycharmProjects\Alcohol Detection\dataset\Grupo_5\E_5_5\LG\E_5_5_4\E_5_5_4_R_10\via_region_data.json
E_5_5_4_R_M_N_N_1995_4_2017.bmp308278,Alcohol,C:\PycharmProjects\Alcohol Detection\dataset\Grupo_5\E_5_5\LG\E_5_5_4\E_5_5_4_R_10\via_region_data.json
E_5_5_4_R_M_N_N_1995_5_2017.bmp308278,Alcohol,C:\PycharmProjects\Alcohol Detection\dataset\Grupo_5\E_5_5\LG\E_5_5_4\E_5_5_4_R_10\via_region_data.json
E_5_5_4_R_M_N_N_1995_6_2017.bmp308278,Alcohol,C:\PycharmProjects\Alcohol Detection\dataset\Grupo_5\E_5_5\LG\E_5_5_4\E_5_5_4_R_10\via_region_data.json
E_5_5_4_R_M_N_N_1995_7_2017.bmp308278,Alcohol,C:\PycharmProjects\Alcohol Detection\dataset\Grupo_5\E_5_5\LG\E_5_5_4\E_5_5_4_R_10\via_region_data.json
E_5_5_4_R_M_N_N_1995_8_2017.bmp308278,Alcohol,C:\PycharmProjects\Alcohol Detection\dataset\Grupo_5\E_5_5\LG\E_5_5_4\E_5_5_4_R_10\via_region_data.json
E_5_5_4_R_M_N_N_1995_9_2017.bmp308278,Alcohol,C:\PycharmProjects\Alcohol Detection\dataset\Grupo_5\E_5_5\LG\E_5_5_4\E_5_5_4_R_10\via_region_data.json
E_5_6_0_L_F_N_N_1992_0_2017.bmp308278,Non-Alcohol,C:\PycharmProjects\Alcohol Detection\dataset\Grupo_5\E_5_6\Iritech\E_5_6_0\via_region_data.json
E_5_6_0_R_F_N_N_1992_0_2017.bmp308278,Non-Alcohol,C:\PycharmProjects\Alcohol Detection\dataset\Grupo_5\E_5_6\Iritech\E_5_6_0\via_region_data.json
E_5_6_1_L_F_N_N_1992_0_2017.bmp308278,Non-Alcohol,C:\PycharmProjects\Alcohol Detection\dataset\Grupo_5\E_5_6\Iritech\E_5_6_1\via_region_data.json
E_5_6_1_R_F_N_N_1992_0_2017.bmp308278,Non-Alcohol,C:\PycharmProjects\Alcohol Detection\dataset\Grupo_5\E_5_6\Iritech\E_5_6_1\via_region_data.json
E_5_6_2_L_F_N_N_1992_0_2017.bmp308278,Non-Alcohol,C:\PycharmProjects\Alcohol Detection\dataset\Grupo_5\E_5_6\Iritech\E_5_6_2\via_region_data.json
E_5_6_2_R_F_N_N_1992_0_2017.bmp308278,Non-Alcohol,C:\PycharmProjects\Alcohol Detection\dataset\Grupo_5\E_5_6\Iritech\E_5_6_2\via_region_data.json
E_5_6_3_L_F_N_N_1992_0_2017.bmp308278,Non-Alcohol,C:\PycharmProjects\Alcohol Detection\dataset\Grupo_5\E_5_6\Iritech\E_5_6_3\via_region_data.json
E_5_6_3_R_F_N_N_1992_0_2017.bmp308278,Non-Alcohol,C:\PycharmProjects\Alcohol Detection\dataset\Grupo_5\E_5_6\Iritech\E_5_6_3\via_region_data.json
E_5_6_4_L_F_N_N_1992_0_2017.bmp308278,Non-Alcohol,C:\PycharmProjects\Alcohol Detection\dataset\Grupo_5\E_5_6\Iritech\E_5_6_4\via_region_data.json
E_5_6_4_R_F_N_N_1992_0_2017.bmp308278,Non-Alcohol,C:\PycharmProjects\Alcohol Detection\dataset\Grupo_5\E_5_6\Iritech\E_5_6_4\via_region_data.json
E_5_6_0_L_F_N_N_1992_0_2017.bmp308278,Non-Alcohol,C:\PycharmProjects\Alcohol Detection\dataset\Grupo_5\E_5_6\LG\E_5_6_0\E_5_6_0_R_10\via_region_data.json
E_5_6_0_L_F_N_N_1992_1_2017.bmp308278,Non-Alcohol,C:\PycharmProjects\Alcohol Detection\dataset\Grupo_5\E_5_6\LG\E_5_6_0\E_5_6_0_R_10\via_region_data.json
E_5_6_0_L_F_N_N_1992_2_2017.bmp308278,Non-Alcohol,C:\PycharmProjects\Alcohol Detection\dataset\Grupo_5\E_5_6\LG\E_5_6_0\E_5_6_0_R_10\via_region_data.json
E_5_6_0_L_F_N_N_1992_3_2017.bmp308278,Non-Alcohol,C:\PycharmProjects\Alcohol Detection\dataset\Grupo_5\E_5_6\LG\E_5_6_0\E_5_6_0_R_10\via_region_data.json
E_5_6_0_L_F_N_N_1992_4_2017.bmp308278,Non-Alcohol,C:\PycharmProjects\Alcohol Detection\dataset\Grupo_5\E_5_6\LG\E_5_6_0\E_5_6_0_R_10\via_region_data.json
E_5_6_0_L_F_N_N_1992_5_2017.bmp308278,Non-Alcohol,C:\PycharmProjects\Alcohol Detection\dataset\Grupo_5\E_5_6\LG\E_5_6_0\E_5_6_0_R_10\via_region_data.json
E_5_6_0_L_F_N_N_1992_6_2017.bmp308278,Non-Alcohol,C:\PycharmProjects\Alcohol Detection\dataset\Grupo_5\E_5_6\LG\E_5_6_0\E_5_6_0_R_10\via_region_data.json
E_5_6_0_L_F_N_N_1992_7_2017.bmp308278,Non-Alcohol,C:\PycharmProjects\Alcohol Detection\dataset\Grupo_5\E_5_6\LG\E_5_6_0\E_5_6_0_R_10\via_region_data.json
E_5_6_0_L_F_N_N_1992_8_2017.bmp308278,Non-Alcohol,C:\PycharmProjects\Alcohol Detection\dataset\Grupo_5\E_5_6\LG\E_5_6_0\E_5_6_0_R_10\via_region_data.json
E_5_6_0_L_F_N_N_1992_9_2017.bmp308278,Non-Alcohol,C:\PycharmProjects\Alcohol Detection\dataset\Grupo_5\E_5_6\LG\E_5_6_0\E_5_6_0_R_10\via_region_data.json
E_5_6_0_R_F_N_N_1992_0_2017.bmp308278,Non-Alcohol,C:\PycharmProjects\Alcohol Detection\dataset\Grupo_5\E_5_6\LG\E_5_6_0\E_5_6_0_R_10\via_region_data.json
E_5_6_0_R_F_N_N_1992_1_2017.bmp308278,Non-Alcohol,C:\PycharmProjects\Alcohol Detection\dataset\Grupo_5\E_5_6\LG\E_5_6_0\E_5_6_0_R_10\via_region_data.json
E_5_6_0_R_F_N_N_1992_2_2017.bmp308278,Non-Alcohol,C:\PycharmProjects\Alcohol Detection\dataset\Grupo_5\E_5_6\LG\E_5_6_0\E_5_6_0_R_10\via_region_data.json
E_5_6_0_R_F_N_N_1992_3_2017.bmp308278,Non-Alcohol,C:\PycharmProjects\Alcohol Detection\dataset\Grupo_5\E_5_6\LG\E_5_6_0\E_5_6_0_R_10\via_region_data.json
E_5_6_0_R_F_N_N_1992_4_2017.bmp308278,Non-Alcohol,C:\PycharmProjects\Alcohol Detection\dataset\Grupo_5\E_5_6\LG\E_5_6_0\E_5_6_0_R_10\via_region_data.json
E_5_6_0_R_F_N_N_1992_5_2017.bmp308278,Non-Alcohol,C:\PycharmProjects\Alcohol Detection\dataset\Grupo_5\E_5_6\LG\E_5_6_0\E_5_6_0_R_10\via_region_data.json
E_5_6_0_R_F_N_N_1992_6_2017.bmp308278,Non-Alcohol,C:\PycharmProjects\Alcohol Detection\dataset\Grupo_5\E_5_6\LG\E_5_6_0\E_5_6_0_R_10\via_region_data.json
E_5_6_0_R_F_N_N_1992_7_2017.bmp308278,Non-Alcohol,C:\PycharmProjects\Alcohol Detection\dataset\Grupo_5\E_5_6\LG\E_5_6_0\E_5_6_0_R_10\via_region_data.json
E_5_6_0_R_F_N_N_1992_8_2017.bmp308278,Non-Alcohol,C:\PycharmProjects\Alcohol Detection\dataset\Grupo_5\E_5_6\LG\E_5_6_0\E_5_6_0_R_10\via_region_data.json
E_5_6_0_R_F_N_N_1992_9_2017.bmp308278,Non-Alcohol,C:\PycharmProjects\Alcohol Detection\dataset\Grupo_5\E_5_6\LG\E_5_6_0\E_5_6_0_R_10\via_region_data.json
E_5_6_1_L_F_N_N_1992_0_2017.bmp308278,Non-Alcohol,C:\PycharmProjects\Alcohol Detection\dataset\Grupo_5\E_5_6\LG\E_5_6_1\E_5_6_1_R_10\via_region_data.json
E_5_6_1_L_F_N_N_1992_1_2017.bmp308278,Alcohol,C:\PycharmProjects\Alcohol Detection\dataset\Grupo_5\E_5_6\LG\E_5_6_1\E_5_6_1_R_10\via_region_data.json
E_5_6_1_L_F_N_N_1992_2_2017.bmp308278,Alcohol,C:\PycharmProjects\Alcohol Detection\dataset\Grupo_5\E_5_6\LG\E_5_6_1\E_5_6_1_R_10\via_region_data.json
E_5_6_1_L_F_N_N_1992_3_2017.bmp308278,Alcohol,C:\PycharmProjects\Alcohol Detection\dataset\Grupo_5\E_5_6\LG\E_5_6_1\E_5_6_1_R_10\via_region_data.json
E_5_6_1_L_F_N_N_1992_4_2017.bmp308278,Alcohol,C:\PycharmProjects\Alcohol Detection\dataset\Grupo_5\E_5_6\LG\E_5_6_1\E_5_6_1_R_10\via_region_data.json
E_5_6_1_L_F_N_N_1992_5_2017.bmp308278,Alcohol,C:\PycharmProjects\Alcohol Detection\dataset\Grupo_5\E_5_6\LG\E_5_6_1\E_5_6_1_R_10\via_region_data.json
E_5_6_1_L_F_N_N_1992_6_2017.bmp308278,Alcohol,C:\PycharmProjects\Alcohol Detection\dataset\Grupo_5\E_5_6\LG\E_5_6_1\E_5_6_1_R_10\via_region_data.json
E_5_6_1_L_F_N_N_1992_7_2017.bmp308278,Alcohol,C:\PycharmProjects\Alcohol Detection\dataset\Grupo_5\E_5_6\LG\E_5_6_1\E_5_6_1_R_10\via_region_data.json
E_5_6_1_L_F_N_N_1992_8_2017.bmp308278,Alcohol,C:\PycharmProjects\Alcohol Detection\dataset\Grupo_5\E_5_6\LG\E_5_6_1\E_5_6_1_R_10\via_region_data.json
E_5_6_1_L_F_N_N_1992_9_2017.bmp308278,Alcohol,C:\PycharmProjects\Alcohol Detection\dataset\Grupo_5\E_5_6\LG\E_5_6_1\E_5_6_1_R_10\via_region_data.json
E_5_6_1_R_F_N_N_1992_0_2017.bmp308278,Non-Alcohol,C:\PycharmProjects\Alcohol Detection\dataset\Grupo_5\E_5_6\LG\E_5_6_1\E_5_6_1_R_10\via_region_data.json
E_5_6_1_R_F_N_N_1992_1_2017.bmp308278,Alcohol,C:\PycharmProjects\Alcohol Detection\dataset\Grupo_5\E_5_6\LG\E_5_6_1\E_5_6_1_R_10\via_region_data.json
E_5_6_1_R_F_N_N_1992_2_2017.bmp308278,Alcohol,C:\PycharmProjects\Alcohol Detection\dataset\Grupo_5\E_5_6\LG\E_5_6_1\E_5_6_1_R_10\via_region_data.json
E_5_6_1_R_F_N_N_1992_3_2017.bmp308278,Alcohol,C:\PycharmProjects\Alcohol Detection\dataset\Grupo_5\E_5_6\LG\E_5_6_1\E_5_6_1_R_10\via_region_data.json
E_5_6_1_R_F_N_N_1992_4_2017.bmp308278,Alcohol,C:\PycharmProjects\Alcohol Detection\dataset\Grupo_5\E_5_6\LG\E_5_6_1\E_5_6_1_R_10\via_region_data.json
E_5_6_1_R_F_N_N_1992_5_2017.bmp308278,Alcohol,C:\PycharmProjects\Alcohol Detection\dataset\Grupo_5\E_5_6\LG\E_5_6_1\E_5_6_1_R_10\via_region_data.json
E_5_6_1_R_F_N_N_1992_6_2017.bmp308278,Alcohol,C:\PycharmProjects\Alcohol Detection\dataset\Grupo_5\E_5_6\LG\E_5_6_1\E_5_6_1_R_10\via_region_data.json
E_5_6_1_R_F_N_N_1992_7_2017.bmp308278,Alcohol,C:\PycharmProjects\Alcohol Detection\dataset\Grupo_5\E_5_6\LG\E_5_6_1\E_5_6_1_R_10\via_region_data.json
E_5_6_1_R_F_N_N_1992_8_2017.bmp308278,Alcohol,C:\PycharmProjects\Alcohol Detection\dataset\Grupo_5\E_5_6\LG\E_5_6_1\E_5_6_1_R_10\via_region_data.json
E_5_6_1_R_F_N_N_1992_9_2017.bmp308278,Alcohol,C:\PycharmProjects\Alcohol Detection\dataset\Grupo_5\E_5_6\LG\E_5_6_1\E_5_6_1_R_10\via_region_data.json
E_5_6_2_L_F_N_N_1992_0_2017.bmp308278,Non-Alcohol,C:\PycharmProjects\Alcohol Detection\dataset\Grupo_5\E_5_6\LG\E_5_6_2\E_5_6_2_R_10\via_region_data.json
E_5_6_2_L_F_N_N_1992_1_2017.bmp308278,Alcohol,C:\PycharmProjects\Alcohol Detection\dataset\Grupo_5\E_5_6\LG\E_5_6_2\E_5_6_2_R_10\via_region_data.json
E_5_6_2_L_F_N_N_1992_2_2017.bmp308278,Alcohol,C:\PycharmProjects\Alcohol Detection\dataset\Grupo_5\E_5_6\LG\E_5_6_2\E_5_6_2_R_10\via_region_data.json
E_5_6_2_L_F_N_N_1992_3_2017.bmp308278,Alcohol,C:\PycharmProjects\Alcohol Detection\dataset\Grupo_5\E_5_6\LG\E_5_6_2\E_5_6_2_R_10\via_region_data.json
E_5_6_2_L_F_N_N_1992_4_2017.bmp308278,Alcohol,C:\PycharmProjects\Alcohol Detection\dataset\Grupo_5\E_5_6\LG\E_5_6_2\E_5_6_2_R_10\via_region_data.json
E_5_6_2_L_F_N_N_1992_5_2017.bmp308278,Alcohol,C:\PycharmProjects\Alcohol Detection\dataset\Grupo_5\E_5_6\LG\E_5_6_2\E_5_6_2_R_10\via_region_data.json
E_5_6_2_L_F_N_N_1992_6_2017.bmp308278,Alcohol,C:\PycharmProjects\Alcohol Detection\dataset\Grupo_5\E_5_6\LG\E_5_6_2\E_5_6_2_R_10\via_region_data.json
E_5_6_2_L_F_N_N_1992_7_2017.bmp308278,Alcohol,C:\PycharmProjects\Alcohol Detection\dataset\Grupo_5\E_5_6\LG\E_5_6_2\E_5_6_2_R_10\via_region_data.json
E_5_6_2_L_F_N_N_1992_8_2017.bmp308278,Alcohol,C:\PycharmProjects\Alcohol Detection\dataset\Grupo_5\E_5_6\LG\E_5_6_2\E_5_6_2_R_10\via_region_data.json
E_5_6_2_L_F_N_N_1992_9_2017.bmp308278,Alcohol,C:\PycharmProjects\Alcohol Detection\dataset\Grupo_5\E_5_6\LG\E_5_6_2\E_5_6_2_R_10\via_region_data.json
E_5_6_2_R_F_N_N_1992_0_2017.bmp308278,Non-Alcohol,C:\PycharmProjects\Alcohol Detection\dataset\Grupo_5\E_5_6\LG\E_5_6_2\E_5_6_2_R_10\via_region_data.json
E_5_6_2_R_F_N_N_1992_1_2017.bmp308278,Alcohol,C:\PycharmProjects\Alcohol Detection\dataset\Grupo_5\E_5_6\LG\E_5_6_2\E_5_6_2_R_10\via_region_data.json
E_5_6_2_R_F_N_N_1992_2_2017.bmp308278,Alcohol,C:\PycharmProjects\Alcohol Detection\dataset\Grupo_5\E_5_6\LG\E_5_6_2\E_5_6_2_R_10\via_region_data.json
E_5_6_2_R_F_N_N_1992_3_2017.bmp308278,Alcohol,C:\PycharmProjects\Alcohol Detection\dataset\Grupo_5\E_5_6\LG\E_5_6_2\E_5_6_2_R_10\via_region_data.json
E_5_6_2_R_F_N_N_1992_4_2017.bmp308278,Alcohol,C:\PycharmProjects\Alcohol Detection\dataset\Grupo_5\E_5_6\LG\E_5_6_2\E_5_6_2_R_10\via_region_data.json
E_5_6_2_R_F_N_N_1992_5_2017.bmp308278,Alcohol,C:\PycharmProjects\Alcohol Detection\dataset\Grupo_5\E_5_6\LG\E_5_6_2\E_5_6_2_R_10\via_region_data.json
E_5_6_2_R_F_N_N_1992_6_2017.bmp308278,Alcohol,C:\PycharmProjects\Alcohol Detection\dataset\Grupo_5\E_5_6\LG\E_5_6_2\E_5_6_2_R_10\via_region_data.json
E_5_6_2_R_F_N_N_1992_7_2017.bmp308278,Alcohol,C:\PycharmProjects\Alcohol Detection\dataset\Grupo_5\E_5_6\LG\E_5_6_2\E_5_6_2_R_10\via_region_data.json
E_5_6_2_R_F_N_N_1992_8_2017.bmp308278,Alcohol,C:\PycharmProjects\Alcohol Detection\dataset\Grupo_5\E_5_6\LG\E_5_6_2\E_5_6_2_R_10\via_region_data.json
E_5_6_2_R_F_N_N_1992_9_2017.bmp308278,Alcohol,C:\PycharmProjects\Alcohol Detection\dataset\Grupo_5\E_5_6\LG\E_5_6_2\E_5_6_2_R_10\via_region_data.json
E_5_6_3_L_F_N_N_1992_0_2017.bmp308278,Non-Alcohol,C:\PycharmProjects\Alcohol Detection\dataset\Grupo_5\E_5_6\LG\E_5_6_3\E_5_6_3_R_10\via_region_data.json
E_5_6_3_L_F_N_N_1992_1_2017.bmp308278,Alcohol,C:\PycharmProjects\Alcohol Detection\dataset\Grupo_5\E_5_6\LG\E_5_6_3\E_5_6_3_R_10\via_region_data.json
E_5_6_3_L_F_N_N_1992_2_2017.bmp308278,Alcohol,C:\PycharmProjects\Alcohol Detection\dataset\Grupo_5\E_5_6\LG\E_5_6_3\E_5_6_3_R_10\via_region_data.json
E_5_6_3_L_F_N_N_1992_3_2017.bmp308278,Alcohol,C:\PycharmProjects\Alcohol Detection\dataset\Grupo_5\E_5_6\LG\E_5_6_3\E_5_6_3_R_10\via_region_data.json
E_5_6_3_L_F_N_N_1992_4_2017.bmp308278,Alcohol,C:\PycharmProjects\Alcohol Detection\dataset\Grupo_5\E_5_6\LG\E_5_6_3\E_5_6_3_R_10\via_region_data.json
E_5_6_3_L_F_N_N_1992_5_2017.bmp308278,Alcohol,C:\PycharmProjects\Alcohol Detection\dataset\Grupo_5\E_5_6\LG\E_5_6_3\E_5_6_3_R_10\via_region_data.json
E_5_6_3_L_F_N_N_1992_6_2017.bmp308278,Alcohol,C:\PycharmProjects\Alcohol Detection\dataset\Grupo_5\E_5_6\LG\E_5_6_3\E_5_6_3_R_10\via_region_data.json
E_5_6_3_L_F_N_N_1992_7_2017.bmp308278,Alcohol,C:\PycharmProjects\Alcohol Detection\dataset\Grupo_5\E_5_6\LG\E_5_6_3\E_5_6_3_R_10\via_region_data.json
E_5_6_3_L_F_N_N_1992_8_2017.bmp308278,Alcohol,C:\PycharmProjects\Alcohol Detection\dataset\Grupo_5\E_5_6\LG\E_5_6_3\E_5_6_3_R_10\via_region_data.json
E_5_6_3_L_F_N_N_1992_9_2017.bmp308278,Alcohol,C:\PycharmProjects\Alcohol Detection\dataset\Grupo_5\E_5_6\LG\E_5_6_3\E_5_6_3_R_10\via_region_data.json
E_5_6_3_R_F_N_N_1992_0_2017.bmp308278,Non-Alcohol,C:\PycharmProjects\Alcohol Detection\dataset\Grupo_5\E_5_6\LG\E_5_6_3\E_5_6_3_R_10\via_region_data.json
E_5_6_3_R_F_N_N_1992_1_2017.bmp308278,Alcohol,C:\PycharmProjects\Alcohol Detection\dataset\Grupo_5\E_5_6\LG\E_5_6_3\E_5_6_3_R_10\via_region_data.json
E_5_6_3_R_F_N_N_1992_2_2017.bmp308278,Alcohol,C:\PycharmProjects\Alcohol Detection\dataset\Grupo_5\E_5_6\LG\E_5_6_3\E_5_6_3_R_10\via_region_data.json
E_5_6_3_R_F_N_N_1992_3_2017.bmp308278,Alcohol,C:\PycharmProjects\Alcohol Detection\dataset\Grupo_5\E_5_6\LG\E_5_6_3\E_5_6_3_R_10\via_region_data.json
E_5_6_3_R_F_N_N_1992_4_2017.bmp308278,Alcohol,C:\PycharmProjects\Alcohol Detection\dataset\Grupo_5\E_5_6\LG\E_5_6_3\E_5_6_3_R_10\via_region_data.json
E_5_6_3_R_F_N_N_1992_5_2017.bmp308278,Alcohol,C:\PycharmProjects\Alcohol Detection\dataset\Grupo_5\E_5_6\LG\E_5_6_3\E_5_6_3_R_10\via_region_data.json
E_5_6_3_R_F_N_N_1992_6_2017.bmp308278,Alcohol,C:\PycharmProjects\Alcohol Detection\dataset\Grupo_5\E_5_6\LG\E_5_6_3\E_5_6_3_R_10\via_region_data.json
E_5_6_3_R_F_N_N_1992_7_2017.bmp308278,Alcohol,C:\PycharmProjects\Alcohol Detection\dataset\Grupo_5\E_5_6\LG\E_5_6_3\E_5_6_3_R_10\via_region_data.json
E_5_6_3_R_F_N_N_1992_8_2017.bmp308278,Alcohol,C:\PycharmProjects\Alcohol Detection\dataset\Grupo_5\E_5_6\LG\E_5_6_3\E_5_6_3_R_10\via_region_data.json
E_5_6_3_R_F_N_N_1992_9_2017.bmp308278,Alcohol,C:\PycharmProjects\Alcohol Detection\dataset\Grupo_5\E_5_6\LG\E_5_6_3\E_5_6_3_R_10\via_region_data.json
E_5_6_4_L_F_N_N_1992_0_2017.bmp308278,Non-Alcohol,C:\PycharmProjects\Alcohol Detection\dataset\Grupo_5\E_5_6\LG\E_5_6_4\E_5_6_4_R_10\via_region_data.json
E_5_6_4_L_F_N_N_1992_1_2017.bmp308278,Alcohol,C:\PycharmProjects\Alcohol Detection\dataset\Grupo_5\E_5_6\LG\E_5_6_4\E_5_6_4_R_10\via_region_data.json
E_5_6_4_L_F_N_N_1992_2_2017.bmp308278,Alcohol,C:\PycharmProjects\Alcohol Detection\dataset\Grupo_5\E_5_6\LG\E_5_6_4\E_5_6_4_R_10\via_region_data.json
E_5_6_4_L_F_N_N_1992_3_2017.bmp308278,Alcohol,C:\PycharmProjects\Alcohol Detection\dataset\Grupo_5\E_5_6\LG\E_5_6_4\E_5_6_4_R_10\via_region_data.json
E_5_6_4_L_F_N_N_1992_4_2017.bmp308278,Alcohol,C:\PycharmProjects\Alcohol Detection\dataset\Grupo_5\E_5_6\LG\E_5_6_4\E_5_6_4_R_10\via_region_data.json
E_5_6_4_L_F_N_N_1992_5_2017.bmp308278,Alcohol,C:\PycharmProjects\Alcohol Detection\dataset\Grupo_5\E_5_6\LG\E_5_6_4\E_5_6_4_R_10\via_region_data.json
E_5_6_4_L_F_N_N_1992_6_2017.bmp308278,Alcohol,C:\PycharmProjects\Alcohol Detection\dataset\Grupo_5\E_5_6\LG\E_5_6_4\E_5_6_4_R_10\via_region_data.json
E_5_6_4_L_F_N_N_1992_7_2017.bmp308278,Alcohol,C:\PycharmProjects\Alcohol Detection\dataset\Grupo_5\E_5_6\LG\E_5_6_4\E_5_6_4_R_10\via_region_data.json
E_5_6_4_L_F_N_N_1992_8_2017.bmp308278,Alcohol,C:\PycharmProjects\Alcohol Detection\dataset\Grupo_5\E_5_6\LG\E_5_6_4\E_5_6_4_R_10\via_region_data.json
E_5_6_4_L_F_N_N_1992_9_2017.bmp308278,Alcohol,C:\PycharmProjects\Alcohol Detection\dataset\Grupo_5\E_5_6\LG\E_5_6_4\E_5_6_4_R_10\via_region_data.json
E_5_6_4_R_F_N_N_1992_0_2017.bmp308278,Non-Alcohol,C:\PycharmProjects\Alcohol Detection\dataset\Grupo_5\E_5_6\LG\E_5_6_4\E_5_6_4_R_10\via_region_data.json
E_5_6_4_R_F_N_N_1992_1_2017.bmp308278,Alcohol,C:\PycharmProjects\Alcohol Detection\dataset\Grupo_5\E_5_6\LG\E_5_6_4\E_5_6_4_R_10\via_region_data.json
E_5_6_4_R_F_N_N_1992_2_2017.bmp308278,Alcohol,C:\PycharmProjects\Alcohol Detection\dataset\Grupo_5\E_5_6\LG\E_5_6_4\E_5_6_4_R_10\via_region_data.json
E_5_6_4_R_F_N_N_1992_3_2017.bmp308278,Alcohol,C:\PycharmProjects\Alcohol Detection\dataset\Grupo_5\E_5_6\LG\E_5_6_4\E_5_6_4_R_10\via_region_data.json
E_5_6_4_R_F_N_N_1992_4_2017.bmp308278,Alcohol,C:\PycharmProjects\Alcohol Detection\dataset\Grupo_5\E_5_6\LG\E_5_6_4\E_5_6_4_R_10\via_region_data.json
E_5_6_4_R_F_N_N_1992_5_2017.bmp308278,Alcohol,C:\PycharmProjects\Alcohol Detection\dataset\Grupo_5\E_5_6\LG\E_5_6_4\E_5_6_4_R_10\via_region_data.json
E_5_6_4_R_F_N_N_1992_6_2017.bmp308278,Alcohol,C:\PycharmProjects\Alcohol Detection\dataset\Grupo_5\E_5_6\LG\E_5_6_4\E_5_6_4_R_10\via_region_data.json
E_5_6_4_R_F_N_N_1992_7_2017.bmp308278,Alcohol,C:\PycharmProjects\Alcohol Detection\dataset\Grupo_5\E_5_6\LG\E_5_6_4\E_5_6_4_R_10\via_region_data.json
E_5_6_4_R_F_N_N_1992_8_2017.bmp308278,Alcohol,C:\PycharmProjects\Alcohol Detection\dataset\Grupo_5\E_5_6\LG\E_5_6_4\E_5_6_4_R_10\via_region_data.json
E_5_6_4_R_F_N_N_1992_9_2017.bmp308278,Alcohol,C:\PycharmProjects\Alcohol Detection\dataset\Grupo_5\E_5_6\LG\E_5_6_4\E_5_6_4_R_10\via_region_data.json
E_5_7_0_L_F_N_N_1994_0_2017.bmp308278,Non-Alcohol,C:\PycharmProjects\Alcohol Detection\dataset\Grupo_5\E_5_7\Iritech\E_5_7_0\via_region_data.json
E_5_7_0_R_F_N_N_1994_0_2017.bmp308278,Non-Alcohol,C:\PycharmProjects\Alcohol Detection\dataset\Grupo_5\E_5_7\Iritech\E_5_7_0\via_region_data.json
E_5_7_1_L_F_N_N_1994_0_2017.bmp308278,Non-Alcohol,C:\PycharmProjects\Alcohol Detection\dataset\Grupo_5\E_5_7\Iritech\E_5_7_1\via_region_data.json
E_5_7_1_R_F_N_N_1994_0_2017.bmp308278,Non-Alcohol,C:\PycharmProjects\Alcohol Detection\dataset\Grupo_5\E_5_7\Iritech\E_5_7_1\via_region_data.json
E_5_7_2_L_F_N_N_1994_0_2017.bmp308278,Non-Alcohol,C:\PycharmProjects\Alcohol Detection\dataset\Grupo_5\E_5_7\Iritech\E_5_7_2\via_region_data.json
E_5_7_2_R_F_N_N_1994_0_2017.bmp308278,Non-Alcohol,C:\PycharmProjects\Alcohol Detection\dataset\Grupo_5\E_5_7\Iritech\E_5_7_2\via_region_data.json
E_5_7_3_L_F_N_N_1994_0_2017.bmp308278,Non-Alcohol,C:\PycharmProjects\Alcohol Detection\dataset\Grupo_5\E_5_7\Iritech\E_5_7_3\via_region_data.json
E_5_7_3_R_F_N_N_1994_0_2017.bmp308278,Non-Alcohol,C:\PycharmProjects\Alcohol Detection\dataset\Grupo_5\E_5_7\Iritech\E_5_7_3\via_region_data.json
E_5_7_4_L_F_N_N_1994_0_2017.bmp308278,Non-Alcohol,C:\PycharmProjects\Alcohol Detection\dataset\Grupo_5\E_5_7\Iritech\E_5_7_4\via_region_data.json
E_5_7_4_R_F_N_N_1994_0_2017.bmp308278,Non-Alcohol,C:\PycharmProjects\Alcohol Detection\dataset\Grupo_5\E_5_7\Iritech\E_5_7_4\via_region_data.json
E_5_7_0_L_F_N_N_1994_0_2017.bmp308278,Non-Alcohol,C:\PycharmProjects\Alcohol Detection\dataset\Grupo_5\E_5_7\LG\E_5_7_0\E_5_7_0_R_10\via_region_data.json
E_5_7_0_L_F_N_N_1994_1_2017.bmp308278,Non-Alcohol,C:\PycharmProjects\Alcohol Detection\dataset\Grupo_5\E_5_7\LG\E_5_7_0\E_5_7_0_R_10\via_region_data.json
E_5_7_0_L_F_N_N_1994_2_2017.bmp308278,Non-Alcohol,C:\PycharmProjects\Alcohol Detection\dataset\Grupo_5\E_5_7\LG\E_5_7_0\E_5_7_0_R_10\via_region_data.json
E_5_7_0_L_F_N_N_1994_3_2017.bmp308278,Non-Alcohol,C:\PycharmProjects\Alcohol Detection\dataset\Grupo_5\E_5_7\LG\E_5_7_0\E_5_7_0_R_10\via_region_data.json
E_5_7_0_L_F_N_N_1994_4_2017.bmp308278,Non-Alcohol,C:\PycharmProjects\Alcohol Detection\dataset\Grupo_5\E_5_7\LG\E_5_7_0\E_5_7_0_R_10\via_region_data.json
E_5_7_0_L_F_N_N_1994_5_2017.bmp308278,Non-Alcohol,C:\PycharmProjects\Alcohol Detection\dataset\Grupo_5\E_5_7\LG\E_5_7_0\E_5_7_0_R_10\via_region_data.json
E_5_7_0_L_F_N_N_1994_6_2017.bmp308278,Non-Alcohol,C:\PycharmProjects\Alcohol Detection\dataset\Grupo_5\E_5_7\LG\E_5_7_0\E_5_7_0_R_10\via_region_data.json
E_5_7_0_L_F_N_N_1994_7_2017.bmp308278,Non-Alcohol,C:\PycharmProjects\Alcohol Detection\dataset\Grupo_5\E_5_7\LG\E_5_7_0\E_5_7_0_R_10\via_region_data.json
E_5_7_0_L_F_N_N_1994_8_2017.bmp308278,Non-Alcohol,C:\PycharmProjects\Alcohol Detection\dataset\Grupo_5\E_5_7\LG\E_5_7_0\E_5_7_0_R_10\via_region_data.json
E_5_7_0_L_F_N_N_1994_9_2017.bmp308278,Non-Alcohol,C:\PycharmProjects\Alcohol Detection\dataset\Grupo_5\E_5_7\LG\E_5_7_0\E_5_7_0_R_10\via_region_data.json
E_5_7_0_R_F_N_N_1994_0_2017.bmp308278,Non-Alcohol,C:\PycharmProjects\Alcohol Detection\dataset\Grupo_5\E_5_7\LG\E_5_7_0\E_5_7_0_R_10\via_region_data.json
E_5_7_0_R_F_N_N_1994_1_2017.bmp308278,Non-Alcohol,C:\PycharmProjects\Alcohol Detection\dataset\Grupo_5\E_5_7\LG\E_5_7_0\E_5_7_0_R_10\via_region_data.json
E_5_7_0_R_F_N_N_1994_2_2017.bmp308278,Non-Alcohol,C:\PycharmProjects\Alcohol Detection\dataset\Grupo_5\E_5_7\LG\E_5_7_0\E_5_7_0_R_10\via_region_data.json
E_5_7_0_R_F_N_N_1994_3_2017.bmp308278,Non-Alcohol,C:\PycharmProjects\Alcohol Detection\dataset\Grupo_5\E_5_7\LG\E_5_7_0\E_5_7_0_R_10\via_region_data.json
E_5_7_0_R_F_N_N_1994_4_2017.bmp308278,Non-Alcohol,C:\PycharmProjects\Alcohol Detection\dataset\Grupo_5\E_5_7\LG\E_5_7_0\E_5_7_0_R_10\via_region_data.json
E_5_7_0_R_F_N_N_1994_5_2017.bmp308278,Non-Alcohol,C:\PycharmProjects\Alcohol Detection\dataset\Grupo_5\E_5_7\LG\E_5_7_0\E_5_7_0_R_10\via_region_data.json
E_5_7_0_R_F_N_N_1994_6_2017.bmp308278,Non-Alcohol,C:\PycharmProjects\Alcohol Detection\dataset\Grupo_5\E_5_7\LG\E_5_7_0\E_5_7_0_R_10\via_region_data.json
E_5_7_0_R_F_N_N_1994_7_2017.bmp308278,Non-Alcohol,C:\PycharmProjects\Alcohol Detection\dataset\Grupo_5\E_5_7\LG\E_5_7_0\E_5_7_0_R_10\via_region_data.json
E_5_7_0_R_F_N_N_1994_8_2017.bmp308278,Non-Alcohol,C:\PycharmProjects\Alcohol Detection\dataset\Grupo_5\E_5_7\LG\E_5_7_0\E_5_7_0_R_10\via_region_data.json
E_5_7_0_R_F_N_N_1994_9_2017.bmp308278,Non-Alcohol,C:\PycharmProjects\Alcohol Detection\dataset\Grupo_5\E_5_7\LG\E_5_7_0\E_5_7_0_R_10\via_region_data.json
E_5_7_1_L_F_N_N_1994_0_2017.bmp308278,Non-Alcohol,C:\PycharmProjects\Alcohol Detection\dataset\Grupo_5\E_5_7\LG\E_5_7_1\E_5_7_1_R_10\via_region_data.json
E_5_7_1_L_F_N_N_1994_1_2017.bmp308278,Alcohol,C:\PycharmProjects\Alcohol Detection\dataset\Grupo_5\E_5_7\LG\E_5_7_1\E_5_7_1_R_10\via_region_data.json
E_5_7_1_L_F_N_N_1994_2_2017.bmp308278,Alcohol,C:\PycharmProjects\Alcohol Detection\dataset\Grupo_5\E_5_7\LG\E_5_7_1\E_5_7_1_R_10\via_region_data.json
E_5_7_1_L_F_N_N_1994_3_2017.bmp308278,Alcohol,C:\PycharmProjects\Alcohol Detection\dataset\Grupo_5\E_5_7\LG\E_5_7_1\E_5_7_1_R_10\via_region_data.json
E_5_7_1_L_F_N_N_1994_4_2017.bmp308278,Alcohol,C:\PycharmProjects\Alcohol Detection\dataset\Grupo_5\E_5_7\LG\E_5_7_1\E_5_7_1_R_10\via_region_data.json
E_5_7_1_L_F_N_N_1994_5_2017.bmp308278,Alcohol,C:\PycharmProjects\Alcohol Detection\dataset\Grupo_5\E_5_7\LG\E_5_7_1\E_5_7_1_R_10\via_region_data.json
E_5_7_1_L_F_N_N_1994_6_2017.bmp308278,Alcohol,C:\PycharmProjects\Alcohol Detection\dataset\Grupo_5\E_5_7\LG\E_5_7_1\E_5_7_1_R_10\via_region_data.json
E_5_7_1_L_F_N_N_1994_7_2017.bmp308278,Alcohol,C:\PycharmProjects\Alcohol Detection\dataset\Grupo_5\E_5_7\LG\E_5_7_1\E_5_7_1_R_10\via_region_data.json
E_5_7_1_L_F_N_N_1994_8_2017.bmp308278,Alcohol,C:\PycharmProjects\Alcohol Detection\dataset\Grupo_5\E_5_7\LG\E_5_7_1\E_5_7_1_R_10\via_region_data.json
E_5_7_1_L_F_N_N_1994_9_2017.bmp308278,Alcohol,C:\PycharmProjects\Alcohol Detection\dataset\Grupo_5\E_5_7\LG\E_5_7_1\E_5_7_1_R_10\via_region_data.json
E_5_7_1_R_F_N_N_1994_0_2017.bmp308278,Non-Alcohol,C:\PycharmProjects\Alcohol Detection\dataset\Grupo_5\E_5_7\LG\E_5_7_1\E_5_7_1_R_10\via_region_data.json
E_5_7_1_R_F_N_N_1994_1_2017.bmp308278,Alcohol,C:\PycharmProjects\Alcohol Detection\dataset\Grupo_5\E_5_7\LG\E_5_7_1\E_5_7_1_R_10\via_region_data.json
E_5_7_1_R_F_N_N_1994_2_2017.bmp308278,Alcohol,C:\PycharmProjects\Alcohol Detection\dataset\Grupo_5\E_5_7\LG\E_5_7_1\E_5_7_1_R_10\via_region_data.json
E_5_7_1_R_F_N_N_1994_3_2017.bmp308278,Alcohol,C:\PycharmProjects\Alcohol Detection\dataset\Grupo_5\E_5_7\LG\E_5_7_1\E_5_7_1_R_10\via_region_data.json
E_5_7_1_R_F_N_N_1994_4_2017.bmp308278,Alcohol,C:\PycharmProjects\Alcohol Detection\dataset\Grupo_5\E_5_7\LG\E_5_7_1\E_5_7_1_R_10\via_region_data.json
E_5_7_1_R_F_N_N_1994_5_2017.bmp308278,Alcohol,C:\PycharmProjects\Alcohol Detection\dataset\Grupo_5\E_5_7\LG\E_5_7_1\E_5_7_1_R_10\via_region_data.json
E_5_7_1_R_F_N_N_1994_6_2017.bmp308278,Alcohol,C:\PycharmProjects\Alcohol Detection\dataset\Grupo_5\E_5_7\LG\E_5_7_1\E_5_7_1_R_10\via_region_data.json
E_5_7_1_R_F_N_N_1994_7_2017.bmp308278,Alcohol,C:\PycharmProjects\Alcohol Detection\dataset\Grupo_5\E_5_7\LG\E_5_7_1\E_5_7_1_R_10\via_region_data.json
E_5_7_1_R_F_N_N_1994_8_2017.bmp308278,Alcohol,C:\PycharmProjects\Alcohol Detection\dataset\Grupo_5\E_5_7\LG\E_5_7_1\E_5_7_1_R_10\via_region_data.json
E_5_7_1_R_F_N_N_1994_9_2017.bmp308278,Alcohol,C:\PycharmProjects\Alcohol Detection\dataset\Grupo_5\E_5_7\LG\E_5_7_1\E_5_7_1_R_10\via_region_data.json
E_5_7_2_L_F_N_N_1994_0_2017.bmp308278,Non-Alcohol,C:\PycharmProjects\Alcohol Detection\dataset\Grupo_5\E_5_7\LG\E_5_7_2\E_5_7_2_R_10\via_region_data.json
E_5_7_2_L_F_N_N_1994_1_2017.bmp308278,Alcohol,C:\PycharmProjects\Alcohol Detection\dataset\Grupo_5\E_5_7\LG\E_5_7_2\E_5_7_2_R_10\via_region_data.json
E_5_7_2_L_F_N_N_1994_2_2017.bmp308278,Alcohol,C:\PycharmProjects\Alcohol Detection\dataset\Grupo_5\E_5_7\LG\E_5_7_2\E_5_7_2_R_10\via_region_data.json
E_5_7_2_L_F_N_N_1994_3_2017.bmp308278,Alcohol,C:\PycharmProjects\Alcohol Detection\dataset\Grupo_5\E_5_7\LG\E_5_7_2\E_5_7_2_R_10\via_region_data.json
E_5_7_2_L_F_N_N_1994_4_2017.bmp308278,Alcohol,C:\PycharmProjects\Alcohol Detection\dataset\Grupo_5\E_5_7\LG\E_5_7_2\E_5_7_2_R_10\via_region_data.json
E_5_7_2_L_F_N_N_1994_5_2017.bmp308278,Alcohol,C:\PycharmProjects\Alcohol Detection\dataset\Grupo_5\E_5_7\LG\E_5_7_2\E_5_7_2_R_10\via_region_data.json
E_5_7_2_L_F_N_N_1994_6_2017.bmp308278,Alcohol,C:\PycharmProjects\Alcohol Detection\dataset\Grupo_5\E_5_7\LG\E_5_7_2\E_5_7_2_R_10\via_region_data.json
E_5_7_2_L_F_N_N_1994_7_2017.bmp308278,Alcohol,C:\PycharmProjects\Alcohol Detection\dataset\Grupo_5\E_5_7\LG\E_5_7_2\E_5_7_2_R_10\via_region_data.json
E_5_7_2_L_F_N_N_1994_8_2017.bmp308278,Alcohol,C:\PycharmProjects\Alcohol Detection\dataset\Grupo_5\E_5_7\LG\E_5_7_2\E_5_7_2_R_10\via_region_data.json
E_5_7_2_L_F_N_N_1994_9_2017.bmp308278,Alcohol,C:\PycharmProjects\Alcohol Detection\dataset\Grupo_5\E_5_7\LG\E_5_7_2\E_5_7_2_R_10\via_region_data.json
E_5_7_2_R_F_N_N_1994_0_2017.bmp308278,Non-Alcohol,C:\PycharmProjects\Alcohol Detection\dataset\Grupo_5\E_5_7\LG\E_5_7_2\E_5_7_2_R_10\via_region_data.json
E_5_7_2_R_F_N_N_1994_1_2017.bmp308278,Alcohol,C:\PycharmProjects\Alcohol Detection\dataset\Grupo_5\E_5_7\LG\E_5_7_2\E_5_7_2_R_10\via_region_data.json
E_5_7_2_R_F_N_N_1994_2_2017.bmp308278,Alcohol,C:\PycharmProjects\Alcohol Detection\dataset\Grupo_5\E_5_7\LG\E_5_7_2\E_5_7_2_R_10\via_region_data.json
E_5_7_2_R_F_N_N_1994_3_2017.bmp308278,Alcohol,C:\PycharmProjects\Alcohol Detection\dataset\Grupo_5\E_5_7\LG\E_5_7_2\E_5_7_2_R_10\via_region_data.json
E_5_7_2_R_F_N_N_1994_4_2017.bmp308278,Alcohol,C:\PycharmProjects\Alcohol Detection\dataset\Grupo_5\E_5_7\LG\E_5_7_2\E_5_7_2_R_10\via_region_data.json
E_5_7_2_R_F_N_N_1994_5_2017.bmp308278,Alcohol,C:\PycharmProjects\Alcohol Detection\dataset\Grupo_5\E_5_7\LG\E_5_7_2\E_5_7_2_R_10\via_region_data.json
E_5_7_2_R_F_N_N_1994_6_2017.bmp308278,Alcohol,C:\PycharmProjects\Alcohol Detection\dataset\Grupo_5\E_5_7\LG\E_5_7_2\E_5_7_2_R_10\via_region_data.json
E_5_7_2_R_F_N_N_1994_7_2017.bmp308278,Alcohol,C:\PycharmProjects\Alcohol Detection\dataset\Grupo_5\E_5_7\LG\E_5_7_2\E_5_7_2_R_10\via_region_data.json
E_5_7_2_R_F_N_N_1994_8_2017.bmp308278,Alcohol,C:\PycharmProjects\Alcohol Detection\dataset\Grupo_5\E_5_7\LG\E_5_7_2\E_5_7_2_R_10\via_region_data.json
E_5_7_2_R_F_N_N_1994_9_2017.bmp308278,Alcohol,C:\PycharmProjects\Alcohol Detection\dataset\Grupo_5\E_5_7\LG\E_5_7_2\E_5_7_2_R_10\via_region_data.json
E_5_7_3_L_F_N_N_1994_0_2017.bmp308278,Non-Alcohol,C:\PycharmProjects\Alcohol Detection\dataset\Grupo_5\E_5_7\LG\E_5_7_3\E_5_7_3_R_10\via_region_data.json
E_5_7_3_L_F_N_N_1994_1_2017.bmp308278,Alcohol,C:\PycharmProjects\Alcohol Detection\dataset\Grupo_5\E_5_7\LG\E_5_7_3\E_5_7_3_R_10\via_region_data.json
E_5_7_3_L_F_N_N_1994_2_2017.bmp308278,Alcohol,C:\PycharmProjects\Alcohol Detection\dataset\Grupo_5\E_5_7\LG\E_5_7_3\E_5_7_3_R_10\via_region_data.json
E_5_7_3_L_F_N_N_1994_3_2017.bmp308278,Alcohol,C:\PycharmProjects\Alcohol Detection\dataset\Grupo_5\E_5_7\LG\E_5_7_3\E_5_7_3_R_10\via_region_data.json
E_5_7_3_L_F_N_N_1994_4_2017.bmp308278,Alcohol,C:\PycharmProjects\Alcohol Detection\dataset\Grupo_5\E_5_7\LG\E_5_7_3\E_5_7_3_R_10\via_region_data.json
E_5_7_3_L_F_N_N_1994_5_2017.bmp308278,Alcohol,C:\PycharmProjects\Alcohol Detection\dataset\Grupo_5\E_5_7\LG\E_5_7_3\E_5_7_3_R_10\via_region_data.json
E_5_7_3_L_F_N_N_1994_6_2017.bmp308278,Alcohol,C:\PycharmProjects\Alcohol Detection\dataset\Grupo_5\E_5_7\LG\E_5_7_3\E_5_7_3_R_10\via_region_data.json
E_5_7_3_L_F_N_N_1994_7_2017.bmp308278,Alcohol,C:\PycharmProjects\Alcohol Detection\dataset\Grupo_5\E_5_7\LG\E_5_7_3\E_5_7_3_R_10\via_region_data.json
E_5_7_3_L_F_N_N_1994_8_2017.bmp308278,Alcohol,C:\PycharmProjects\Alcohol Detection\dataset\Grupo_5\E_5_7\LG\E_5_7_3\E_5_7_3_R_10\via_region_data.json
E_5_7_3_L_F_N_N_1994_9_2017.bmp308278,Alcohol,C:\PycharmProjects\Alcohol Detection\dataset\Grupo_5\E_5_7\LG\E_5_7_3\E_5_7_3_R_10\via_region_data.json
E_5_7_3_R_F_N_N_1994_0_2017.bmp308278,Non-Alcohol,C:\PycharmProjects\Alcohol Detection\dataset\Grupo_5\E_5_7\LG\E_5_7_3\E_5_7_3_R_10\via_region_data.json
E_5_7_3_R_F_N_N_1994_1_2017.bmp308278,Alcohol,C:\PycharmProjects\Alcohol Detection\dataset\Grupo_5\E_5_7\LG\E_5_7_3\E_5_7_3_R_10\via_region_data.json
E_5_7_3_R_F_N_N_1994_2_2017.bmp308278,Alcohol,C:\PycharmProjects\Alcohol Detection\dataset\Grupo_5\E_5_7\LG\E_5_7_3\E_5_7_3_R_10\via_region_data.json
E_5_7_3_R_F_N_N_1994_3_2017.bmp308278,Alcohol,C:\PycharmProjects\Alcohol Detection\dataset\Grupo_5\E_5_7\LG\E_5_7_3\E_5_7_3_R_10\via_region_data.json
E_5_7_3_R_F_N_N_1994_4_2017.bmp308278,Alcohol,C:\PycharmProjects\Alcohol Detection\dataset\Grupo_5\E_5_7\LG\E_5_7_3\E_5_7_3_R_10\via_region_data.json
E_5_7_3_R_F_N_N_1994_5_2017.bmp308278,Alcohol,C:\PycharmProjects\Alcohol Detection\dataset\Grupo_5\E_5_7\LG\E_5_7_3\E_5_7_3_R_10\via_region_data.json
E_5_7_3_R_F_N_N_1994_6_2017.bmp308278,Alcohol,C:\PycharmProjects\Alcohol Detection\dataset\Grupo_5\E_5_7\LG\E_5_7_3\E_5_7_3_R_10\via_region_data.json
E_5_7_3_R_F_N_N_1994_7_2017.bmp308278,Alcohol,C:\PycharmProjects\Alcohol Detection\dataset\Grupo_5\E_5_7\LG\E_5_7_3\E_5_7_3_R_10\via_region_data.json
E_5_7_3_R_F_N_N_1994_8_2017.bmp308278,Alcohol,C:\PycharmProjects\Alcohol Detection\dataset\Grupo_5\E_5_7\LG\E_5_7_3\E_5_7_3_R_10\via_region_data.json
E_5_7_3_R_F_N_N_1994_9_2017.bmp308278,Alcohol,C:\PycharmProjects\Alcohol Detection\dataset\Grupo_5\E_5_7\LG\E_5_7_3\E_5_7_3_R_10\via_region_data.json
E_5_7_4_L_F_N_N_1994_0_2017.bmp308278,Non-Alcohol,C:\PycharmProjects\Alcohol Detection\dataset\Grupo_5\E_5_7\LG\E_5_7_4\E_5_7_4_R_10\via_region_data.json
E_5_7_4_L_F_N_N_1994_1_2017.bmp308278,Alcohol,C:\PycharmProjects\Alcohol Detection\dataset\Grupo_5\E_5_7\LG\E_5_7_4\E_5_7_4_R_10\via_region_data.json
E_5_7_4_L_F_N_N_1994_2_2017.bmp308278,Alcohol,C:\PycharmProjects\Alcohol Detection\dataset\Grupo_5\E_5_7\LG\E_5_7_4\E_5_7_4_R_10\via_region_data.json
E_5_7_4_L_F_N_N_1994_3_2017.bmp308278,Alcohol,C:\PycharmProjects\Alcohol Detection\dataset\Grupo_5\E_5_7\LG\E_5_7_4\E_5_7_4_R_10\via_region_data.json
E_5_7_4_L_F_N_N_1994_4_2017.bmp308278,Alcohol,C:\PycharmProjects\Alcohol Detection\dataset\Grupo_5\E_5_7\LG\E_5_7_4\E_5_7_4_R_10\via_region_data.json
E_5_7_4_L_F_N_N_1994_5_2017.bmp308278,Alcohol,C:\PycharmProjects\Alcohol Detection\dataset\Grupo_5\E_5_7\LG\E_5_7_4\E_5_7_4_R_10\via_region_data.json
E_5_7_4_L_F_N_N_1994_6_2017.bmp308278,Alcohol,C:\PycharmProjects\Alcohol Detection\dataset\Grupo_5\E_5_7\LG\E_5_7_4\E_5_7_4_R_10\via_region_data.json
E_5_7_4_L_F_N_N_1994_7_2017.bmp308278,Alcohol,C:\PycharmProjects\Alcohol Detection\dataset\Grupo_5\E_5_7\LG\E_5_7_4\E_5_7_4_R_10\via_region_data.json
E_5_7_4_L_F_N_N_1994_8_2017.bmp308278,Alcohol,C:\PycharmProjects\Alcohol Detection\dataset\Grupo_5\E_5_7\LG\E_5_7_4\E_5_7_4_R_10\via_region_data.json
E_5_7_4_L_F_N_N_1994_9_2017.bmp308278,Alcohol,C:\PycharmProjects\Alcohol Detection\dataset\Grupo_5\E_5_7\LG\E_5_7_4\E_5_7_4_R_10\via_region_data.json
E_5_7_4_R_F_N_N_1994_0_2017.bmp308278,Non-Alcohol,C:\PycharmProjects\Alcohol Detection\dataset\Grupo_5\E_5_7\LG\E_5_7_4\E_5_7_4_R_10\via_region_data.json
E_5_7_4_R_F_N_N_1994_1_2017.bmp308278,Alcohol,C:\PycharmProjects\Alcohol Detection\dataset\Grupo_5\E_5_7\LG\E_5_7_4\E_5_7_4_R_10\via_region_data.json
E_5_7_4_R_F_N_N_1994_2_2017.bmp308278,Alcohol,C:\PycharmProjects\Alcohol Detection\dataset\Grupo_5\E_5_7\LG\E_5_7_4\E_5_7_4_R_10\via_region_data.json
E_5_7_4_R_F_N_N_1994_3_2017.bmp308278,Alcohol,C:\PycharmProjects\Alcohol Detection\dataset\Grupo_5\E_5_7\LG\E_5_7_4\E_5_7_4_R_10\via_region_data.json
E_5_7_4_R_F_N_N_1994_4_2017.bmp308278,Alcohol,C:\PycharmProjects\Alcohol Detection\dataset\Grupo_5\E_5_7\LG\E_5_7_4\E_5_7_4_R_10\via_region_data.json
E_5_7_4_R_F_N_N_1994_5_2017.bmp308278,Alcohol,C:\PycharmProjects\Alcohol Detection\dataset\Grupo_5\E_5_7\LG\E_5_7_4\E_5_7_4_R_10\via_region_data.json
E_5_7_4_R_F_N_N_1994_6_2017.bmp308278,Alcohol,C:\PycharmProjects\Alcohol Detection\dataset\Grupo_5\E_5_7\LG\E_5_7_4\E_5_7_4_R_10\via_region_data.json
E_5_7_4_R_F_N_N_1994_7_2017.bmp308278,Alcohol,C:\PycharmProjects\Alcohol Detection\dataset\Grupo_5\E_5_7\LG\E_5_7_4\E_5_7_4_R_10\via_region_data.json
E_5_7_4_R_F_N_N_1994_8_2017.bmp308278,Alcohol,C:\PycharmProjects\Alcohol Detection\dataset\Grupo_5\E_5_7\LG\E_5_7_4\E_5_7_4_R_10\via_region_data.json
E_5_7_4_R_F_N_N_1994_9_2017.bmp308278,Alcohol,C:\PycharmProjects\Alcohol Detection\dataset\Grupo_5\E_5_7\LG\E_5_7_4\E_5_7_4_R_10\via_region_data.json
